alg,SUT,rep,# unix_time, unique_crashes, unique_hangs, execs_per_sec
AFLfast,pngtest,14,1624551131, 0, 0, 8.88
AFLfast,pngtest,14,1624555210, 0, 1, 5.65
AFLfast,pngtest,14,1624555926, 0, 1, 4.48
AFLfast,pngtest,14,1624561224, 0, 1, 9.11
AFLfast,pngtest,14,1624565022, 0, 1, 16.02
AFLfast,pngtest,14,1624567170, 0, 1, 18.74
AFLfast,pngtest,14,1624568010, 0, 1, 19.91
AFLfast,pngtest,14,1624568373, 0, 1, 20.03
AFLfast,pngtest,14,1624568701, 0, 1, 19.85
AFLfast,pngtest,14,1624570429, 0, 1, 19.00
AFLfast,pngtest,14,1624571048, 0, 1, 19.04
AFLfast,pngtest,14,1624572077, 0, 1, 19.90
AFLfast,pngtest,14,1624574036, 0, 1, 19.24
AFLfast,pngtest,14,1624574770, 0, 1, 19.07
AFLfast,pngtest,14,1624579165, 0, 1, 15.25
AFLfast,pngtest,14,1624583518, 0, 1, 18.39
AFLfast,pngtest,14,1624587846, 0, 1, 17.34
AFLfast,pngtest,14,1624590603, 0, 1, 18.83
AFLfast,pngtest,14,1624591319, 0, 1, 19.74
AFLfast,pngtest,14,1624593892, 0, 1, 19.61
AFLfast,pngtest,14,1624595927, 0, 1, 19.08
AFLfast,pngtest,14,1624596368, 0, 1, 19.72
AFLfast,pngtest,14,1624598842, 0, 1, 0.00
AFLfast,pngtest,14,1624598847, 0, 1, 0.00
AFLfast,pngtest,14,1624598852, 0, 1, 0.00
AFLfast,pngtest,14,1624598857, 0, 1, 0.00
AFLfast,pngtest,14,1624598862, 0, 1, 0.00
AFLfast,pngtest,14,1624598868, 0, 1, 0.00
AFLfast,pngtest,14,1624598873, 0, 1, 0.00
AFLfast,pngtest,14,1624598878, 0, 1, 0.00
AFLfast,pngtest,14,1624598883, 0, 1, 0.00
AFLfast,pngtest,14,1624598888, 0, 1, 0.00
AFLfast,pngtest,14,1624598893, 0, 1, 0.00
AFLfast,pngtest,14,1624598898, 0, 1, 0.00
AFLfast,pngtest,14,1624598904, 0, 1, 0.00
AFLfast,pngtest,14,1624598909, 0, 1, 0.00
AFLfast,pngtest,14,1624598914, 0, 1, 0.00
AFLfast,pngtest,14,1624598919, 0, 1, 0.00
AFLfast,pngtest,14,1624598924, 0, 1, 0.00
AFLfast,pngtest,14,1624598929, 0, 1, 0.00
AFLfast,pngtest,14,1624598934, 0, 1, 0.00
AFLfast,pngtest,14,1624598939, 0, 1, 0.00
AFLfast,pngtest,14,1624598944, 0, 1, 0.00
AFLfast,pngtest,14,1624598950, 0, 1, 0.00
AFLfast,pngtest,14,1624598955, 0, 1, 0.00
AFLfast,pngtest,14,1624598960, 0, 1, 0.00
AFLfast,pngtest,14,1624598965, 0, 1, 0.00
AFLfast,pngtest,14,1624598970, 0, 1, 0.00
AFLfast,pngtest,14,1624598975, 0, 1, 0.00
AFLfast,pngtest,14,1624598980, 0, 1, 0.00
AFLfast,pngtest,14,1624598985, 0, 1, 0.00
AFLfast,pngtest,14,1624598991, 0, 1, 0.00
AFLfast,pngtest,14,1624598996, 0, 1, 0.00
AFLfast,pngtest,14,1624599001, 0, 1, 0.00
AFLfast,pngtest,14,1624599006, 0, 1, 0.00
AFLfast,pngtest,14,1624599011, 0, 1, 0.00
AFLfast,pngtest,14,1624599016, 0, 1, 0.00
AFLfast,pngtest,14,1624599021, 0, 1, 0.00
AFLfast,pngtest,14,1624599027, 0, 1, 0.00
AFLfast,pngtest,14,1624599032, 0, 1, 0.00
AFLfast,pngtest,14,1624599037, 0, 1, 0.00
AFLfast,pngtest,14,1624599042, 0, 1, 0.00
AFLfast,pngtest,14,1624599047, 0, 1, 0.00
AFLfast,pngtest,14,1624599053, 0, 1, 0.00
AFLfast,pngtest,14,1624599058, 0, 1, 0.00
AFLfast,pngtest,14,1624599063, 0, 1, 0.00
AFLfast,pngtest,14,1624599068, 0, 1, 0.00
AFLfast,pngtest,14,1624599073, 0, 1, 0.00
AFLfast,pngtest,14,1624599078, 0, 1, 0.00
AFLfast,pngtest,14,1624599083, 0, 1, 0.00
AFLfast,pngtest,14,1624599088, 0, 1, 0.00
AFLfast,pngtest,14,1624599094, 0, 1, 0.00
AFLfast,pngtest,14,1624599099, 0, 1, 0.00
AFLfast,pngtest,14,1624599104, 0, 1, 0.00
AFLfast,pngtest,14,1624599109, 0, 1, 0.00
AFLfast,pngtest,14,1624599114, 0, 1, 0.00
AFLfast,pngtest,14,1624599119, 0, 1, 0.00
AFLfast,pngtest,14,1624599124, 0, 1, 0.00
AFLfast,pngtest,14,1624599129, 0, 1, 0.00
AFLfast,pngtest,14,1624599134, 0, 1, 0.00
AFLfast,pngtest,14,1624599140, 0, 1, 0.00
AFLfast,pngtest,14,1624599145, 0, 1, 0.00
AFLfast,pngtest,14,1624599150, 0, 1, 0.00
AFLfast,pngtest,14,1624599155, 0, 1, 0.00
AFLfast,pngtest,14,1624599160, 0, 1, 0.00
AFLfast,pngtest,14,1624599165, 0, 1, 0.00
AFLfast,pngtest,14,1624599170, 0, 1, 0.00
AFLfast,pngtest,14,1624599175, 0, 1, 0.00
AFLfast,pngtest,14,1624599181, 0, 1, 0.00
AFLfast,pngtest,14,1624599186, 0, 1, 0.00
AFLfast,pngtest,14,1624599191, 0, 1, 0.00
AFLfast,pngtest,14,1624599196, 0, 1, 0.00
AFLfast,pngtest,14,1624599201, 0, 1, 0.00
AFLfast,pngtest,14,1624599206, 0, 1, 0.00
AFLfast,pngtest,14,1624599211, 0, 1, 0.00
AFLfast,pngtest,14,1624599217, 0, 1, 0.00
AFLfast,pngtest,14,1624599222, 0, 1, 0.00
AFLfast,pngtest,14,1624599227, 0, 1, 0.00
AFLfast,pngtest,14,1624599232, 0, 1, 0.00
AFLfast,pngtest,14,1624599237, 0, 1, 0.00
AFLfast,pngtest,14,1624599243, 0, 1, 0.00
AFLfast,pngtest,14,1624599248, 0, 1, 0.00
AFLfast,pngtest,14,1624599253, 0, 1, 0.00
AFLfast,pngtest,14,1624599258, 0, 1, 0.00
AFLfast,pngtest,14,1624599263, 0, 1, 0.00
AFLfast,pngtest,14,1624599268, 0, 1, 0.00
AFLfast,pngtest,14,1624599273, 0, 1, 0.00
AFLfast,pngtest,14,1624599278, 0, 1, 0.00
AFLfast,pngtest,14,1624599284, 0, 1, 0.00
AFLfast,pngtest,14,1624599289, 0, 1, 0.00
AFLfast,pngtest,14,1624599294, 0, 1, 0.00
AFLfast,pngtest,14,1624599299, 0, 1, 0.00
AFLfast,pngtest,14,1624599304, 0, 1, 0.00
AFLfast,pngtest,14,1624599309, 0, 1, 0.00
AFLfast,pngtest,14,1624599314, 0, 1, 0.00
AFLfast,pngtest,14,1624599320, 0, 1, 0.00
AFLfast,pngtest,14,1624599325, 0, 1, 0.00
AFLfast,pngtest,14,1624599330, 0, 1, 0.00
AFLfast,pngtest,14,1624599335, 0, 1, 0.00
AFLfast,pngtest,14,1624599340, 0, 1, 0.00
AFLfast,pngtest,14,1624599345, 0, 1, 0.00
AFLfast,pngtest,14,1624599350, 0, 1, 0.00
AFLfast,pngtest,14,1624599356, 0, 1, 0.00
AFLfast,pngtest,14,1624599361, 0, 1, 0.00
AFLfast,pngtest,14,1624599366, 0, 1, 0.00
AFLfast,pngtest,14,1624599371, 0, 1, 0.00
AFLfast,pngtest,14,1624599376, 0, 1, 0.00
AFLfast,pngtest,14,1624599381, 0, 1, 0.00
AFLfast,pngtest,14,1624599387, 0, 1, 0.00
AFLfast,pngtest,14,1624599392, 0, 1, 0.00
AFLfast,pngtest,14,1624599397, 0, 1, 0.00
AFLfast,pngtest,14,1624599402, 0, 1, 0.00
AFLfast,pngtest,14,1624599407, 0, 1, 0.00
AFLfast,pngtest,14,1624599412, 0, 1, 0.00
AFLfast,pngtest,14,1624599418, 0, 1, 0.00
AFLfast,pngtest,14,1624599423, 0, 1, 0.00
AFLfast,pngtest,14,1624599428, 0, 1, 0.00
AFLfast,pngtest,14,1624599433, 0, 1, 0.00
AFLfast,pngtest,14,1624599438, 0, 1, 0.00
AFLfast,pngtest,14,1624599443, 0, 1, 0.00
AFLfast,pngtest,14,1624599448, 0, 1, 0.00
AFLfast,pngtest,14,1624599453, 0, 1, 0.00
AFLfast,pngtest,14,1624599458, 0, 1, 0.00
AFLfast,pngtest,14,1624599463, 0, 1, 0.00
AFLfast,pngtest,14,1624599469, 0, 1, 0.00
AFLfast,pngtest,14,1624599474, 0, 1, 0.00
AFLfast,pngtest,14,1624599479, 0, 1, 0.00
AFLfast,pngtest,14,1624599484, 0, 1, 0.00
AFLfast,pngtest,14,1624599489, 0, 1, 0.00
AFLfast,pngtest,14,1624599494, 0, 1, 0.00
AFLfast,pngtest,14,1624599499, 0, 1, 0.00
AFLfast,pngtest,14,1624599504, 0, 1, 0.00
AFLfast,pngtest,14,1624599510, 0, 1, 0.00
AFLfast,pngtest,14,1624599515, 0, 1, 0.00
AFLfast,pngtest,14,1624599520, 0, 1, 0.00
AFLfast,pngtest,14,1624599525, 0, 1, 0.00
AFLfast,pngtest,14,1624599530, 0, 1, 0.00
AFLfast,pngtest,14,1624599535, 0, 1, 0.00
AFLfast,pngtest,14,1624599540, 0, 1, 0.00
AFLfast,pngtest,14,1624599545, 0, 1, 0.00
AFLfast,pngtest,14,1624599551, 0, 1, 0.00
AFLfast,pngtest,14,1624599556, 0, 1, 0.00
AFLfast,pngtest,14,1624599561, 0, 1, 0.00
AFLfast,pngtest,14,1624599566, 0, 1, 0.00
AFLfast,pngtest,14,1624599571, 0, 1, 0.00
AFLfast,pngtest,14,1624599576, 0, 1, 0.00
AFLfast,pngtest,14,1624599581, 0, 1, 0.00
AFLfast,pngtest,14,1624599587, 0, 1, 0.00
AFLfast,pngtest,14,1624599592, 0, 1, 0.00
AFLfast,pngtest,14,1624599597, 0, 1, 0.00
AFLfast,pngtest,14,1624599602, 0, 1, 0.00
AFLfast,pngtest,14,1624599607, 0, 1, 0.00
AFLfast,pngtest,14,1624599613, 0, 1, 0.00
AFLfast,pngtest,14,1624599618, 0, 1, 0.00
AFLfast,pngtest,14,1624599623, 0, 1, 0.00
AFLfast,pngtest,14,1624599628, 0, 1, 0.00
AFLfast,pngtest,14,1624599634, 0, 1, 0.00
AFLfast,pngtest,14,1624599639, 0, 1, 0.00
AFLfast,pngtest,14,1624599644, 0, 1, 0.00
AFLfast,pngtest,14,1624599649, 0, 1, 0.00
AFLfast,pngtest,14,1624599654, 0, 1, 0.00
AFLfast,pngtest,14,1624599659, 0, 1, 0.00
AFLfast,pngtest,14,1624599664, 0, 1, 0.00
AFLfast,pngtest,14,1624599670, 0, 1, 0.00
AFLfast,pngtest,14,1624599675, 0, 1, 0.00
AFLfast,pngtest,14,1624599680, 0, 1, 0.00
AFLfast,pngtest,14,1624599685, 0, 1, 0.00
AFLfast,pngtest,14,1624599690, 0, 1, 0.00
AFLfast,pngtest,14,1624599696, 0, 1, 0.00
AFLfast,pngtest,14,1624599701, 0, 1, 0.00
AFLfast,pngtest,14,1624599706, 0, 1, 0.00
AFLfast,pngtest,14,1624599711, 0, 1, 0.00
AFLfast,pngtest,14,1624599716, 0, 1, 0.00
AFLfast,pngtest,14,1624599721, 0, 1, 0.00
AFLfast,pngtest,14,1624599726, 0, 1, 0.00
AFLfast,pngtest,14,1624599732, 0, 1, 0.00
AFLfast,pngtest,14,1624599737, 0, 1, 0.00
AFLfast,pngtest,14,1624599742, 0, 1, 0.00
AFLfast,pngtest,14,1624599747, 0, 1, 0.00
AFLfast,pngtest,14,1624599752, 0, 1, 0.00
AFLfast,pngtest,14,1624599757, 0, 1, 0.00
AFLfast,pngtest,14,1624599762, 0, 1, 0.00
AFLfast,pngtest,14,1624599768, 0, 1, 0.00
AFLfast,pngtest,14,1624599773, 0, 1, 0.00
AFLfast,pngtest,14,1624599778, 0, 1, 0.00
AFLfast,pngtest,14,1624599783, 0, 1, 0.00
AFLfast,pngtest,14,1624599788, 0, 1, 0.00
AFLfast,pngtest,14,1624599793, 0, 1, 0.00
AFLfast,pngtest,14,1624599798, 0, 1, 0.00
AFLfast,pngtest,14,1624599803, 0, 1, 0.00
AFLfast,pngtest,14,1624599809, 0, 1, 0.00
AFLfast,pngtest,14,1624599814, 0, 1, 0.00
AFLfast,pngtest,14,1624599819, 0, 1, 0.00
AFLfast,pngtest,14,1624599824, 0, 1, 0.00
AFLfast,pngtest,14,1624599829, 0, 1, 0.00
AFLfast,pngtest,14,1624599834, 0, 1, 0.00
AFLfast,pngtest,14,1624599840, 0, 1, 0.00
AFLfast,pngtest,14,1624599845, 0, 1, 0.00
AFLfast,pngtest,14,1624599850, 0, 1, 0.00
AFLfast,pngtest,14,1624599855, 0, 1, 0.00
AFLfast,pngtest,14,1624599860, 0, 1, 0.00
AFLfast,pngtest,14,1624599865, 0, 1, 0.00
AFLfast,pngtest,14,1624599871, 0, 1, 0.00
AFLfast,pngtest,14,1624599876, 0, 1, 0.00
AFLfast,pngtest,14,1624599881, 0, 1, 0.00
AFLfast,pngtest,14,1624599886, 0, 1, 0.00
AFLfast,pngtest,14,1624599891, 0, 1, 0.00
AFLfast,pngtest,14,1624599896, 0, 1, 0.00
AFLfast,pngtest,14,1624599902, 0, 1, 0.00
AFLfast,pngtest,14,1624599907, 0, 1, 0.00
AFLfast,pngtest,14,1624599912, 0, 1, 0.00
AFLfast,pngtest,14,1624599917, 0, 1, 0.00
AFLfast,pngtest,14,1624599922, 0, 1, 0.00
AFLfast,pngtest,14,1624599927, 0, 1, 0.00
AFLfast,pngtest,14,1624599932, 0, 1, 0.00
AFLfast,pngtest,14,1624599938, 0, 1, 0.00
AFLfast,pngtest,14,1624599943, 0, 1, 0.00
AFLfast,pngtest,14,1624599948, 0, 1, 0.00
AFLfast,pngtest,14,1624599953, 0, 1, 0.00
AFLfast,pngtest,14,1624599958, 0, 1, 0.00
AFLfast,pngtest,14,1624599963, 0, 1, 0.00
AFLfast,pngtest,14,1624599968, 0, 1, 0.00
AFLfast,pngtest,14,1624599973, 0, 1, 0.00
AFLfast,pngtest,14,1624599979, 0, 1, 0.00
AFLfast,pngtest,14,1624599984, 0, 1, 0.00
AFLfast,pngtest,14,1624599989, 0, 1, 0.00
AFLfast,pngtest,14,1624599994, 0, 1, 0.00
AFLfast,pngtest,14,1624599999, 0, 1, 0.00
AFLfast,pngtest,14,1624600004, 0, 1, 0.00
AFLfast,pngtest,14,1624600009, 0, 1, 0.00
AFLfast,pngtest,14,1624600015, 0, 1, 0.00
AFLfast,pngtest,14,1624600020, 0, 1, 0.00
AFLfast,pngtest,14,1624600025, 0, 1, 0.00
AFLfast,pngtest,14,1624600030, 0, 1, 0.00
AFLfast,pngtest,14,1624600035, 0, 1, 0.00
AFLfast,pngtest,14,1624600041, 0, 1, 0.00
AFLfast,pngtest,14,1624600046, 0, 1, 0.00
AFLfast,pngtest,14,1624600051, 0, 1, 0.00
AFLfast,pngtest,14,1624600056, 0, 1, 0.00
AFLfast,pngtest,14,1624600061, 0, 1, 0.00
AFLfast,pngtest,14,1624600066, 0, 1, 0.00
AFLfast,pngtest,14,1624600071, 0, 1, 0.00
AFLfast,pngtest,14,1624600077, 0, 1, 0.00
AFLfast,pngtest,14,1624600082, 0, 1, 0.00
AFLfast,pngtest,14,1624600087, 0, 1, 0.00
AFLfast,pngtest,14,1624600092, 0, 1, 0.00
AFLfast,pngtest,14,1624600097, 0, 1, 0.00
AFLfast,pngtest,14,1624600102, 0, 1, 0.00
AFLfast,pngtest,14,1624600107, 0, 1, 0.00
AFLfast,pngtest,14,1624600112, 0, 1, 0.00
AFLfast,pngtest,14,1624600118, 0, 1, 0.00
AFLfast,pngtest,14,1624600123, 0, 1, 0.00
AFLfast,pngtest,14,1624600128, 0, 1, 0.00
AFLfast,pngtest,14,1624600133, 0, 1, 0.00
AFLfast,pngtest,14,1624600138, 0, 1, 0.00
AFLfast,pngtest,14,1624600143, 0, 1, 0.00
AFLfast,pngtest,14,1624600148, 0, 1, 0.00
AFLfast,pngtest,14,1624600154, 0, 1, 0.00
AFLfast,pngtest,14,1624600159, 0, 1, 0.00
AFLfast,pngtest,14,1624600164, 0, 1, 0.00
AFLfast,pngtest,14,1624600169, 0, 1, 0.00
AFLfast,pngtest,14,1624600174, 0, 1, 0.00
AFLfast,pngtest,14,1624600179, 0, 1, 0.00
AFLfast,pngtest,14,1624600184, 0, 1, 0.00
AFLfast,pngtest,14,1624600189, 0, 1, 0.00
AFLfast,pngtest,14,1624600194, 0, 1, 0.00
AFLfast,pngtest,14,1624600199, 0, 1, 0.00
AFLfast,pngtest,14,1624600204, 0, 1, 0.00
AFLfast,pngtest,14,1624600210, 0, 1, 0.00
AFLfast,pngtest,14,1624600215, 0, 1, 0.00
AFLfast,pngtest,14,1624600220, 0, 1, 0.00
AFLfast,pngtest,14,1624600225, 0, 1, 0.00
AFLfast,pngtest,14,1624600230, 0, 1, 0.00
AFLfast,pngtest,14,1624600235, 0, 1, 0.00
AFLfast,pngtest,14,1624600241, 0, 1, 0.00
AFLfast,pngtest,14,1624600246, 0, 1, 0.00
AFLfast,pngtest,14,1624600251, 0, 1, 0.00
AFLfast,pngtest,14,1624600256, 0, 1, 0.00
AFLfast,pngtest,14,1624600261, 0, 1, 0.00
AFLfast,pngtest,14,1624600266, 0, 1, 0.00
AFLfast,pngtest,14,1624600271, 0, 1, 0.00
AFLfast,pngtest,14,1624600276, 0, 1, 0.00
AFLfast,pngtest,14,1624600282, 0, 1, 0.00
AFLfast,pngtest,14,1624600287, 0, 1, 0.00
AFLfast,pngtest,14,1624600292, 0, 1, 0.00
AFLfast,pngtest,14,1624600297, 0, 1, 0.00
AFLfast,pngtest,14,1624600302, 0, 1, 0.00
AFLfast,pngtest,14,1624600307, 0, 1, 0.00
AFLfast,pngtest,14,1624600312, 0, 1, 0.00
AFLfast,pngtest,14,1624600318, 0, 1, 0.00
AFLfast,pngtest,14,1624600323, 0, 1, 0.00
AFLfast,pngtest,14,1624600328, 0, 1, 0.00
AFLfast,pngtest,14,1624600333, 0, 1, 0.00
AFLfast,pngtest,14,1624600338, 0, 1, 0.00
AFLfast,pngtest,14,1624600343, 0, 1, 0.00
AFLfast,pngtest,14,1624600349, 0, 1, 0.00
AFLfast,pngtest,14,1624600354, 0, 1, 0.00
AFLfast,pngtest,14,1624600359, 0, 1, 0.00
AFLfast,pngtest,14,1624600364, 0, 1, 0.00
AFLfast,pngtest,14,1624600369, 0, 1, 0.00
AFLfast,pngtest,14,1624600374, 0, 1, 0.00
AFLfast,pngtest,14,1624600379, 0, 1, 0.00
AFLfast,pngtest,14,1624600385, 0, 1, 0.00
AFLfast,pngtest,14,1624600390, 0, 1, 0.00
AFLfast,pngtest,14,1624600395, 0, 1, 0.00
AFLfast,pngtest,14,1624600400, 0, 1, 0.00
AFLfast,pngtest,14,1624600405, 0, 1, 0.00
AFLfast,pngtest,14,1624600410, 0, 1, 0.00
AFLfast,pngtest,14,1624600415, 0, 1, 0.00
AFLfast,pngtest,14,1624600420, 0, 1, 0.00
AFLfast,pngtest,14,1624600426, 0, 1, 0.00
AFLfast,pngtest,14,1624600431, 0, 1, 0.00
AFLfast,pngtest,14,1624600436, 0, 1, 0.00
AFLfast,pngtest,14,1624600441, 0, 1, 0.00
AFLfast,pngtest,14,1624600446, 0, 1, 0.00
AFLfast,pngtest,14,1624600451, 0, 1, 0.00
AFLfast,pngtest,14,1624600456, 0, 1, 0.00
AFLfast,pngtest,14,1624600461, 0, 1, 0.00
AFLfast,pngtest,14,1624600466, 0, 1, 0.00
AFLfast,pngtest,14,1624600472, 0, 1, 0.00
AFLfast,pngtest,14,1624600477, 0, 1, 0.00
AFLfast,pngtest,14,1624600482, 0, 1, 0.00
AFLfast,pngtest,14,1624600487, 0, 1, 0.00
AFLfast,pngtest,14,1624600492, 0, 1, 0.00
AFLfast,pngtest,14,1624600497, 0, 1, 0.00
AFLfast,pngtest,14,1624600503, 0, 1, 0.00
AFLfast,pngtest,14,1624600508, 0, 1, 0.00
AFLfast,pngtest,14,1624600513, 0, 1, 0.00
AFLfast,pngtest,14,1624600518, 0, 1, 0.00
AFLfast,pngtest,14,1624600523, 0, 1, 0.00
AFLfast,pngtest,14,1624600528, 0, 1, 0.00
AFLfast,pngtest,14,1624600533, 0, 1, 0.00
AFLfast,pngtest,14,1624600538, 0, 1, 0.00
AFLfast,pngtest,14,1624600543, 0, 1, 0.00
AFLfast,pngtest,14,1624600549, 0, 1, 0.00
AFLfast,pngtest,14,1624600554, 0, 1, 0.00
AFLfast,pngtest,14,1624600559, 0, 1, 0.00
AFLfast,pngtest,14,1624600564, 0, 1, 0.00
AFLfast,pngtest,14,1624600569, 0, 1, 0.00
AFLfast,pngtest,14,1624600574, 0, 1, 0.00
AFLfast,pngtest,14,1624600579, 0, 1, 0.00
AFLfast,pngtest,14,1624600584, 0, 1, 0.00
AFLfast,pngtest,14,1624600590, 0, 1, 0.00
AFLfast,pngtest,14,1624600595, 0, 1, 0.00
AFLfast,pngtest,14,1624600600, 0, 1, 0.00
AFLfast,pngtest,14,1624600605, 0, 1, 0.00
AFLfast,pngtest,14,1624600610, 0, 1, 0.00
AFLfast,pngtest,14,1624600615, 0, 1, 0.00
AFLfast,pngtest,14,1624600620, 0, 1, 0.00
AFLfast,pngtest,14,1624600625, 0, 1, 0.00
AFLfast,pngtest,14,1624600631, 0, 1, 0.00
AFLfast,pngtest,14,1624600636, 0, 1, 0.00
AFLfast,pngtest,14,1624600641, 0, 1, 0.00
AFLfast,pngtest,14,1624600646, 0, 1, 0.00
AFLfast,pngtest,14,1624600651, 0, 1, 0.00
AFLfast,pngtest,14,1624600656, 0, 1, 0.00
AFLfast,pngtest,14,1624600661, 0, 1, 0.00
AFLfast,pngtest,14,1624600667, 0, 1, 0.00
AFLfast,pngtest,14,1624600672, 0, 1, 0.00
AFLfast,pngtest,14,1624600677, 0, 1, 0.00
AFLfast,pngtest,14,1624600682, 0, 1, 0.00
AFLfast,pngtest,14,1624600687, 0, 1, 0.00
AFLfast,pngtest,14,1624600692, 0, 1, 0.00
AFLfast,pngtest,14,1624600697, 0, 1, 0.00
AFLfast,pngtest,14,1624600702, 0, 1, 0.00
AFLfast,pngtest,14,1624600707, 0, 1, 0.00
AFLfast,pngtest,14,1624600713, 0, 1, 0.00
AFLfast,pngtest,14,1624600718, 0, 1, 0.00
AFLfast,pngtest,14,1624600723, 0, 1, 0.00
AFLfast,pngtest,14,1624600728, 0, 1, 0.00
AFLfast,pngtest,14,1624600733, 0, 1, 0.00
AFLfast,pngtest,14,1624600738, 0, 1, 0.00
AFLfast,pngtest,14,1624600743, 0, 1, 0.00
AFLfast,pngtest,14,1624600748, 0, 1, 0.00
AFLfast,pngtest,14,1624600753, 0, 1, 0.00
AFLfast,pngtest,14,1624600759, 0, 1, 0.00
AFLfast,pngtest,14,1624600764, 0, 1, 0.00
AFLfast,pngtest,14,1624600769, 0, 1, 0.00
AFLfast,pngtest,14,1624600774, 0, 1, 0.00
AFLfast,pngtest,14,1624600779, 0, 1, 0.00
AFLfast,pngtest,14,1624600784, 0, 1, 0.00
AFLfast,pngtest,14,1624600789, 0, 1, 0.00
AFLfast,pngtest,14,1624600795, 0, 1, 0.00
AFLfast,pngtest,14,1624600800, 0, 1, 0.00
AFLfast,pngtest,14,1624600805, 0, 1, 0.00
AFLfast,pngtest,14,1624600810, 0, 1, 0.00
AFLfast,pngtest,14,1624600815, 0, 1, 0.00
AFLfast,pngtest,14,1624600820, 0, 1, 0.00
AFLfast,pngtest,14,1624600825, 0, 1, 0.00
AFLfast,pngtest,14,1624600831, 0, 1, 0.00
AFLfast,pngtest,14,1624600836, 0, 1, 0.00
AFLfast,pngtest,14,1624600841, 0, 1, 0.00
AFLfast,pngtest,14,1624600846, 0, 1, 0.00
AFLfast,pngtest,14,1624600851, 0, 1, 0.00
AFLfast,pngtest,14,1624600856, 0, 1, 0.00
AFLfast,pngtest,14,1624600861, 0, 1, 0.00
AFLfast,pngtest,14,1624600866, 0, 1, 0.00
AFLfast,pngtest,14,1624600872, 0, 1, 0.00
AFLfast,pngtest,14,1624600877, 0, 1, 0.00
AFLfast,pngtest,14,1624600882, 0, 1, 0.00
AFLfast,pngtest,14,1624600887, 0, 1, 0.00
AFLfast,pngtest,14,1624600892, 0, 1, 0.00
AFLfast,pngtest,14,1624600897, 0, 1, 0.00
AFLfast,pngtest,14,1624600902, 0, 1, 0.00
AFLfast,pngtest,14,1624600907, 0, 1, 0.00
AFLfast,pngtest,14,1624600913, 0, 1, 0.00
AFLfast,pngtest,14,1624600918, 0, 1, 0.00
AFLfast,pngtest,14,1624600923, 0, 1, 0.00
AFLfast,pngtest,14,1624600928, 0, 1, 0.00
AFLfast,pngtest,14,1624600933, 0, 1, 0.00
AFLfast,pngtest,14,1624600938, 0, 1, 0.00
AFLfast,pngtest,14,1624600944, 0, 1, 0.00
AFLfast,pngtest,14,1624600949, 0, 1, 0.00
AFLfast,pngtest,14,1624600954, 0, 1, 0.00
AFLfast,pngtest,14,1624600959, 0, 1, 0.00
AFLfast,pngtest,14,1624600964, 0, 1, 0.00
AFLfast,pngtest,14,1624600969, 0, 1, 0.00
AFLfast,pngtest,14,1624600974, 0, 1, 0.00
AFLfast,pngtest,14,1624600979, 0, 1, 0.00
AFLfast,pngtest,14,1624600984, 0, 1, 0.00
AFLfast,pngtest,14,1624600990, 0, 1, 0.00
AFLfast,pngtest,14,1624600995, 0, 1, 0.00
AFLfast,pngtest,14,1624601000, 0, 1, 0.00
AFLfast,pngtest,14,1624601005, 0, 1, 0.00
AFLfast,pngtest,14,1624601010, 0, 1, 0.00
AFLfast,pngtest,14,1624601015, 0, 1, 0.00
AFLfast,pngtest,14,1624601020, 0, 1, 0.00
AFLfast,pngtest,14,1624601026, 0, 1, 0.00
AFLfast,pngtest,14,1624601031, 0, 1, 0.00
AFLfast,pngtest,14,1624601036, 0, 1, 0.00
AFLfast,pngtest,14,1624601041, 0, 1, 0.00
AFLfast,pngtest,14,1624601046, 0, 1, 0.00
AFLfast,pngtest,14,1624601051, 0, 1, 0.00
AFLfast,pngtest,14,1624601056, 0, 1, 0.00
AFLfast,pngtest,14,1624601061, 0, 1, 0.00
AFLfast,pngtest,14,1624601066, 0, 1, 0.00
AFLfast,pngtest,14,1624601071, 0, 1, 0.00
AFLfast,pngtest,14,1624601077, 0, 1, 0.00
AFLfast,pngtest,14,1624601082, 0, 1, 0.00
AFLfast,pngtest,14,1624601087, 0, 1, 0.00
AFLfast,pngtest,14,1624601092, 0, 1, 0.00
AFLfast,pngtest,14,1624601097, 0, 1, 0.00
AFLfast,pngtest,14,1624601103, 0, 1, 0.00
AFLfast,pngtest,14,1624601108, 0, 1, 0.00
AFLfast,pngtest,14,1624601113, 0, 1, 0.00
AFLfast,pngtest,14,1624601118, 0, 1, 0.00
AFLfast,pngtest,14,1624601123, 0, 1, 0.00
AFLfast,pngtest,14,1624601128, 0, 1, 0.00
AFLfast,pngtest,14,1624601133, 0, 1, 0.00
AFLfast,pngtest,14,1624601139, 0, 1, 0.00
AFLfast,pngtest,14,1624601144, 0, 1, 0.00
AFLfast,pngtest,14,1624601149, 0, 1, 0.00
AFLfast,pngtest,14,1624601154, 0, 1, 0.00
AFLfast,pngtest,14,1624601159, 0, 1, 0.00
AFLfast,pngtest,14,1624601165, 0, 1, 0.00
AFLfast,pngtest,14,1624601170, 0, 1, 0.00
AFLfast,pngtest,14,1624601175, 0, 1, 0.00
AFLfast,pngtest,14,1624601180, 0, 1, 0.00
AFLfast,pngtest,14,1624601185, 0, 1, 0.00
AFLfast,pngtest,14,1624601190, 0, 1, 0.00
AFLfast,pngtest,14,1624601196, 0, 1, 0.00
AFLfast,pngtest,14,1624601201, 0, 1, 0.00
AFLfast,pngtest,14,1624601206, 0, 1, 0.00
AFLfast,pngtest,14,1624601211, 0, 1, 0.00
AFLfast,pngtest,14,1624601216, 0, 1, 0.00
AFLfast,pngtest,14,1624601221, 0, 1, 0.00
AFLfast,pngtest,14,1624601227, 0, 1, 0.00
AFLfast,pngtest,14,1624601232, 0, 1, 0.00
AFLfast,pngtest,14,1624601237, 0, 1, 0.00
AFLfast,pngtest,14,1624601242, 0, 1, 0.00
AFLfast,pngtest,14,1624601247, 0, 1, 0.00
AFLfast,pngtest,14,1624601252, 0, 1, 0.00
AFLfast,pngtest,14,1624601257, 0, 1, 0.00
AFLfast,pngtest,14,1624601263, 0, 1, 0.00
AFLfast,pngtest,14,1624601268, 0, 1, 0.00
AFLfast,pngtest,14,1624601273, 0, 1, 0.00
AFLfast,pngtest,14,1624601278, 0, 1, 0.00
AFLfast,pngtest,14,1624601283, 0, 1, 0.00
AFLfast,pngtest,14,1624601288, 0, 1, 0.00
AFLfast,pngtest,14,1624601294, 0, 1, 0.00
AFLfast,pngtest,14,1624601299, 0, 1, 0.00
AFLfast,pngtest,14,1624601304, 0, 1, 0.00
AFLfast,pngtest,14,1624601309, 0, 1, 0.00
AFLfast,pngtest,14,1624601314, 0, 1, 0.00
AFLfast,pngtest,14,1624601319, 0, 1, 0.00
AFLfast,pngtest,14,1624601324, 0, 1, 0.00
AFLfast,pngtest,14,1624601330, 0, 1, 0.00
AFLfast,pngtest,14,1624601335, 0, 1, 0.00
AFLfast,pngtest,14,1624601340, 0, 1, 0.00
AFLfast,pngtest,14,1624601345, 0, 1, 0.00
AFLfast,pngtest,14,1624601350, 0, 1, 0.00
AFLfast,pngtest,14,1624601356, 0, 1, 0.00
AFLfast,pngtest,14,1624601361, 0, 1, 0.00
AFLfast,pngtest,14,1624601366, 0, 1, 0.00
AFLfast,pngtest,14,1624601371, 0, 1, 0.00
AFLfast,pngtest,14,1624601376, 0, 1, 0.00
AFLfast,pngtest,14,1624601381, 0, 1, 0.00
AFLfast,pngtest,14,1624601386, 0, 1, 0.00
AFLfast,pngtest,14,1624601391, 0, 1, 0.00
AFLfast,pngtest,14,1624601397, 0, 1, 0.00
AFLfast,pngtest,14,1624601402, 0, 1, 0.00
AFLfast,pngtest,14,1624601407, 0, 1, 0.00
AFLfast,pngtest,14,1624601412, 0, 1, 0.00
AFLfast,pngtest,14,1624601417, 0, 1, 0.00
AFLfast,pngtest,14,1624601422, 0, 1, 0.00
AFLfast,pngtest,14,1624601427, 0, 1, 0.00
AFLfast,pngtest,14,1624601433, 0, 1, 0.00
AFLfast,pngtest,14,1624601438, 0, 1, 0.00
AFLfast,pngtest,14,1624601443, 0, 1, 0.00
AFLfast,pngtest,14,1624601448, 0, 1, 0.00
AFLfast,pngtest,14,1624601453, 0, 1, 0.00
AFLfast,pngtest,14,1624601458, 0, 1, 0.00
AFLfast,pngtest,14,1624601464, 0, 1, 0.00
AFLfast,pngtest,14,1624601469, 0, 1, 0.00
AFLfast,pngtest,14,1624601474, 0, 1, 0.00
AFLfast,pngtest,14,1624601479, 0, 1, 0.00
AFLfast,pngtest,14,1624601484, 0, 1, 0.00
AFLfast,pngtest,14,1624601489, 0, 1, 0.00
AFLfast,pngtest,14,1624601495, 0, 1, 0.00
AFLfast,pngtest,14,1624601500, 0, 1, 0.00
AFLfast,pngtest,14,1624601505, 0, 1, 0.00
AFLfast,pngtest,14,1624601510, 0, 1, 0.00
AFLfast,pngtest,14,1624601515, 0, 1, 0.00
AFLfast,pngtest,14,1624601520, 0, 1, 0.00
AFLfast,pngtest,14,1624601525, 0, 1, 0.00
AFLfast,pngtest,14,1624601530, 0, 1, 0.00
AFLfast,pngtest,14,1624601535, 0, 1, 0.00
AFLfast,pngtest,14,1624601541, 0, 1, 0.00
AFLfast,pngtest,14,1624601546, 0, 1, 0.00
AFLfast,pngtest,14,1624601551, 0, 1, 0.00
AFLfast,pngtest,14,1624601556, 0, 1, 0.00
AFLfast,pngtest,14,1624601561, 0, 1, 0.00
AFLfast,pngtest,14,1624601566, 0, 1, 0.00
AFLfast,pngtest,14,1624601571, 0, 1, 0.00
AFLfast,pngtest,14,1624601576, 0, 1, 0.00
AFLfast,pngtest,14,1624601582, 0, 1, 0.00
AFLfast,pngtest,14,1624601587, 0, 1, 0.00
AFLfast,pngtest,14,1624601592, 0, 1, 0.00
AFLfast,pngtest,14,1624601597, 0, 1, 0.00
AFLfast,pngtest,14,1624601602, 0, 1, 0.00
AFLfast,pngtest,14,1624601607, 0, 1, 0.00
AFLfast,pngtest,14,1624601613, 0, 1, 0.00
AFLfast,pngtest,14,1624601618, 0, 1, 0.00
AFLfast,pngtest,14,1624601623, 0, 1, 0.00
AFLfast,pngtest,14,1624601628, 0, 1, 0.00
AFLfast,pngtest,14,1624601633, 0, 1, 0.00
AFLfast,pngtest,14,1624601638, 0, 1, 0.00
AFLfast,pngtest,14,1624601643, 0, 1, 0.00
AFLfast,pngtest,14,1624601648, 0, 1, 0.00
AFLfast,pngtest,14,1624601653, 0, 1, 0.00
AFLfast,pngtest,14,1624601659, 0, 1, 0.00
AFLfast,pngtest,14,1624601664, 0, 1, 0.00
AFLfast,pngtest,14,1624601669, 0, 1, 0.00
AFLfast,pngtest,14,1624601674, 0, 1, 0.00
AFLfast,pngtest,14,1624601679, 0, 1, 0.00
AFLfast,pngtest,14,1624601684, 0, 1, 0.00
AFLfast,pngtest,14,1624601689, 0, 1, 0.00
AFLfast,pngtest,14,1624601695, 0, 1, 0.00
AFLfast,pngtest,14,1624601700, 0, 1, 0.00
AFLfast,pngtest,14,1624601705, 0, 1, 0.00
AFLfast,pngtest,14,1624601710, 0, 1, 0.00
AFLfast,pngtest,14,1624601715, 0, 1, 0.00
AFLfast,pngtest,14,1624601720, 0, 1, 0.00
AFLfast,pngtest,14,1624601725, 0, 1, 0.00
AFLfast,pngtest,14,1624601730, 0, 1, 0.00
AFLfast,pngtest,14,1624601735, 0, 1, 0.00
AFLfast,pngtest,14,1624601740, 0, 1, 0.00
AFLfast,pngtest,14,1624601746, 0, 1, 0.00
AFLfast,pngtest,14,1624601751, 0, 1, 0.00
AFLfast,pngtest,14,1624601756, 0, 1, 0.00
AFLfast,pngtest,14,1624601761, 0, 1, 0.00
AFLfast,pngtest,14,1624601766, 0, 1, 0.00
AFLfast,pngtest,14,1624601771, 0, 1, 0.00
AFLfast,pngtest,14,1624601777, 0, 1, 0.00
AFLfast,pngtest,14,1624601782, 0, 1, 0.00
AFLfast,pngtest,14,1624601787, 0, 1, 0.00
AFLfast,pngtest,14,1624601792, 0, 1, 0.00
AFLfast,pngtest,14,1624601797, 0, 1, 0.00
AFLfast,pngtest,14,1624601802, 0, 1, 0.00
AFLfast,pngtest,14,1624601807, 0, 1, 0.00
AFLfast,pngtest,14,1624601812, 0, 1, 0.00
AFLfast,pngtest,14,1624601817, 0, 1, 0.00
AFLfast,pngtest,14,1624601822, 0, 1, 0.00
AFLfast,pngtest,14,1624601828, 0, 1, 0.00
AFLfast,pngtest,14,1624601833, 0, 1, 0.00
AFLfast,pngtest,14,1624601838, 0, 1, 0.00
AFLfast,pngtest,14,1624601843, 0, 1, 0.00
AFLfast,pngtest,14,1624601848, 0, 1, 0.00
AFLfast,pngtest,14,1624601853, 0, 1, 0.00
AFLfast,pngtest,14,1624601858, 0, 1, 0.00
AFLfast,pngtest,14,1624601864, 0, 1, 0.00
AFLfast,pngtest,14,1624601869, 0, 1, 0.00
AFLfast,pngtest,14,1624601874, 0, 1, 0.00
AFLfast,pngtest,14,1624601879, 0, 1, 0.00
AFLfast,pngtest,14,1624601884, 0, 1, 0.00
AFLfast,pngtest,14,1624601889, 0, 1, 0.00
AFLfast,pngtest,14,1624601895, 0, 1, 0.00
AFLfast,pngtest,14,1624601900, 0, 1, 0.00
AFLfast,pngtest,14,1624601905, 0, 1, 0.00
AFLfast,pngtest,14,1624601910, 0, 1, 0.00
AFLfast,pngtest,14,1624601915, 0, 1, 0.00
AFLfast,pngtest,14,1624601921, 0, 1, 0.00
AFLfast,pngtest,14,1624601926, 0, 1, 0.00
AFLfast,pngtest,14,1624601931, 0, 1, 0.00
AFLfast,pngtest,14,1624601936, 0, 1, 0.00
AFLfast,pngtest,14,1624601941, 0, 1, 0.00
AFLfast,pngtest,14,1624601946, 0, 1, 0.00
AFLfast,pngtest,14,1624601952, 0, 1, 0.00
AFLfast,pngtest,14,1624601957, 0, 1, 0.00
AFLfast,pngtest,14,1624601962, 0, 1, 0.00
AFLfast,pngtest,14,1624601967, 0, 1, 0.00
AFLfast,pngtest,14,1624601972, 0, 1, 0.00
AFLfast,pngtest,14,1624601977, 0, 1, 0.00
AFLfast,pngtest,14,1624601982, 0, 1, 0.00
AFLfast,pngtest,14,1624601987, 0, 1, 0.00
AFLfast,pngtest,14,1624601993, 0, 1, 0.00
AFLfast,pngtest,14,1624601998, 0, 1, 0.00
AFLfast,pngtest,14,1624602003, 0, 1, 0.00
AFLfast,pngtest,14,1624602008, 0, 1, 0.00
AFLfast,pngtest,14,1624602013, 0, 1, 0.00
AFLfast,pngtest,14,1624602018, 0, 1, 0.00
AFLfast,pngtest,14,1624602023, 0, 1, 0.00
AFLfast,pngtest,14,1624602029, 0, 1, 0.00
AFLfast,pngtest,14,1624602034, 0, 1, 0.00
AFLfast,pngtest,14,1624602039, 0, 1, 0.00
AFLfast,pngtest,14,1624602044, 0, 1, 0.00
AFLfast,pngtest,14,1624602049, 0, 1, 0.00
AFLfast,pngtest,14,1624602054, 0, 1, 0.00
AFLfast,pngtest,14,1624602059, 0, 1, 0.00
AFLfast,pngtest,14,1624602064, 0, 1, 0.00
AFLfast,pngtest,14,1624602069, 0, 1, 0.00
AFLfast,pngtest,14,1624602075, 0, 1, 0.00
AFLfast,pngtest,14,1624602080, 0, 1, 0.00
AFLfast,pngtest,14,1624602085, 0, 1, 0.00
AFLfast,pngtest,14,1624602090, 0, 1, 0.00
AFLfast,pngtest,14,1624602095, 0, 1, 0.00
AFLfast,pngtest,14,1624602100, 0, 1, 0.00
AFLfast,pngtest,14,1624602106, 0, 1, 0.00
AFLfast,pngtest,14,1624602111, 0, 1, 0.00
AFLfast,pngtest,14,1624602116, 0, 1, 0.00
AFLfast,pngtest,14,1624602121, 0, 1, 0.00
AFLfast,pngtest,14,1624602126, 0, 1, 0.00
AFLfast,pngtest,14,1624602131, 0, 1, 0.00
AFLfast,pngtest,14,1624602137, 0, 1, 0.00
AFLfast,pngtest,14,1624602142, 0, 1, 0.00
AFLfast,pngtest,14,1624602147, 0, 1, 0.00
AFLfast,pngtest,14,1624602152, 0, 1, 0.00
AFLfast,pngtest,14,1624602157, 0, 1, 0.00
AFLfast,pngtest,14,1624602162, 0, 1, 0.00
AFLfast,pngtest,14,1624602167, 0, 1, 0.00
AFLfast,pngtest,14,1624602172, 0, 1, 0.00
AFLfast,pngtest,14,1624602177, 0, 1, 0.00
AFLfast,pngtest,14,1624602183, 0, 1, 0.00
AFLfast,pngtest,14,1624602188, 0, 1, 0.00
AFLfast,pngtest,14,1624602193, 0, 1, 0.00
AFLfast,pngtest,14,1624602198, 0, 1, 0.00
AFLfast,pngtest,14,1624602203, 0, 1, 0.00
AFLfast,pngtest,14,1624602208, 0, 1, 0.00
AFLfast,pngtest,14,1624602213, 0, 1, 0.00
AFLfast,pngtest,14,1624602218, 0, 1, 0.00
AFLfast,pngtest,14,1624602223, 0, 1, 0.00
AFLfast,pngtest,14,1624602228, 0, 1, 0.00
AFLfast,pngtest,14,1624602233, 0, 1, 0.00
AFLfast,pngtest,14,1624602239, 0, 1, 0.00
AFLfast,pngtest,14,1624602244, 0, 1, 0.00
AFLfast,pngtest,14,1624602249, 0, 1, 0.00
AFLfast,pngtest,14,1624602254, 0, 1, 0.00
AFLfast,pngtest,14,1624602259, 0, 1, 0.00
AFLfast,pngtest,14,1624602264, 0, 1, 0.00
AFLfast,pngtest,14,1624602269, 0, 1, 0.00
AFLfast,pngtest,14,1624602275, 0, 1, 0.00
AFLfast,pngtest,14,1624602280, 0, 1, 0.00
AFLfast,pngtest,14,1624602285, 0, 1, 0.00
AFLfast,pngtest,14,1624602290, 0, 1, 0.00
AFLfast,pngtest,14,1624602295, 0, 1, 0.00
AFLfast,pngtest,14,1624602300, 0, 1, 0.00
AFLfast,pngtest,14,1624602305, 0, 1, 0.00
AFLfast,pngtest,14,1624602311, 0, 1, 0.00
AFLfast,pngtest,14,1624602316, 0, 1, 0.00
AFLfast,pngtest,14,1624602321, 0, 1, 0.00
AFLfast,pngtest,14,1624602326, 0, 1, 0.00
AFLfast,pngtest,14,1624602331, 0, 1, 0.00
AFLfast,pngtest,14,1624602336, 0, 1, 0.00
AFLfast,pngtest,14,1624602341, 0, 1, 0.00
AFLfast,pngtest,14,1624602346, 0, 1, 0.00
AFLfast,pngtest,14,1624602352, 0, 1, 0.00
AFLfast,pngtest,14,1624602357, 0, 1, 0.00
AFLfast,pngtest,14,1624602362, 0, 1, 0.00
AFLfast,pngtest,14,1624602367, 0, 1, 0.00
AFLfast,pngtest,14,1624602372, 0, 1, 0.00
AFLfast,pngtest,14,1624602377, 0, 1, 0.00
AFLfast,pngtest,14,1624602382, 0, 1, 0.00
AFLfast,pngtest,14,1624602388, 0, 1, 0.00
AFLfast,pngtest,14,1624602393, 0, 1, 0.00
AFLfast,pngtest,14,1624602398, 0, 1, 0.00
AFLfast,pngtest,14,1624602403, 0, 1, 0.00
AFLfast,pngtest,14,1624602408, 0, 1, 0.00
AFLfast,pngtest,14,1624602413, 0, 1, 0.00
AFLfast,pngtest,14,1624602418, 0, 1, 0.00
AFLfast,pngtest,14,1624602423, 0, 1, 0.00
AFLfast,pngtest,14,1624602429, 0, 1, 0.00
AFLfast,pngtest,14,1624602434, 0, 1, 0.00
AFLfast,pngtest,14,1624602439, 0, 1, 0.00
AFLfast,pngtest,14,1624602444, 0, 1, 0.00
AFLfast,pngtest,14,1624602449, 0, 1, 0.00
AFLfast,pngtest,14,1624602454, 0, 1, 0.00
AFLfast,pngtest,14,1624602460, 0, 1, 0.00
AFLfast,pngtest,14,1624602465, 0, 1, 0.00
AFLfast,pngtest,14,1624602470, 0, 1, 0.00
AFLfast,pngtest,14,1624602475, 0, 1, 0.00
AFLfast,pngtest,14,1624602480, 0, 1, 0.00
AFLfast,pngtest,14,1624602485, 0, 1, 0.00
AFLfast,pngtest,14,1624602490, 0, 1, 0.00
AFLfast,pngtest,14,1624602496, 0, 1, 0.00
AFLfast,pngtest,14,1624602501, 0, 1, 0.00
AFLfast,pngtest,14,1624602506, 0, 1, 0.00
AFLfast,pngtest,14,1624602511, 0, 1, 0.00
AFLfast,pngtest,14,1624602516, 0, 1, 0.00
AFLfast,pngtest,14,1624602521, 0, 1, 0.00
AFLfast,pngtest,14,1624602526, 0, 1, 0.00
AFLfast,pngtest,14,1624602531, 0, 1, 0.00
AFLfast,pngtest,14,1624602536, 0, 1, 0.00
AFLfast,pngtest,14,1624602541, 0, 1, 0.00
AFLfast,pngtest,14,1624602547, 0, 1, 0.00
AFLfast,pngtest,14,1624602552, 0, 1, 0.00
AFLfast,pngtest,14,1624602557, 0, 1, 0.00
AFLfast,pngtest,14,1624602562, 0, 1, 0.00
AFLfast,pngtest,14,1624602567, 0, 1, 0.00
AFLfast,pngtest,14,1624602572, 0, 1, 0.00
AFLfast,pngtest,14,1624602577, 0, 1, 0.00
AFLfast,pngtest,14,1624602582, 0, 1, 0.00
AFLfast,pngtest,14,1624602587, 0, 1, 0.00
AFLfast,pngtest,14,1624602593, 0, 1, 0.00
AFLfast,pngtest,14,1624602598, 0, 1, 0.00
AFLfast,pngtest,14,1624602603, 0, 1, 0.00
AFLfast,pngtest,14,1624602608, 0, 1, 0.00
AFLfast,pngtest,14,1624602613, 0, 1, 0.00
AFLfast,pngtest,14,1624602618, 0, 1, 0.00
AFLfast,pngtest,14,1624602623, 0, 1, 0.00
AFLfast,pngtest,14,1624602628, 0, 1, 0.00
AFLfast,pngtest,14,1624602634, 0, 1, 0.00
AFLfast,pngtest,14,1624602639, 0, 1, 0.00
AFLfast,pngtest,14,1624602644, 0, 1, 0.00
AFLfast,pngtest,14,1624602649, 0, 1, 0.00
AFLfast,pngtest,14,1624602655, 0, 1, 0.00
AFLfast,pngtest,14,1624602660, 0, 1, 0.00
AFLfast,pngtest,14,1624602665, 0, 1, 0.00
AFLfast,pngtest,14,1624602670, 0, 1, 0.00
AFLfast,pngtest,14,1624602675, 0, 1, 0.00
AFLfast,pngtest,14,1624602680, 0, 1, 0.00
AFLfast,pngtest,14,1624602685, 0, 1, 0.00
AFLfast,pngtest,14,1624602690, 0, 1, 0.00
AFLfast,pngtest,14,1624602695, 0, 1, 0.00
AFLfast,pngtest,14,1624602701, 0, 1, 0.00
AFLfast,pngtest,14,1624602706, 0, 1, 0.00
AFLfast,pngtest,14,1624602711, 0, 1, 0.00
AFLfast,pngtest,14,1624602716, 0, 1, 0.00
AFLfast,pngtest,14,1624602721, 0, 1, 0.00
AFLfast,pngtest,14,1624602726, 0, 1, 0.00
AFLfast,pngtest,14,1624602731, 0, 1, 0.00
AFLfast,pngtest,14,1624602737, 0, 1, 0.00
AFLfast,pngtest,14,1624602742, 0, 1, 0.00
AFLfast,pngtest,14,1624602747, 0, 1, 0.00
AFLfast,pngtest,14,1624602752, 0, 1, 0.00
AFLfast,pngtest,14,1624602757, 0, 1, 0.00
AFLfast,pngtest,14,1624602762, 0, 1, 0.00
AFLfast,pngtest,14,1624602767, 0, 1, 0.00
AFLfast,pngtest,14,1624602772, 0, 1, 0.00
AFLfast,pngtest,14,1624602777, 0, 1, 0.00
AFLfast,pngtest,14,1624602782, 0, 1, 0.00
AFLfast,pngtest,14,1624602787, 0, 1, 0.00
AFLfast,pngtest,14,1624602793, 0, 1, 0.00
AFLfast,pngtest,14,1624602798, 0, 1, 0.00
AFLfast,pngtest,14,1624602803, 0, 1, 0.00
AFLfast,pngtest,14,1624602808, 0, 1, 0.00
AFLfast,pngtest,14,1624602813, 0, 1, 0.00
AFLfast,pngtest,14,1624602818, 0, 1, 0.00
AFLfast,pngtest,14,1624602823, 0, 1, 0.00
AFLfast,pngtest,14,1624602829, 0, 1, 0.00
AFLfast,pngtest,14,1624602834, 0, 1, 0.00
AFLfast,pngtest,14,1624602839, 0, 1, 0.00
AFLfast,pngtest,14,1624602844, 0, 1, 0.00
AFLfast,pngtest,14,1624602849, 0, 1, 0.00
AFLfast,pngtest,14,1624602854, 0, 1, 0.00
AFLfast,pngtest,14,1624602859, 0, 1, 0.00
AFLfast,pngtest,14,1624602864, 0, 1, 0.00
AFLfast,pngtest,14,1624602870, 0, 1, 0.00
AFLfast,pngtest,14,1624602875, 0, 1, 0.00
AFLfast,pngtest,14,1624602880, 0, 1, 0.00
AFLfast,pngtest,14,1624602885, 0, 1, 0.00
AFLfast,pngtest,14,1624602890, 0, 1, 0.00
AFLfast,pngtest,14,1624602895, 0, 1, 0.00
AFLfast,pngtest,14,1624602900, 0, 1, 0.00
AFLfast,pngtest,14,1624602905, 0, 1, 0.00
AFLfast,pngtest,14,1624602911, 0, 1, 0.00
AFLfast,pngtest,14,1624602916, 0, 1, 0.00
AFLfast,pngtest,14,1624602921, 0, 1, 0.00
AFLfast,pngtest,14,1624602926, 0, 1, 0.00
AFLfast,pngtest,14,1624602931, 0, 1, 0.00
AFLfast,pngtest,14,1624602936, 0, 1, 0.00
AFLfast,pngtest,14,1624602941, 0, 1, 0.00
AFLfast,pngtest,14,1624602946, 0, 1, 0.00
AFLfast,pngtest,14,1624602951, 0, 1, 0.00
AFLfast,pngtest,14,1624602957, 0, 1, 0.00
AFLfast,pngtest,14,1624602962, 0, 1, 0.00
AFLfast,pngtest,14,1624602967, 0, 1, 0.00
AFLfast,pngtest,14,1624602972, 0, 1, 0.00
AFLfast,pngtest,14,1624602977, 0, 1, 0.00
AFLfast,pngtest,14,1624602982, 0, 1, 0.00
AFLfast,pngtest,14,1624602987, 0, 1, 0.00
AFLfast,pngtest,14,1624602992, 0, 1, 0.00
AFLfast,pngtest,14,1624602998, 0, 1, 0.00
AFLfast,pngtest,14,1624603003, 0, 1, 0.00
AFLfast,pngtest,14,1624603008, 0, 1, 0.00
AFLfast,pngtest,14,1624603013, 0, 1, 0.00
AFLfast,pngtest,14,1624603018, 0, 1, 0.00
AFLfast,pngtest,14,1624603023, 0, 1, 0.00
AFLfast,pngtest,14,1624603028, 0, 1, 0.00
AFLfast,pngtest,14,1624603034, 0, 1, 0.00
AFLfast,pngtest,14,1624603039, 0, 1, 0.00
AFLfast,pngtest,14,1624603044, 0, 1, 0.00
AFLfast,pngtest,14,1624603049, 0, 1, 0.00
AFLfast,pngtest,14,1624603054, 0, 1, 0.00
AFLfast,pngtest,14,1624603059, 0, 1, 0.00
AFLfast,pngtest,14,1624603064, 0, 1, 0.00
AFLfast,pngtest,14,1624603069, 0, 1, 0.00
AFLfast,pngtest,14,1624603075, 0, 1, 0.00
AFLfast,pngtest,14,1624603080, 0, 1, 0.00
AFLfast,pngtest,14,1624603085, 0, 1, 0.00
AFLfast,pngtest,14,1624603090, 0, 1, 0.00
AFLfast,pngtest,14,1624603095, 0, 1, 0.00
AFLfast,pngtest,14,1624603100, 0, 1, 0.00
AFLfast,pngtest,14,1624603106, 0, 1, 0.00
AFLfast,pngtest,14,1624603111, 0, 1, 0.00
AFLfast,pngtest,14,1624603116, 0, 1, 0.00
AFLfast,pngtest,14,1624603121, 0, 1, 0.00
AFLfast,pngtest,14,1624603126, 0, 1, 0.00
AFLfast,pngtest,14,1624603131, 0, 1, 0.00
AFLfast,pngtest,14,1624603137, 0, 1, 0.00
AFLfast,pngtest,14,1624603142, 0, 1, 0.00
AFLfast,pngtest,14,1624603147, 0, 1, 0.00
AFLfast,pngtest,14,1624603152, 0, 1, 0.00
AFLfast,pngtest,14,1624603157, 0, 1, 0.00
AFLfast,pngtest,14,1624603162, 0, 1, 0.00
AFLfast,pngtest,14,1624603167, 0, 1, 0.00
AFLfast,pngtest,14,1624603173, 0, 1, 0.00
AFLfast,pngtest,14,1624603178, 0, 1, 0.00
AFLfast,pngtest,14,1624603183, 0, 1, 0.00
AFLfast,pngtest,14,1624603188, 0, 1, 0.00
AFLfast,pngtest,14,1624603193, 0, 1, 0.00
AFLfast,pngtest,14,1624603198, 0, 1, 0.00
AFLfast,pngtest,14,1624603203, 0, 1, 0.00
AFLfast,pngtest,14,1624603208, 0, 1, 0.00
AFLfast,pngtest,14,1624603213, 0, 1, 0.00
AFLfast,pngtest,14,1624603218, 0, 1, 0.00
AFLfast,pngtest,14,1624603223, 0, 1, 0.00
AFLfast,pngtest,14,1624603228, 0, 1, 0.00
AFLfast,pngtest,14,1624603234, 0, 1, 0.00
AFLfast,pngtest,14,1624603239, 0, 1, 0.00
AFLfast,pngtest,14,1624603244, 0, 1, 0.00
AFLfast,pngtest,14,1624603249, 0, 1, 0.00
AFLfast,pngtest,14,1624603254, 0, 1, 0.00
AFLfast,pngtest,14,1624603259, 0, 1, 0.00
AFLfast,pngtest,14,1624603264, 0, 1, 0.00
AFLfast,pngtest,14,1624603270, 0, 1, 0.00
AFLfast,pngtest,14,1624603275, 0, 1, 0.00
AFLfast,pngtest,14,1624603280, 0, 1, 0.00
AFLfast,pngtest,14,1624603285, 0, 1, 0.00
AFLfast,pngtest,14,1624603290, 0, 1, 0.00
AFLfast,pngtest,14,1624603296, 0, 1, 0.00
AFLfast,pngtest,14,1624603301, 0, 1, 0.00
AFLfast,pngtest,14,1624603306, 0, 1, 0.00
AFLfast,pngtest,14,1624603311, 0, 1, 0.00
AFLfast,pngtest,14,1624603316, 0, 1, 0.00
AFLfast,pngtest,14,1624603321, 0, 1, 0.00
AFLfast,pngtest,14,1624603326, 0, 1, 0.00
AFLfast,pngtest,14,1624603331, 0, 1, 0.00
AFLfast,pngtest,14,1624603336, 0, 1, 0.00
AFLfast,pngtest,14,1624603342, 0, 1, 0.00
AFLfast,pngtest,14,1624603347, 0, 1, 0.00
AFLfast,pngtest,14,1624603352, 0, 1, 0.00
AFLfast,pngtest,14,1624603357, 0, 1, 0.00
AFLfast,pngtest,14,1624603362, 0, 1, 0.00
AFLfast,pngtest,14,1624603367, 0, 1, 0.00
AFLfast,pngtest,14,1624603372, 0, 1, 0.00
AFLfast,pngtest,14,1624603377, 0, 1, 0.00
AFLfast,pngtest,14,1624603383, 0, 1, 0.00
AFLfast,pngtest,14,1624603388, 0, 1, 0.00
AFLfast,pngtest,14,1624603393, 0, 1, 0.00
AFLfast,pngtest,14,1624603398, 0, 1, 0.00
AFLfast,pngtest,14,1624603403, 0, 1, 0.00
AFLfast,pngtest,14,1624603408, 0, 1, 0.00
AFLfast,pngtest,14,1624603413, 0, 1, 0.00
AFLfast,pngtest,14,1624603418, 0, 1, 0.00
AFLfast,pngtest,14,1624603423, 0, 1, 0.00
AFLfast,pngtest,14,1624603428, 0, 1, 0.00
AFLfast,pngtest,14,1624603434, 0, 1, 0.00
AFLfast,pngtest,14,1624603439, 0, 1, 0.00
AFLfast,pngtest,14,1624603444, 0, 1, 0.00
AFLfast,pngtest,14,1624603449, 0, 1, 0.00
AFLfast,pngtest,14,1624603454, 0, 1, 0.00
AFLfast,pngtest,14,1624603459, 0, 1, 0.00
AFLfast,pngtest,14,1624603465, 0, 1, 0.00
AFLfast,pngtest,14,1624603470, 0, 1, 0.00
AFLfast,pngtest,14,1624603475, 0, 1, 0.00
AFLfast,pngtest,14,1624603480, 0, 1, 0.00
AFLfast,pngtest,14,1624603485, 0, 1, 0.00
AFLfast,pngtest,14,1624603490, 0, 1, 0.00
AFLfast,pngtest,14,1624603495, 0, 1, 0.00
AFLfast,pngtest,14,1624603501, 0, 1, 0.00
AFLfast,pngtest,14,1624603506, 0, 1, 0.00
AFLfast,pngtest,14,1624603511, 0, 1, 0.00
AFLfast,pngtest,14,1624603516, 0, 1, 0.00
AFLfast,pngtest,14,1624603521, 0, 1, 0.00
AFLfast,pngtest,14,1624603526, 0, 1, 0.00
AFLfast,pngtest,14,1624603531, 0, 1, 0.00
AFLfast,pngtest,14,1624603537, 0, 1, 0.00
AFLfast,pngtest,14,1624603542, 0, 1, 0.00
AFLfast,pngtest,14,1624603547, 0, 1, 0.00
AFLfast,pngtest,14,1624603552, 0, 1, 0.00
AFLfast,pngtest,14,1624603557, 0, 1, 0.00
AFLfast,pngtest,14,1624603562, 0, 1, 0.00
AFLfast,pngtest,14,1624603567, 0, 1, 0.00
AFLfast,pngtest,14,1624603572, 0, 1, 0.00
AFLfast,pngtest,14,1624603577, 0, 1, 0.00
AFLfast,pngtest,14,1624603582, 0, 1, 0.00
AFLfast,pngtest,14,1624603587, 0, 1, 0.00
AFLfast,pngtest,14,1624603593, 0, 1, 0.00
AFLfast,pngtest,14,1624603598, 0, 1, 0.00
AFLfast,pngtest,14,1624603603, 0, 1, 0.00
AFLfast,pngtest,14,1624603608, 0, 1, 0.00
AFLfast,pngtest,14,1624603613, 0, 1, 0.00
AFLfast,pngtest,14,1624603618, 0, 1, 0.00
AFLfast,pngtest,14,1624603624, 0, 1, 0.00
AFLfast,pngtest,14,1624603629, 0, 1, 0.00
AFLfast,pngtest,14,1624603634, 0, 1, 0.00
AFLfast,pngtest,14,1624603639, 0, 1, 0.00
AFLfast,pngtest,14,1624603644, 0, 1, 0.00
AFLfast,pngtest,14,1624603649, 0, 1, 0.00
AFLfast,pngtest,14,1624603654, 0, 1, 0.00
AFLfast,pngtest,14,1624603659, 0, 1, 0.00
AFLfast,pngtest,14,1624603665, 0, 1, 0.00
AFLfast,pngtest,14,1624603670, 0, 1, 0.00
AFLfast,pngtest,14,1624603675, 0, 1, 0.00
AFLfast,pngtest,14,1624603680, 0, 1, 0.00
AFLfast,pngtest,14,1624603685, 0, 1, 0.00
AFLfast,pngtest,14,1624603690, 0, 1, 0.00
AFLfast,pngtest,14,1624603695, 0, 1, 0.00
AFLfast,pngtest,14,1624603700, 0, 1, 0.00
AFLfast,pngtest,14,1624603705, 0, 1, 0.00
AFLfast,pngtest,14,1624603710, 0, 1, 0.00
AFLfast,pngtest,14,1624603715, 0, 1, 0.00
AFLfast,pngtest,14,1624603720, 0, 1, 0.00
AFLfast,pngtest,14,1624603726, 0, 1, 0.00
AFLfast,pngtest,14,1624603731, 0, 1, 0.00
AFLfast,pngtest,14,1624603736, 0, 1, 0.00
AFLfast,pngtest,14,1624603741, 0, 1, 0.00
AFLfast,pngtest,14,1624603746, 0, 1, 0.00
AFLfast,pngtest,14,1624603751, 0, 1, 0.00
AFLfast,pngtest,14,1624603757, 0, 1, 0.00
AFLfast,pngtest,14,1624603762, 0, 1, 0.00
AFLfast,pngtest,14,1624603767, 0, 1, 0.00
AFLfast,pngtest,14,1624603772, 0, 1, 0.00
AFLfast,pngtest,14,1624603777, 0, 1, 0.00
AFLfast,pngtest,14,1624603782, 0, 1, 0.00
AFLfast,pngtest,14,1624603787, 0, 1, 0.00
AFLfast,pngtest,14,1624603793, 0, 1, 0.00
AFLfast,pngtest,14,1624603798, 0, 1, 0.00
AFLfast,pngtest,14,1624603803, 0, 1, 0.00
AFLfast,pngtest,14,1624603808, 0, 1, 0.00
AFLfast,pngtest,14,1624603813, 0, 1, 0.00
AFLfast,pngtest,14,1624603818, 0, 1, 0.00
AFLfast,pngtest,14,1624603824, 0, 1, 0.00
AFLfast,pngtest,14,1624603829, 0, 1, 0.00
AFLfast,pngtest,14,1624603834, 0, 1, 0.00
AFLfast,pngtest,14,1624603839, 0, 1, 0.00
AFLfast,pngtest,14,1624603844, 0, 1, 0.00
AFLfast,pngtest,14,1624603849, 0, 1, 0.00
AFLfast,pngtest,14,1624603854, 0, 1, 0.00
AFLfast,pngtest,14,1624603859, 0, 1, 0.00
AFLfast,pngtest,14,1624603864, 0, 1, 0.00
AFLfast,pngtest,14,1624603869, 0, 1, 0.00
AFLfast,pngtest,14,1624603875, 0, 1, 0.00
AFLfast,pngtest,14,1624603880, 0, 1, 0.00
AFLfast,pngtest,14,1624603885, 0, 1, 0.00
AFLfast,pngtest,14,1624603890, 0, 1, 0.00
AFLfast,pngtest,14,1624603895, 0, 1, 0.00
AFLfast,pngtest,14,1624603900, 0, 1, 0.00
AFLfast,pngtest,14,1624603905, 0, 1, 0.00
AFLfast,pngtest,14,1624603910, 0, 1, 0.00
AFLfast,pngtest,14,1624603916, 0, 1, 0.00
AFLfast,pngtest,14,1624603921, 0, 1, 0.00
AFLfast,pngtest,14,1624603926, 0, 1, 0.00
AFLfast,pngtest,14,1624603931, 0, 1, 0.00
AFLfast,pngtest,14,1624603936, 0, 1, 0.00
AFLfast,pngtest,14,1624603941, 0, 1, 0.00
AFLfast,pngtest,14,1624603946, 0, 1, 0.00
AFLfast,pngtest,14,1624603952, 0, 1, 0.00
AFLfast,pngtest,14,1624603957, 0, 1, 0.00
AFLfast,pngtest,14,1624603962, 0, 1, 0.00
AFLfast,pngtest,14,1624603967, 0, 1, 0.00
AFLfast,pngtest,14,1624603972, 0, 1, 0.00
AFLfast,pngtest,14,1624603978, 0, 1, 0.00
AFLfast,pngtest,14,1624603983, 0, 1, 0.00
AFLfast,pngtest,14,1624603988, 0, 1, 0.00
AFLfast,pngtest,14,1624603993, 0, 1, 0.00
AFLfast,pngtest,14,1624603998, 0, 1, 0.00
AFLfast,pngtest,14,1624604003, 0, 1, 0.00
AFLfast,pngtest,14,1624604008, 0, 1, 0.00
AFLfast,pngtest,14,1624604014, 0, 1, 0.00
AFLfast,pngtest,14,1624604019, 0, 1, 0.00
AFLfast,pngtest,14,1624604024, 0, 1, 0.00
AFLfast,pngtest,14,1624604029, 0, 1, 0.00
AFLfast,pngtest,14,1624604034, 0, 1, 0.00
AFLfast,pngtest,14,1624604039, 0, 1, 0.00
AFLfast,pngtest,14,1624604045, 0, 1, 0.00
AFLfast,pngtest,14,1624604050, 0, 1, 0.00
AFLfast,pngtest,14,1624604055, 0, 1, 0.00
AFLfast,pngtest,14,1624604060, 0, 1, 0.00
AFLfast,pngtest,14,1624604065, 0, 1, 0.00
AFLfast,pngtest,14,1624604070, 0, 1, 0.00
AFLfast,pngtest,14,1624604075, 0, 1, 0.00
AFLfast,pngtest,14,1624604081, 0, 1, 0.00
AFLfast,pngtest,14,1624604086, 0, 1, 0.00
AFLfast,pngtest,14,1624604091, 0, 1, 0.00
AFLfast,pngtest,14,1624604096, 0, 1, 0.00
AFLfast,pngtest,14,1624604101, 0, 1, 0.00
AFLfast,pngtest,14,1624604106, 0, 1, 0.00
AFLfast,pngtest,14,1624604112, 0, 1, 0.00
AFLfast,pngtest,14,1624604117, 0, 1, 0.00
AFLfast,pngtest,14,1624604122, 0, 1, 0.00
AFLfast,pngtest,14,1624604127, 0, 1, 0.00
AFLfast,pngtest,14,1624604132, 0, 1, 0.00
AFLfast,pngtest,14,1624604137, 0, 1, 0.00
AFLfast,pngtest,14,1624604142, 0, 1, 0.00
AFLfast,pngtest,14,1624604148, 0, 1, 0.00
AFLfast,pngtest,14,1624604153, 0, 1, 0.00
AFLfast,pngtest,14,1624604158, 0, 1, 0.00
AFLfast,pngtest,14,1624604163, 0, 1, 0.00
AFLfast,pngtest,14,1624604168, 0, 1, 0.00
AFLfast,pngtest,14,1624604173, 0, 1, 0.00
AFLfast,pngtest,14,1624604178, 0, 1, 0.00
AFLfast,pngtest,14,1624604183, 0, 1, 0.00
AFLfast,pngtest,14,1624604188, 0, 1, 0.00
AFLfast,pngtest,14,1624604193, 0, 1, 0.00
AFLfast,pngtest,14,1624604199, 0, 1, 0.00
AFLfast,pngtest,14,1624604204, 0, 1, 0.00
AFLfast,pngtest,14,1624604209, 0, 1, 0.00
AFLfast,pngtest,14,1624604214, 0, 1, 0.00
AFLfast,pngtest,14,1624604219, 0, 1, 0.00
AFLfast,pngtest,14,1624604224, 0, 1, 0.00
AFLfast,pngtest,14,1624604230, 0, 1, 0.00
AFLfast,pngtest,14,1624604235, 0, 1, 0.00
AFLfast,pngtest,14,1624604240, 0, 1, 0.00
AFLfast,pngtest,14,1624604245, 0, 1, 0.00
AFLfast,pngtest,14,1624604250, 0, 1, 0.00
AFLfast,pngtest,14,1624604255, 0, 1, 0.00
AFLfast,pngtest,14,1624604260, 0, 1, 0.00
AFLfast,pngtest,14,1624604265, 0, 1, 0.00
AFLfast,pngtest,14,1624604270, 0, 1, 0.00
AFLfast,pngtest,14,1624604275, 0, 1, 0.00
AFLfast,pngtest,14,1624604281, 0, 1, 0.00
AFLfast,pngtest,14,1624604286, 0, 1, 0.00
AFLfast,pngtest,14,1624604291, 0, 1, 0.00
AFLfast,pngtest,14,1624604296, 0, 1, 0.00
AFLfast,pngtest,14,1624604301, 0, 1, 0.00
AFLfast,pngtest,14,1624604306, 0, 1, 0.00
AFLfast,pngtest,14,1624604312, 0, 1, 0.00
AFLfast,pngtest,14,1624604317, 0, 1, 0.00
AFLfast,pngtest,14,1624604322, 0, 1, 0.00
AFLfast,pngtest,14,1624604327, 0, 1, 0.00
AFLfast,pngtest,14,1624604332, 0, 1, 0.00
AFLfast,pngtest,14,1624604337, 0, 1, 0.00
AFLfast,pngtest,14,1624604343, 0, 1, 0.00
AFLfast,pngtest,14,1624604348, 0, 1, 0.00
AFLfast,pngtest,14,1624604353, 0, 1, 0.00
AFLfast,pngtest,14,1624604358, 0, 1, 0.00
AFLfast,pngtest,14,1624604364, 0, 1, 0.00
AFLfast,pngtest,14,1624604369, 0, 1, 0.00
AFLfast,pngtest,14,1624604374, 0, 1, 0.00
AFLfast,pngtest,14,1624604379, 0, 1, 0.00
AFLfast,pngtest,14,1624604384, 0, 1, 0.00
AFLfast,pngtest,14,1624604389, 0, 1, 0.00
AFLfast,pngtest,14,1624604394, 0, 1, 0.00
AFLfast,pngtest,14,1624604400, 0, 1, 0.00
AFLfast,pngtest,14,1624604405, 0, 1, 0.00
AFLfast,pngtest,14,1624604410, 0, 1, 0.00
AFLfast,pngtest,14,1624604415, 0, 1, 0.00
AFLfast,pngtest,14,1624604420, 0, 1, 0.00
AFLfast,pngtest,14,1624604425, 0, 1, 0.00
AFLfast,pngtest,14,1624604430, 0, 1, 0.00
AFLfast,pngtest,14,1624604435, 0, 1, 0.00
AFLfast,pngtest,14,1624604440, 0, 1, 0.00
AFLfast,pngtest,14,1624604445, 0, 1, 0.00
AFLfast,pngtest,14,1624604451, 0, 1, 0.00
AFLfast,pngtest,14,1624604456, 0, 1, 0.00
AFLfast,pngtest,14,1624604461, 0, 1, 0.00
AFLfast,pngtest,14,1624604466, 0, 1, 0.00
AFLfast,pngtest,14,1624604471, 0, 1, 0.00
AFLfast,pngtest,14,1624604476, 0, 1, 0.00
AFLfast,pngtest,14,1624604481, 0, 1, 0.00
AFLfast,pngtest,14,1624604487, 0, 1, 0.00
AFLfast,pngtest,14,1624604492, 0, 1, 0.00
AFLfast,pngtest,14,1624604497, 0, 1, 0.00
AFLfast,pngtest,14,1624604502, 0, 1, 0.00
AFLfast,pngtest,14,1624604507, 0, 1, 0.00
AFLfast,pngtest,14,1624604512, 0, 1, 0.00
AFLfast,pngtest,14,1624604517, 0, 1, 0.00
AFLfast,pngtest,14,1624604523, 0, 1, 0.00
AFLfast,pngtest,14,1624604528, 0, 1, 0.00
AFLfast,pngtest,14,1624604533, 0, 1, 0.00
AFLfast,pngtest,14,1624604538, 0, 1, 0.00
AFLfast,pngtest,14,1624604543, 0, 1, 0.00
AFLfast,pngtest,14,1624604548, 0, 1, 0.00
AFLfast,pngtest,14,1624604553, 0, 1, 0.00
AFLfast,pngtest,14,1624604558, 0, 1, 0.00
AFLfast,pngtest,14,1624604564, 0, 1, 0.00
AFLfast,pngtest,14,1624604569, 0, 1, 0.00
AFLfast,pngtest,14,1624604574, 0, 1, 0.00
AFLfast,pngtest,14,1624604579, 0, 1, 0.00
AFLfast,pngtest,14,1624604584, 0, 1, 0.00
AFLfast,pngtest,14,1624604589, 0, 1, 0.00
AFLfast,pngtest,14,1624604595, 0, 1, 0.00
AFLfast,pngtest,14,1624604600, 0, 1, 0.00
AFLfast,pngtest,14,1624604605, 0, 1, 0.00
AFLfast,pngtest,14,1624604610, 0, 1, 0.00
AFLfast,pngtest,14,1624604615, 0, 1, 0.00
AFLfast,pngtest,14,1624604620, 0, 1, 0.00
AFLfast,pngtest,14,1624604625, 0, 1, 0.00
AFLfast,pngtest,14,1624604630, 0, 1, 0.00
AFLfast,pngtest,14,1624604635, 0, 1, 0.00
AFLfast,pngtest,14,1624604641, 0, 1, 0.00
AFLfast,pngtest,14,1624604646, 0, 1, 0.00
AFLfast,pngtest,14,1624604651, 0, 1, 0.00
AFLfast,pngtest,14,1624604656, 0, 1, 0.00
AFLfast,pngtest,14,1624604661, 0, 1, 0.00
AFLfast,pngtest,14,1624604666, 0, 1, 0.00
AFLfast,pngtest,14,1624604671, 0, 1, 0.00
AFLfast,pngtest,14,1624604676, 0, 1, 0.00
AFLfast,pngtest,14,1624604682, 0, 1, 0.00
AFLfast,pngtest,14,1624604687, 0, 1, 0.00
AFLfast,pngtest,14,1624604692, 0, 1, 0.00
AFLfast,pngtest,14,1624604697, 0, 1, 0.00
AFLfast,pngtest,14,1624604702, 0, 1, 0.00
AFLfast,pngtest,14,1624604707, 0, 1, 0.00
AFLfast,pngtest,14,1624604713, 0, 1, 0.00
AFLfast,pngtest,14,1624604718, 0, 1, 0.00
AFLfast,pngtest,14,1624604723, 0, 1, 0.00
AFLfast,pngtest,14,1624604728, 0, 1, 0.00
AFLfast,pngtest,14,1624604733, 0, 1, 0.00
AFLfast,pngtest,14,1624604738, 0, 1, 0.00
AFLfast,pngtest,14,1624604743, 0, 1, 0.00
AFLfast,pngtest,14,1624604748, 0, 1, 0.00
AFLfast,pngtest,14,1624604754, 0, 1, 0.00
AFLfast,pngtest,14,1624604759, 0, 1, 0.00
AFLfast,pngtest,14,1624604764, 0, 1, 0.00
AFLfast,pngtest,14,1624604769, 0, 1, 0.00
AFLfast,pngtest,14,1624604774, 0, 1, 0.00
AFLfast,pngtest,14,1624604780, 0, 1, 0.00
AFLfast,pngtest,14,1624604785, 0, 1, 0.00
AFLfast,pngtest,14,1624604790, 0, 1, 0.00
AFLfast,pngtest,14,1624604795, 0, 1, 0.00
AFLfast,pngtest,14,1624604800, 0, 1, 0.00
AFLfast,pngtest,14,1624604805, 0, 1, 0.00
AFLfast,pngtest,14,1624604810, 0, 1, 0.00
AFLfast,pngtest,14,1624604816, 0, 1, 0.00
AFLfast,pngtest,14,1624604821, 0, 1, 0.00
AFLfast,pngtest,14,1624604826, 0, 1, 0.00
AFLfast,pngtest,14,1624604831, 0, 1, 0.00
AFLfast,pngtest,14,1624604836, 0, 1, 0.00
AFLfast,pngtest,14,1624604841, 0, 1, 0.00
AFLfast,pngtest,14,1624604846, 0, 1, 0.00
AFLfast,pngtest,14,1624604852, 0, 1, 0.00
AFLfast,pngtest,14,1624604857, 0, 1, 0.00
AFLfast,pngtest,14,1624604862, 0, 1, 0.00
AFLfast,pngtest,14,1624604867, 0, 1, 0.00
AFLfast,pngtest,14,1624604872, 0, 1, 0.00
AFLfast,pngtest,14,1624604877, 0, 1, 0.00
AFLfast,pngtest,14,1624604882, 0, 1, 0.00
AFLfast,pngtest,14,1624604888, 0, 1, 0.00
AFLfast,pngtest,14,1624604893, 0, 1, 0.00
AFLfast,pngtest,14,1624604898, 0, 1, 0.00
AFLfast,pngtest,14,1624604903, 0, 1, 0.00
AFLfast,pngtest,14,1624604908, 0, 1, 0.00
AFLfast,pngtest,14,1624604913, 0, 1, 0.00
AFLfast,pngtest,14,1624604919, 0, 1, 0.00
AFLfast,pngtest,14,1624604924, 0, 1, 0.00
AFLfast,pngtest,14,1624604929, 0, 1, 0.00
AFLfast,pngtest,14,1624604934, 0, 1, 0.00
AFLfast,pngtest,14,1624604939, 0, 1, 0.00
AFLfast,pngtest,14,1624604944, 0, 1, 0.00
AFLfast,pngtest,14,1624604949, 0, 1, 0.00
AFLfast,pngtest,14,1624604954, 0, 1, 0.00
AFLfast,pngtest,14,1624604959, 0, 1, 0.00
AFLfast,pngtest,14,1624604964, 0, 1, 0.00
AFLfast,pngtest,14,1624604969, 0, 1, 0.00
AFLfast,pngtest,14,1624604974, 0, 1, 0.00
AFLfast,pngtest,14,1624604980, 0, 1, 0.00
AFLfast,pngtest,14,1624604985, 0, 1, 0.00
AFLfast,pngtest,14,1624604990, 0, 1, 0.00
AFLfast,pngtest,14,1624604995, 0, 1, 0.00
AFLfast,pngtest,14,1624605000, 0, 1, 0.00
AFLfast,pngtest,14,1624605005, 0, 1, 0.00
AFLfast,pngtest,14,1624605010, 0, 1, 0.00
AFLfast,pngtest,14,1624605015, 0, 1, 0.00
AFLfast,pngtest,14,1624605021, 0, 1, 0.00
AFLfast,pngtest,14,1624605026, 0, 1, 0.00
AFLfast,pngtest,14,1624605031, 0, 1, 0.00
AFLfast,pngtest,14,1624605036, 0, 1, 0.00
AFLfast,pngtest,14,1624605041, 0, 1, 0.00
AFLfast,pngtest,14,1624605046, 0, 1, 0.00
AFLfast,pngtest,14,1624605051, 0, 1, 0.00
AFLfast,pngtest,14,1624605057, 0, 1, 0.00
AFLfast,pngtest,14,1624605062, 0, 1, 0.00
AFLfast,pngtest,14,1624605067, 0, 1, 0.00
AFLfast,pngtest,14,1624605072, 0, 1, 0.00
AFLfast,pngtest,14,1624605077, 0, 1, 0.00
AFLfast,pngtest,14,1624605082, 0, 1, 0.00
AFLfast,pngtest,14,1624605087, 0, 1, 0.00
AFLfast,pngtest,14,1624605092, 0, 1, 0.00
AFLfast,pngtest,14,1624605097, 0, 1, 0.00
AFLfast,pngtest,14,1624605103, 0, 1, 0.00
AFLfast,pngtest,14,1624605108, 0, 1, 0.00
AFLfast,pngtest,14,1624605113, 0, 1, 0.00
AFLfast,pngtest,14,1624605118, 0, 1, 0.00
AFLfast,pngtest,14,1624605123, 0, 1, 0.00
AFLfast,pngtest,14,1624605129, 0, 1, 0.00
AFLfast,pngtest,14,1624605134, 0, 1, 0.00
AFLfast,pngtest,14,1624605139, 0, 1, 0.00
AFLfast,pngtest,14,1624605144, 0, 1, 0.00
AFLfast,pngtest,14,1624605149, 0, 1, 0.00
AFLfast,pngtest,14,1624605155, 0, 1, 0.00
AFLfast,pngtest,14,1624605160, 0, 1, 0.00
AFLfast,pngtest,14,1624605165, 0, 1, 0.00
AFLfast,pngtest,14,1624605170, 0, 1, 0.00
AFLfast,pngtest,14,1624605175, 0, 1, 0.00
AFLfast,pngtest,14,1624605181, 0, 1, 0.00
AFLfast,pngtest,14,1624605186, 0, 1, 0.00
AFLfast,pngtest,14,1624605191, 0, 1, 0.00
AFLfast,pngtest,14,1624605196, 0, 1, 0.00
AFLfast,pngtest,14,1624605201, 0, 1, 0.00
AFLfast,pngtest,14,1624605206, 0, 1, 0.00
AFLfast,pngtest,14,1624605211, 0, 1, 0.00
AFLfast,pngtest,14,1624605216, 0, 1, 0.00
AFLfast,pngtest,14,1624605221, 0, 1, 0.00
AFLfast,pngtest,14,1624605226, 0, 1, 0.00
AFLfast,pngtest,14,1624605232, 0, 1, 0.00
AFLfast,pngtest,14,1624605237, 0, 1, 0.00
AFLfast,pngtest,14,1624605242, 0, 1, 0.00
AFLfast,pngtest,14,1624605247, 0, 1, 0.00
AFLfast,pngtest,14,1624605252, 0, 1, 0.00
AFLfast,pngtest,14,1624605257, 0, 1, 0.00
AFLfast,pngtest,14,1624605262, 0, 1, 0.00
AFLfast,pngtest,14,1624605267, 0, 1, 0.00
AFLfast,pngtest,14,1624605272, 0, 1, 0.00
AFLfast,pngtest,14,1624605277, 0, 1, 0.00
AFLfast,pngtest,14,1624605282, 0, 1, 0.00
AFLfast,pngtest,14,1624605287, 0, 1, 0.00
AFLfast,pngtest,14,1624605292, 0, 1, 0.00
AFLfast,pngtest,14,1624605297, 0, 1, 0.00
AFLfast,pngtest,14,1624605302, 0, 1, 0.00
AFLfast,pngtest,14,1624605308, 0, 1, 0.00
AFLfast,pngtest,14,1624605313, 0, 1, 0.00
AFLfast,pngtest,14,1624605318, 0, 1, 0.00
AFLfast,pngtest,14,1624605323, 0, 1, 0.00
AFLfast,pngtest,14,1624605328, 0, 1, 0.00
AFLfast,pngtest,14,1624605333, 0, 1, 0.00
AFLfast,pngtest,14,1624605339, 0, 1, 0.00
AFLfast,pngtest,14,1624605344, 0, 1, 0.00
AFLfast,pngtest,14,1624605349, 0, 1, 0.00
AFLfast,pngtest,14,1624605354, 0, 1, 0.00
AFLfast,pngtest,14,1624605359, 0, 1, 0.00
AFLfast,pngtest,14,1624605364, 0, 1, 0.00
AFLfast,pngtest,14,1624605369, 0, 1, 0.00
AFLfast,pngtest,14,1624605374, 0, 1, 0.00
AFLfast,pngtest,14,1624605380, 0, 1, 0.00
AFLfast,pngtest,14,1624605385, 0, 1, 0.00
AFLfast,pngtest,14,1624605390, 0, 1, 0.00
AFLfast,pngtest,14,1624605395, 0, 1, 0.00
AFLfast,pngtest,14,1624605400, 0, 1, 0.00
AFLfast,pngtest,14,1624605405, 0, 1, 0.00
AFLfast,pngtest,14,1624605410, 0, 1, 0.00
AFLfast,pngtest,14,1624605415, 0, 1, 0.00
AFLfast,pngtest,14,1624605420, 0, 1, 0.00
AFLfast,pngtest,14,1624605426, 0, 1, 0.00
AFLfast,pngtest,14,1624605431, 0, 1, 0.00
AFLfast,pngtest,14,1624605436, 0, 1, 0.00
AFLfast,pngtest,14,1624605441, 0, 1, 0.00
AFLfast,pngtest,14,1624605446, 0, 1, 0.00
AFLfast,pngtest,14,1624605451, 0, 1, 0.00
AFLfast,pngtest,14,1624605456, 0, 1, 0.00
AFLfast,pngtest,14,1624605462, 0, 1, 0.00
AFLfast,pngtest,14,1624605467, 0, 1, 0.00
AFLfast,pngtest,14,1624605472, 0, 1, 0.00
AFLfast,pngtest,14,1624605477, 0, 1, 0.00
AFLfast,pngtest,14,1624605482, 0, 1, 0.00
AFLfast,pngtest,14,1624605487, 0, 1, 0.00
AFLfast,pngtest,14,1624605492, 0, 1, 0.00
AFLfast,pngtest,14,1624605497, 0, 1, 0.00
AFLfast,pngtest,14,1624605503, 0, 1, 0.00
AFLfast,pngtest,14,1624605508, 0, 1, 0.00
AFLfast,pngtest,14,1624605513, 0, 1, 0.00
AFLfast,pngtest,14,1624605518, 0, 1, 0.00
AFLfast,pngtest,14,1624605523, 0, 1, 0.00
AFLfast,pngtest,14,1624605528, 0, 1, 0.00
AFLfast,pngtest,14,1624605534, 0, 1, 0.00
AFLfast,pngtest,14,1624605539, 0, 1, 0.00
AFLfast,pngtest,14,1624605544, 0, 1, 0.00
AFLfast,pngtest,14,1624605549, 0, 1, 0.00
AFLfast,pngtest,14,1624605554, 0, 1, 0.00
AFLfast,pngtest,14,1624605559, 0, 1, 0.00
AFLfast,pngtest,14,1624605564, 0, 1, 0.00
AFLfast,pngtest,14,1624605569, 0, 1, 0.00
AFLfast,pngtest,14,1624605575, 0, 1, 0.00
AFLfast,pngtest,14,1624605580, 0, 1, 0.00
AFLfast,pngtest,14,1624605585, 0, 1, 0.00
AFLfast,pngtest,14,1624605590, 0, 1, 0.00
AFLfast,pngtest,14,1624605595, 0, 1, 0.00
AFLfast,pngtest,14,1624605600, 0, 1, 0.00
AFLfast,pngtest,14,1624605605, 0, 1, 0.00
AFLfast,pngtest,14,1624605611, 0, 1, 0.00
AFLfast,pngtest,14,1624605616, 0, 1, 0.00
AFLfast,pngtest,14,1624605621, 0, 1, 0.00
AFLfast,pngtest,14,1624605626, 0, 1, 0.00
AFLfast,pngtest,14,1624605631, 0, 1, 0.00
AFLfast,pngtest,14,1624605636, 0, 1, 0.00
AFLfast,pngtest,14,1624605642, 0, 1, 0.00
AFLfast,pngtest,14,1624605647, 0, 1, 0.00
AFLfast,pngtest,14,1624605652, 0, 1, 0.00
AFLfast,pngtest,14,1624605657, 0, 1, 0.00
AFLfast,pngtest,14,1624605663, 0, 1, 0.00
AFLfast,pngtest,14,1624605668, 0, 1, 0.00
AFLfast,pngtest,14,1624605673, 0, 1, 0.00
AFLfast,pngtest,14,1624605678, 0, 1, 0.00
AFLfast,pngtest,14,1624605683, 0, 1, 0.00
AFLfast,pngtest,14,1624605688, 0, 1, 0.00
AFLfast,pngtest,14,1624605693, 0, 1, 0.00
AFLfast,pngtest,14,1624605698, 0, 1, 0.00
AFLfast,pngtest,14,1624605703, 0, 1, 0.00
AFLfast,pngtest,14,1624605708, 0, 1, 0.00
AFLfast,pngtest,14,1624605713, 0, 1, 0.00
AFLfast,pngtest,14,1624605718, 0, 1, 0.00
AFLfast,pngtest,14,1624605723, 0, 1, 0.00
AFLfast,pngtest,14,1624605729, 0, 1, 0.00
AFLfast,pngtest,14,1624605734, 0, 1, 0.00
AFLfast,pngtest,14,1624605739, 0, 1, 0.00
AFLfast,pngtest,14,1624605744, 0, 1, 0.00
AFLfast,pngtest,14,1624605749, 0, 1, 0.00
AFLfast,pngtest,14,1624605755, 0, 1, 0.00
AFLfast,pngtest,14,1624605760, 0, 1, 0.00
AFLfast,pngtest,14,1624605765, 0, 1, 0.00
AFLfast,pngtest,14,1624605770, 0, 1, 0.00
AFLfast,pngtest,14,1624605775, 0, 1, 0.00
AFLfast,pngtest,14,1624605780, 0, 1, 0.00
AFLfast,pngtest,14,1624605786, 0, 1, 0.00
AFLfast,pngtest,14,1624605791, 0, 1, 0.00
AFLfast,pngtest,14,1624605796, 0, 1, 0.00
AFLfast,pngtest,14,1624605801, 0, 1, 0.00
AFLfast,pngtest,14,1624605806, 0, 1, 0.00
AFLfast,pngtest,14,1624605811, 0, 1, 0.00
AFLfast,pngtest,14,1624605817, 0, 1, 0.00
AFLfast,pngtest,14,1624605822, 0, 1, 0.00
AFLfast,pngtest,14,1624605827, 0, 1, 0.00
AFLfast,pngtest,14,1624605832, 0, 1, 0.00
AFLfast,pngtest,14,1624605837, 0, 1, 0.00
AFLfast,pngtest,14,1624605842, 0, 1, 0.00
AFLfast,pngtest,14,1624605847, 0, 1, 0.00
AFLfast,pngtest,14,1624605852, 0, 1, 0.00
AFLfast,pngtest,14,1624605858, 0, 1, 0.00
AFLfast,pngtest,14,1624605863, 0, 1, 0.00
AFLfast,pngtest,14,1624605868, 0, 1, 0.00
AFLfast,pngtest,14,1624605873, 0, 1, 0.00
AFLfast,pngtest,14,1624605878, 0, 1, 0.00
AFLfast,pngtest,14,1624605883, 0, 1, 0.00
AFLfast,pngtest,14,1624605888, 0, 1, 0.00
AFLfast,pngtest,14,1624605893, 0, 1, 0.00
AFLfast,pngtest,14,1624605899, 0, 1, 0.00
AFLfast,pngtest,14,1624605904, 0, 1, 0.00
AFLfast,pngtest,14,1624605909, 0, 1, 0.00
AFLfast,pngtest,14,1624605914, 0, 1, 0.00
AFLfast,pngtest,14,1624605919, 0, 1, 0.00
AFLfast,pngtest,14,1624605924, 0, 1, 0.00
AFLfast,pngtest,14,1624605929, 0, 1, 0.00
AFLfast,pngtest,14,1624605934, 0, 1, 0.00
AFLfast,pngtest,14,1624605940, 0, 1, 0.00
AFLfast,pngtest,14,1624605945, 0, 1, 0.00
AFLfast,pngtest,14,1624605950, 0, 1, 0.00
AFLfast,pngtest,14,1624605955, 0, 1, 0.00
AFLfast,pngtest,14,1624605960, 0, 1, 0.00
AFLfast,pngtest,14,1624605965, 0, 1, 0.00
AFLfast,pngtest,14,1624605970, 0, 1, 0.00
AFLfast,pngtest,14,1624605976, 0, 1, 0.00
AFLfast,pngtest,14,1624605981, 0, 1, 0.00
AFLfast,pngtest,14,1624605986, 0, 1, 0.00
AFLfast,pngtest,14,1624605991, 0, 1, 0.00
AFLfast,pngtest,14,1624605996, 0, 1, 0.00
AFLfast,pngtest,14,1624606001, 0, 1, 0.00
AFLfast,pngtest,14,1624606007, 0, 1, 0.00
AFLfast,pngtest,14,1624606012, 0, 1, 0.00
AFLfast,pngtest,14,1624606017, 0, 1, 0.00
AFLfast,pngtest,14,1624606022, 0, 1, 0.00
AFLfast,pngtest,14,1624606027, 0, 1, 0.00
AFLfast,pngtest,14,1624606032, 0, 1, 0.00
AFLfast,pngtest,14,1624606037, 0, 1, 0.00
AFLfast,pngtest,14,1624606042, 0, 1, 0.00
AFLfast,pngtest,14,1624606048, 0, 1, 0.00
AFLfast,pngtest,14,1624606053, 0, 1, 0.00
AFLfast,pngtest,14,1624606058, 0, 1, 0.00
AFLfast,pngtest,14,1624606063, 0, 1, 0.00
AFLfast,pngtest,14,1624606068, 0, 1, 0.00
AFLfast,pngtest,14,1624606073, 0, 1, 0.00
AFLfast,pngtest,14,1624606078, 0, 1, 0.00
AFLfast,pngtest,14,1624606083, 0, 1, 0.00
AFLfast,pngtest,14,1624606088, 0, 1, 0.00
AFLfast,pngtest,14,1624606093, 0, 1, 0.00
AFLfast,pngtest,14,1624606099, 0, 1, 0.00
AFLfast,pngtest,14,1624606104, 0, 1, 0.00
AFLfast,pngtest,14,1624606109, 0, 1, 0.00
AFLfast,pngtest,14,1624606114, 0, 1, 0.00
AFLfast,pngtest,14,1624606119, 0, 1, 0.00
AFLfast,pngtest,14,1624606124, 0, 1, 0.00
AFLfast,pngtest,14,1624606129, 0, 1, 0.00
AFLfast,pngtest,14,1624606135, 0, 1, 0.00
AFLfast,pngtest,14,1624606140, 0, 1, 0.00
AFLfast,pngtest,14,1624606145, 0, 1, 0.00
AFLfast,pngtest,14,1624606150, 0, 1, 0.00
AFLfast,pngtest,14,1624606155, 0, 1, 0.00
AFLfast,pngtest,14,1624606160, 0, 1, 0.00
AFLfast,pngtest,14,1624606165, 0, 1, 0.00
AFLfast,pngtest,14,1624606170, 0, 1, 0.00
AFLfast,pngtest,14,1624606176, 0, 1, 0.00
AFLfast,pngtest,14,1624606181, 0, 1, 0.00
AFLfast,pngtest,14,1624606186, 0, 1, 0.00
AFLfast,pngtest,14,1624606191, 0, 1, 0.00
AFLfast,pngtest,14,1624606196, 0, 1, 0.00
AFLfast,pngtest,14,1624606201, 0, 1, 0.00
AFLfast,pngtest,14,1624606206, 0, 1, 0.00
AFLfast,pngtest,14,1624606211, 0, 1, 0.00
AFLfast,pngtest,14,1624606216, 0, 1, 0.00
AFLfast,pngtest,14,1624606222, 0, 1, 0.00
AFLfast,pngtest,14,1624606227, 0, 1, 0.00
AFLfast,pngtest,14,1624606232, 0, 1, 0.00
AFLfast,pngtest,14,1624606237, 0, 1, 0.00
AFLfast,pngtest,14,1624606242, 0, 1, 0.00
AFLfast,pngtest,14,1624606247, 0, 1, 0.00
AFLfast,pngtest,14,1624606252, 0, 1, 0.00
AFLfast,pngtest,14,1624606258, 0, 1, 0.00
AFLfast,pngtest,14,1624606263, 0, 1, 0.00
AFLfast,pngtest,14,1624606268, 0, 1, 0.00
AFLfast,pngtest,14,1624606273, 0, 1, 0.00
AFLfast,pngtest,14,1624606278, 0, 1, 0.00
AFLfast,pngtest,14,1624606283, 0, 1, 0.00
AFLfast,pngtest,14,1624606288, 0, 1, 0.00
AFLfast,pngtest,14,1624606293, 0, 1, 0.00
AFLfast,pngtest,14,1624606299, 0, 1, 0.00
AFLfast,pngtest,14,1624606304, 0, 1, 0.00
AFLfast,pngtest,14,1624606309, 0, 1, 0.00
AFLfast,pngtest,14,1624606314, 0, 1, 0.00
AFLfast,pngtest,14,1624606319, 0, 1, 0.00
AFLfast,pngtest,14,1624606325, 0, 1, 0.00
AFLfast,pngtest,14,1624606330, 0, 1, 0.00
AFLfast,pngtest,14,1624606335, 0, 1, 0.00
AFLfast,pngtest,14,1624606340, 0, 1, 0.00
AFLfast,pngtest,14,1624606345, 0, 1, 0.00
AFLfast,pngtest,14,1624606350, 0, 1, 0.00
AFLfast,pngtest,14,1624606355, 0, 1, 0.00
AFLfast,pngtest,14,1624606361, 0, 1, 0.00
AFLfast,pngtest,14,1624606366, 0, 1, 0.00
AFLfast,pngtest,14,1624606371, 0, 1, 0.00
AFLfast,pngtest,14,1624606376, 0, 1, 0.00
AFLfast,pngtest,14,1624606381, 0, 1, 0.00
AFLfast,pngtest,14,1624606387, 0, 1, 0.00
AFLfast,pngtest,14,1624606392, 0, 1, 0.00
AFLfast,pngtest,14,1624606397, 0, 1, 0.00
AFLfast,pngtest,14,1624606402, 0, 1, 0.00
AFLfast,pngtest,14,1624606407, 0, 1, 0.00
AFLfast,pngtest,14,1624606412, 0, 1, 0.00
AFLfast,pngtest,14,1624606417, 0, 1, 0.00
AFLfast,pngtest,14,1624606423, 0, 1, 0.00
AFLfast,pngtest,14,1624606428, 0, 1, 0.00
AFLfast,pngtest,14,1624606433, 0, 1, 0.00
AFLfast,pngtest,14,1624606438, 0, 1, 0.00
AFLfast,pngtest,14,1624606443, 0, 1, 0.00
AFLfast,pngtest,14,1624606448, 0, 1, 0.00
AFLfast,pngtest,14,1624606453, 0, 1, 0.00
AFLfast,pngtest,14,1624606459, 0, 1, 0.00
AFLfast,pngtest,14,1624606464, 0, 1, 0.00
AFLfast,pngtest,14,1624606469, 0, 1, 0.00
AFLfast,pngtest,14,1624606474, 0, 1, 0.00
AFLfast,pngtest,14,1624606479, 0, 1, 0.00
AFLfast,pngtest,14,1624606484, 0, 1, 0.00
AFLfast,pngtest,14,1624606490, 0, 1, 0.00
AFLfast,pngtest,14,1624606495, 0, 1, 0.00
AFLfast,pngtest,14,1624606500, 0, 1, 0.00
AFLfast,pngtest,14,1624606505, 0, 1, 0.00
AFLfast,pngtest,14,1624606510, 0, 1, 0.00
AFLfast,pngtest,14,1624606515, 0, 1, 0.00
AFLfast,pngtest,14,1624606520, 0, 1, 0.00
AFLfast,pngtest,14,1624606525, 0, 1, 0.00
AFLfast,pngtest,14,1624606530, 0, 1, 0.00
AFLfast,pngtest,14,1624606536, 0, 1, 0.00
AFLfast,pngtest,14,1624606541, 0, 1, 0.00
AFLfast,pngtest,14,1624606546, 0, 1, 0.00
AFLfast,pngtest,14,1624606551, 0, 1, 0.00
AFLfast,pngtest,14,1624606556, 0, 1, 0.00
AFLfast,pngtest,14,1624606561, 0, 1, 0.00
AFLfast,pngtest,14,1624606566, 0, 1, 0.00
AFLfast,pngtest,14,1624606571, 0, 1, 0.00
AFLfast,pngtest,14,1624606577, 0, 1, 0.00
AFLfast,pngtest,14,1624606582, 0, 1, 0.00
AFLfast,pngtest,14,1624606587, 0, 1, 0.00
AFLfast,pngtest,14,1624606592, 0, 1, 0.00
AFLfast,pngtest,14,1624606597, 0, 1, 0.00
AFLfast,pngtest,14,1624606602, 0, 1, 0.00
AFLfast,pngtest,14,1624606607, 0, 1, 0.00
AFLfast,pngtest,14,1624606612, 0, 1, 0.00
AFLfast,pngtest,14,1624606617, 0, 1, 0.00
AFLfast,pngtest,14,1624606623, 0, 1, 0.00
AFLfast,pngtest,14,1624606628, 0, 1, 0.00
AFLfast,pngtest,14,1624606633, 0, 1, 0.00
AFLfast,pngtest,14,1624606638, 0, 1, 0.00
AFLfast,pngtest,14,1624606643, 0, 1, 0.00
AFLfast,pngtest,14,1624606648, 0, 1, 0.00
AFLfast,pngtest,14,1624606653, 0, 1, 0.00
AFLfast,pngtest,14,1624606658, 0, 1, 0.00
AFLfast,pngtest,14,1624606663, 0, 1, 0.00
AFLfast,pngtest,14,1624606668, 0, 1, 0.00
AFLfast,pngtest,14,1624606674, 0, 1, 0.00
AFLfast,pngtest,14,1624606679, 0, 1, 0.00
AFLfast,pngtest,14,1624606684, 0, 1, 0.00
AFLfast,pngtest,14,1624606689, 0, 1, 0.00
AFLfast,pngtest,14,1624606694, 0, 1, 0.00
AFLfast,pngtest,14,1624606699, 0, 1, 0.00
AFLfast,pngtest,14,1624606704, 0, 1, 0.00
AFLfast,pngtest,14,1624606710, 0, 1, 0.00
AFLfast,pngtest,14,1624606715, 0, 1, 0.00
AFLfast,pngtest,14,1624606720, 0, 1, 0.00
AFLfast,pngtest,14,1624606725, 0, 1, 0.00
AFLfast,pngtest,14,1624606730, 0, 1, 0.00
AFLfast,pngtest,14,1624606735, 0, 1, 0.00
AFLfast,pngtest,14,1624606740, 0, 1, 0.00
AFLfast,pngtest,14,1624606746, 0, 1, 0.00
AFLfast,pngtest,14,1624606751, 0, 1, 0.00
AFLfast,pngtest,14,1624606756, 0, 1, 0.00
AFLfast,pngtest,14,1624606761, 0, 1, 0.00
AFLfast,pngtest,14,1624606766, 0, 1, 0.00
AFLfast,pngtest,14,1624606771, 0, 1, 0.00
AFLfast,pngtest,14,1624606776, 0, 1, 0.00
AFLfast,pngtest,14,1624606781, 0, 1, 0.00
AFLfast,pngtest,14,1624606786, 0, 1, 0.00
AFLfast,pngtest,14,1624606791, 0, 1, 0.00
AFLfast,pngtest,14,1624606796, 0, 1, 0.00
AFLfast,pngtest,14,1624606802, 0, 1, 0.00
AFLfast,pngtest,14,1624606807, 0, 1, 0.00
AFLfast,pngtest,14,1624606812, 0, 1, 0.00
AFLfast,pngtest,14,1624606817, 0, 1, 0.00
AFLfast,pngtest,14,1624606822, 0, 1, 0.00
AFLfast,pngtest,14,1624606827, 0, 1, 0.00
AFLfast,pngtest,14,1624606832, 0, 1, 0.00
AFLfast,pngtest,14,1624606838, 0, 1, 0.00
AFLfast,pngtest,14,1624606843, 0, 1, 0.00
AFLfast,pngtest,14,1624606848, 0, 1, 0.00
AFLfast,pngtest,14,1624606853, 0, 1, 0.00
AFLfast,pngtest,14,1624606858, 0, 1, 0.00
AFLfast,pngtest,14,1624606863, 0, 1, 0.00
AFLfast,pngtest,14,1624606868, 0, 1, 0.00
AFLfast,pngtest,14,1624606874, 0, 1, 0.00
AFLfast,pngtest,14,1624606879, 0, 1, 0.00
AFLfast,pngtest,14,1624606884, 0, 1, 0.00
AFLfast,pngtest,14,1624606889, 0, 1, 0.00
AFLfast,pngtest,14,1624606894, 0, 1, 0.00
AFLfast,pngtest,14,1624606899, 0, 1, 0.00
AFLfast,pngtest,14,1624606904, 0, 1, 0.00
AFLfast,pngtest,14,1624606909, 0, 1, 0.00
AFLfast,pngtest,14,1624606914, 0, 1, 0.00
AFLfast,pngtest,14,1624606920, 0, 1, 0.00
AFLfast,pngtest,14,1624606925, 0, 1, 0.00
AFLfast,pngtest,14,1624606930, 0, 1, 0.00
AFLfast,pngtest,14,1624606935, 0, 1, 0.00
AFLfast,pngtest,14,1624606940, 0, 1, 0.00
AFLfast,pngtest,14,1624606945, 0, 1, 0.00
AFLfast,pngtest,14,1624606950, 0, 1, 0.00
AFLfast,pngtest,14,1624606955, 0, 1, 0.00
AFLfast,pngtest,14,1624606961, 0, 1, 0.00
AFLfast,pngtest,14,1624606966, 0, 1, 0.00
AFLfast,pngtest,14,1624606971, 0, 1, 0.00
AFLfast,pngtest,14,1624606976, 0, 1, 0.00
AFLfast,pngtest,14,1624606981, 0, 1, 0.00
AFLfast,pngtest,14,1624606986, 0, 1, 0.00
AFLfast,pngtest,14,1624606991, 0, 1, 0.00
AFLfast,pngtest,14,1624606996, 0, 1, 0.00
AFLfast,pngtest,14,1624607001, 0, 1, 0.00
AFLfast,pngtest,14,1624607007, 0, 1, 0.00
AFLfast,pngtest,14,1624607012, 0, 1, 0.00
AFLfast,pngtest,14,1624607017, 0, 1, 0.00
AFLfast,pngtest,14,1624607022, 0, 1, 0.00
AFLfast,pngtest,14,1624607027, 0, 1, 0.00
AFLfast,pngtest,14,1624607032, 0, 1, 0.00
AFLfast,pngtest,14,1624607037, 0, 1, 0.00
AFLfast,pngtest,14,1624607042, 0, 1, 0.00
AFLfast,pngtest,14,1624607047, 0, 1, 0.00
AFLfast,pngtest,14,1624607052, 0, 1, 0.00
AFLfast,pngtest,14,1624607058, 0, 1, 0.00
AFLfast,pngtest,14,1624607063, 0, 1, 0.00
AFLfast,pngtest,14,1624607068, 0, 1, 0.00
AFLfast,pngtest,14,1624607073, 0, 1, 0.00
AFLfast,pngtest,14,1624607078, 0, 1, 0.00
AFLfast,pngtest,14,1624607083, 0, 1, 0.00
AFLfast,pngtest,14,1624607088, 0, 1, 0.00
AFLfast,pngtest,14,1624607093, 0, 1, 0.00
AFLfast,pngtest,14,1624607098, 0, 1, 0.00
AFLfast,pngtest,14,1624607103, 0, 1, 0.00
AFLfast,pngtest,14,1624607108, 0, 1, 0.00
AFLfast,pngtest,14,1624607113, 0, 1, 0.00
AFLfast,pngtest,14,1624607118, 0, 1, 0.00
AFLfast,pngtest,14,1624607124, 0, 1, 0.00
AFLfast,pngtest,14,1624607129, 0, 1, 0.00
AFLfast,pngtest,14,1624607134, 0, 1, 0.00
AFLfast,pngtest,14,1624607139, 0, 1, 0.00
AFLfast,pngtest,14,1624607144, 0, 1, 0.00
AFLfast,pngtest,14,1624607149, 0, 1, 0.00
AFLfast,pngtest,14,1624607155, 0, 1, 0.00
AFLfast,pngtest,14,1624607160, 0, 1, 0.00
AFLfast,pngtest,14,1624607165, 0, 1, 0.00
AFLfast,pngtest,14,1624607170, 0, 1, 0.00
AFLfast,pngtest,14,1624607175, 0, 1, 0.00
AFLfast,pngtest,14,1624607180, 0, 1, 0.00
AFLfast,pngtest,14,1624607186, 0, 1, 0.00
AFLfast,pngtest,14,1624607191, 0, 1, 0.00
AFLfast,pngtest,14,1624607196, 0, 1, 0.00
AFLfast,pngtest,14,1624607201, 0, 1, 0.00
AFLfast,pngtest,14,1624607206, 0, 1, 0.00
AFLfast,pngtest,14,1624607211, 0, 1, 0.00
AFLfast,pngtest,14,1624607216, 0, 1, 0.00
AFLfast,pngtest,14,1624607221, 0, 1, 0.00
AFLfast,pngtest,14,1624607226, 0, 1, 0.00
AFLfast,pngtest,14,1624607231, 0, 1, 0.00
AFLfast,pngtest,14,1624607236, 0, 1, 0.00
AFLfast,pngtest,14,1624607241, 0, 1, 0.00
AFLfast,pngtest,14,1624607247, 0, 1, 0.00
AFLfast,pngtest,14,1624607252, 0, 1, 0.00
AFLfast,pngtest,14,1624607257, 0, 1, 0.00
AFLfast,pngtest,14,1624607262, 0, 1, 0.00
AFLfast,pngtest,14,1624607267, 0, 1, 0.00
AFLfast,pngtest,14,1624607272, 0, 1, 0.00
AFLfast,pngtest,14,1624607277, 0, 1, 0.00
AFLfast,pngtest,14,1624607282, 0, 1, 0.00
AFLfast,pngtest,14,1624607287, 0, 1, 0.00
AFLfast,pngtest,14,1624607293, 0, 1, 0.00
AFLfast,pngtest,14,1624607298, 0, 1, 0.00
AFLfast,pngtest,14,1624607303, 0, 1, 0.00
AFLfast,pngtest,14,1624607308, 0, 1, 0.00
AFLfast,pngtest,14,1624607313, 0, 1, 0.00
AFLfast,pngtest,14,1624607318, 0, 1, 0.00
AFLfast,pngtest,14,1624607323, 0, 1, 0.00
AFLfast,pngtest,14,1624607329, 0, 1, 0.00
AFLfast,pngtest,14,1624607334, 0, 1, 0.00
AFLfast,pngtest,14,1624607339, 0, 1, 0.00
AFLfast,pngtest,14,1624607344, 0, 1, 0.00
AFLfast,pngtest,14,1624607349, 0, 1, 0.00
AFLfast,pngtest,14,1624607354, 0, 1, 0.00
AFLfast,pngtest,14,1624607359, 0, 1, 0.00
AFLfast,pngtest,14,1624607364, 0, 1, 0.00
AFLfast,pngtest,14,1624607370, 0, 1, 0.00
AFLfast,pngtest,14,1624607375, 0, 1, 0.00
AFLfast,pngtest,14,1624607380, 0, 1, 0.00
AFLfast,pngtest,14,1624607385, 0, 1, 0.00
AFLfast,pngtest,14,1624607390, 0, 1, 0.00
AFLfast,pngtest,14,1624607395, 0, 1, 0.00
AFLfast,pngtest,14,1624607401, 0, 1, 0.00
AFLfast,pngtest,14,1624607406, 0, 1, 0.00
AFLfast,pngtest,14,1624607411, 0, 1, 0.00
AFLfast,pngtest,14,1624607416, 0, 1, 0.00
AFLfast,pngtest,14,1624607421, 0, 1, 0.00
AFLfast,pngtest,14,1624607426, 0, 1, 0.00
AFLfast,pngtest,14,1624607431, 0, 1, 0.00
AFLfast,pngtest,14,1624607437, 0, 1, 0.00
AFLfast,pngtest,14,1624607442, 0, 1, 0.00
AFLfast,pngtest,14,1624607447, 0, 1, 0.00
AFLfast,pngtest,14,1624607452, 0, 1, 0.00
AFLfast,pngtest,14,1624607457, 0, 1, 0.00
AFLfast,pngtest,14,1624607462, 0, 1, 0.00
AFLfast,pngtest,14,1624607467, 0, 1, 0.00
AFLfast,pngtest,14,1624607472, 0, 1, 0.00
AFLfast,pngtest,14,1624607477, 0, 1, 0.00
AFLfast,pngtest,14,1624607482, 0, 1, 0.00
AFLfast,pngtest,14,1624607488, 0, 1, 0.00
AFLfast,pngtest,14,1624607493, 0, 1, 0.00
AFLfast,pngtest,14,1624607498, 0, 1, 0.00
AFLfast,pngtest,14,1624607503, 0, 1, 0.00
AFLfast,pngtest,14,1624607508, 0, 1, 0.00
AFLfast,pngtest,14,1624607513, 0, 1, 0.00
AFLfast,pngtest,14,1624607518, 0, 1, 0.00
AFLfast,pngtest,14,1624607524, 0, 1, 0.00
AFLfast,pngtest,14,1624607529, 0, 1, 0.00
AFLfast,pngtest,14,1624607534, 0, 1, 0.00
AFLfast,pngtest,14,1624607539, 0, 1, 0.00
AFLfast,pngtest,14,1624607544, 0, 1, 0.00
AFLfast,pngtest,14,1624607549, 0, 1, 0.00
AFLfast,pngtest,14,1624607554, 0, 1, 0.00
AFLfast,pngtest,14,1624607559, 0, 1, 0.00
AFLfast,pngtest,14,1624607565, 0, 1, 0.00
AFLfast,pngtest,14,1624607570, 0, 1, 0.00
AFLfast,pngtest,14,1624607575, 0, 1, 0.00
AFLfast,pngtest,14,1624607580, 0, 1, 0.00
AFLfast,pngtest,14,1624607585, 0, 1, 0.00
AFLfast,pngtest,14,1624607590, 0, 1, 0.00
AFLfast,pngtest,14,1624607595, 0, 1, 0.00
AFLfast,pngtest,14,1624607600, 0, 1, 0.00
AFLfast,pngtest,14,1624607606, 0, 1, 0.00
AFLfast,pngtest,14,1624607611, 0, 1, 0.00
AFLfast,pngtest,14,1624607616, 0, 1, 0.00
AFLfast,pngtest,14,1624607621, 0, 1, 0.00
AFLfast,pngtest,14,1624607626, 0, 1, 0.00
AFLfast,pngtest,14,1624607631, 0, 1, 0.00
AFLfast,pngtest,14,1624607636, 0, 1, 0.00
AFLfast,pngtest,14,1624607641, 0, 1, 0.00
AFLfast,pngtest,14,1624607646, 0, 1, 0.00
AFLfast,pngtest,14,1624607652, 0, 1, 0.00
AFLfast,pngtest,14,1624607657, 0, 1, 0.00
AFLfast,pngtest,14,1624607662, 0, 1, 0.00
AFLfast,pngtest,14,1624607667, 0, 1, 0.00
AFLfast,pngtest,14,1624607672, 0, 1, 0.00
AFLfast,pngtest,14,1624607677, 0, 1, 0.00
AFLfast,pngtest,14,1624607682, 0, 1, 0.00
AFLfast,pngtest,14,1624607687, 0, 1, 0.00
AFLfast,pngtest,14,1624607693, 0, 1, 0.00
AFLfast,pngtest,14,1624607698, 0, 1, 0.00
AFLfast,pngtest,14,1624607703, 0, 1, 0.00
AFLfast,pngtest,14,1624607708, 0, 1, 0.00
AFLfast,pngtest,14,1624607713, 0, 1, 0.00
AFLfast,pngtest,14,1624607718, 0, 1, 0.00
AFLfast,pngtest,14,1624607723, 0, 1, 0.00
AFLfast,pngtest,14,1624607728, 0, 1, 0.00
AFLfast,pngtest,14,1624607734, 0, 1, 0.00
AFLfast,pngtest,14,1624607739, 0, 1, 0.00
AFLfast,pngtest,14,1624607744, 0, 1, 0.00
AFLfast,pngtest,14,1624607749, 0, 1, 0.00
AFLfast,pngtest,14,1624607754, 0, 1, 0.00
AFLfast,pngtest,14,1624607759, 0, 1, 0.00
AFLfast,pngtest,14,1624607764, 0, 1, 0.00
AFLfast,pngtest,14,1624607769, 0, 1, 0.00
AFLfast,pngtest,14,1624607774, 0, 1, 0.00
AFLfast,pngtest,14,1624607780, 0, 1, 0.00
AFLfast,pngtest,14,1624607785, 0, 1, 0.00
AFLfast,pngtest,14,1624607790, 0, 1, 0.00
AFLfast,pngtest,14,1624607795, 0, 1, 0.00
AFLfast,pngtest,14,1624607800, 0, 1, 0.00
AFLfast,pngtest,14,1624607805, 0, 1, 0.00
AFLfast,pngtest,14,1624607810, 0, 1, 0.00
AFLfast,pngtest,14,1624607815, 0, 1, 0.00
AFLfast,pngtest,14,1624607821, 0, 1, 0.00
AFLfast,pngtest,14,1624607826, 0, 1, 0.00
AFLfast,pngtest,14,1624607831, 0, 1, 0.00
AFLfast,pngtest,14,1624607836, 0, 1, 0.00
AFLfast,pngtest,14,1624607841, 0, 1, 0.00
AFLfast,pngtest,14,1624607846, 0, 1, 0.00
AFLfast,pngtest,14,1624607851, 0, 1, 0.00
AFLfast,pngtest,14,1624607856, 0, 1, 0.00
AFLfast,pngtest,14,1624607861, 0, 1, 0.00
AFLfast,pngtest,14,1624607867, 0, 1, 0.00
AFLfast,pngtest,14,1624607872, 0, 1, 0.00
AFLfast,pngtest,14,1624607877, 0, 1, 0.00
AFLfast,pngtest,14,1624607882, 0, 1, 0.00
AFLfast,pngtest,14,1624607887, 0, 1, 0.00
AFLfast,pngtest,14,1624607892, 0, 1, 0.00
AFLfast,pngtest,14,1624607897, 0, 1, 0.00
AFLfast,pngtest,14,1624607902, 0, 1, 0.00
AFLfast,pngtest,14,1624607907, 0, 1, 0.00
AFLfast,pngtest,14,1624607912, 0, 1, 0.00
AFLfast,pngtest,14,1624607918, 0, 1, 0.00
AFLfast,pngtest,14,1624607923, 0, 1, 0.00
AFLfast,pngtest,14,1624607928, 0, 1, 0.00
AFLfast,pngtest,14,1624607933, 0, 1, 0.00
AFLfast,pngtest,14,1624607938, 0, 1, 0.00
AFLfast,pngtest,14,1624607943, 0, 1, 0.00
AFLfast,pngtest,14,1624607948, 0, 1, 0.00
AFLfast,pngtest,14,1624607953, 0, 1, 0.00
AFLfast,pngtest,14,1624607959, 0, 1, 0.00
AFLfast,pngtest,14,1624607964, 0, 1, 0.00
AFLfast,pngtest,14,1624607969, 0, 1, 0.00
AFLfast,pngtest,14,1624607974, 0, 1, 0.00
AFLfast,pngtest,14,1624607979, 0, 1, 0.00
AFLfast,pngtest,14,1624607985, 0, 1, 0.00
AFLfast,pngtest,14,1624607990, 0, 1, 0.00
AFLfast,pngtest,14,1624607995, 0, 1, 0.00
AFLfast,pngtest,14,1624608000, 0, 1, 0.00
AFLfast,pngtest,14,1624608005, 0, 1, 0.00
AFLfast,pngtest,14,1624608010, 0, 1, 0.00
AFLfast,pngtest,14,1624608015, 0, 1, 0.00
AFLfast,pngtest,14,1624608020, 0, 1, 0.00
AFLfast,pngtest,14,1624608025, 0, 1, 0.00
AFLfast,pngtest,14,1624608030, 0, 1, 0.00
AFLfast,pngtest,14,1624608035, 0, 1, 0.00
AFLfast,pngtest,14,1624608040, 0, 1, 0.00
AFLfast,pngtest,14,1624608046, 0, 1, 0.00
AFLfast,pngtest,14,1624608051, 0, 1, 0.00
AFLfast,pngtest,14,1624608056, 0, 1, 0.00
AFLfast,pngtest,14,1624608061, 0, 1, 0.00
AFLfast,pngtest,14,1624608066, 0, 1, 0.00
AFLfast,pngtest,14,1624608071, 0, 1, 0.00
AFLfast,pngtest,14,1624608076, 0, 1, 0.00
AFLfast,pngtest,14,1624608082, 0, 1, 0.00
AFLfast,pngtest,14,1624608087, 0, 1, 0.00
AFLfast,pngtest,14,1624608092, 0, 1, 0.00
AFLfast,pngtest,14,1624608097, 0, 1, 0.00
AFLfast,pngtest,14,1624608102, 0, 1, 0.00
AFLfast,pngtest,14,1624608107, 0, 1, 0.00
AFLfast,pngtest,14,1624608113, 0, 1, 0.00
AFLfast,pngtest,14,1624608118, 0, 1, 0.00
AFLfast,pngtest,14,1624608123, 0, 1, 0.00
AFLfast,pngtest,14,1624608128, 0, 1, 0.00
AFLfast,pngtest,14,1624608133, 0, 1, 0.00
AFLfast,pngtest,14,1624608139, 0, 1, 0.00
AFLfast,pngtest,14,1624608144, 0, 1, 0.00
AFLfast,pngtest,14,1624608149, 0, 1, 0.00
AFLfast,pngtest,14,1624608154, 0, 1, 0.00
AFLfast,pngtest,14,1624608159, 0, 1, 0.00
AFLfast,pngtest,14,1624608165, 0, 1, 0.00
AFLfast,pngtest,14,1624608170, 0, 1, 0.00
AFLfast,pngtest,14,1624608175, 0, 1, 0.00
AFLfast,pngtest,14,1624608180, 0, 1, 0.00
AFLfast,pngtest,14,1624608185, 0, 1, 0.00
AFLfast,pngtest,14,1624608190, 0, 1, 0.00
AFLfast,pngtest,14,1624608195, 0, 1, 0.00
AFLfast,pngtest,14,1624608200, 0, 1, 0.00
AFLfast,pngtest,14,1624608206, 0, 1, 0.00
AFLfast,pngtest,14,1624608211, 0, 1, 0.00
AFLfast,pngtest,14,1624608216, 0, 1, 0.00
AFLfast,pngtest,14,1624608221, 0, 1, 0.00
AFLfast,pngtest,14,1624608226, 0, 1, 0.00
AFLfast,pngtest,14,1624608231, 0, 1, 0.00
AFLfast,pngtest,14,1624608236, 0, 1, 0.00
AFLfast,pngtest,14,1624608241, 0, 1, 0.00
AFLfast,pngtest,14,1624608246, 0, 1, 0.00
AFLfast,pngtest,14,1624608251, 0, 1, 0.00
AFLfast,pngtest,14,1624608257, 0, 1, 0.00
AFLfast,pngtest,14,1624608262, 0, 1, 0.00
AFLfast,pngtest,14,1624608267, 0, 1, 0.00
AFLfast,pngtest,14,1624608272, 0, 1, 0.00
AFLfast,pngtest,14,1624608277, 0, 1, 0.00
AFLfast,pngtest,14,1624608283, 0, 1, 0.00
AFLfast,pngtest,14,1624608288, 0, 1, 0.00
AFLfast,pngtest,14,1624608293, 0, 1, 0.00
AFLfast,pngtest,14,1624608298, 0, 1, 0.00
AFLfast,pngtest,14,1624608303, 0, 1, 0.00
AFLfast,pngtest,14,1624608308, 0, 1, 0.00
AFLfast,pngtest,14,1624608313, 0, 1, 0.00
AFLfast,pngtest,14,1624608318, 0, 1, 0.00
AFLfast,pngtest,14,1624608323, 0, 1, 0.00
AFLfast,pngtest,14,1624608328, 0, 1, 0.00
AFLfast,pngtest,14,1624608333, 0, 1, 0.00
AFLfast,pngtest,14,1624608339, 0, 1, 0.00
AFLfast,pngtest,14,1624608344, 0, 1, 0.00
AFLfast,pngtest,14,1624608349, 0, 1, 0.00
AFLfast,pngtest,14,1624608354, 0, 1, 0.00
AFLfast,pngtest,14,1624608359, 0, 1, 0.00
AFLfast,pngtest,14,1624608364, 0, 1, 0.00
AFLfast,pngtest,14,1624608369, 0, 1, 0.00
AFLfast,pngtest,14,1624608375, 0, 1, 0.00
AFLfast,pngtest,14,1624608380, 0, 1, 0.00
AFLfast,pngtest,14,1624608385, 0, 1, 0.00
AFLfast,pngtest,14,1624608390, 0, 1, 0.00
AFLfast,pngtest,14,1624608395, 0, 1, 0.00
AFLfast,pngtest,14,1624608400, 0, 1, 0.00
AFLfast,pngtest,14,1624608406, 0, 1, 0.00
AFLfast,pngtest,14,1624608411, 0, 1, 0.00
AFLfast,pngtest,14,1624608416, 0, 1, 0.00
AFLfast,pngtest,14,1624608421, 0, 1, 0.00
AFLfast,pngtest,14,1624608426, 0, 1, 0.00
AFLfast,pngtest,14,1624608431, 0, 1, 0.00
AFLfast,pngtest,14,1624608436, 0, 1, 0.00
AFLfast,pngtest,14,1624608441, 0, 1, 0.00
AFLfast,pngtest,14,1624608446, 0, 1, 0.00
AFLfast,pngtest,14,1624608452, 0, 1, 0.00
AFLfast,pngtest,14,1624608457, 0, 1, 0.00
AFLfast,pngtest,14,1624608462, 0, 1, 0.00
AFLfast,pngtest,14,1624608467, 0, 1, 0.00
AFLfast,pngtest,14,1624608472, 0, 1, 0.00
AFLfast,pngtest,14,1624608477, 0, 1, 0.00
AFLfast,pngtest,14,1624608482, 0, 1, 0.00
AFLfast,pngtest,14,1624608487, 0, 1, 0.00
AFLfast,pngtest,14,1624608493, 0, 1, 0.00
AFLfast,pngtest,14,1624608498, 0, 1, 0.00
AFLfast,pngtest,14,1624608503, 0, 1, 0.00
AFLfast,pngtest,14,1624608508, 0, 1, 0.00
AFLfast,pngtest,14,1624608513, 0, 1, 0.00
AFLfast,pngtest,14,1624608518, 0, 1, 0.00
AFLfast,pngtest,14,1624608524, 0, 1, 0.00
AFLfast,pngtest,14,1624608529, 0, 1, 0.00
AFLfast,pngtest,14,1624608534, 0, 1, 0.00
AFLfast,pngtest,14,1624608539, 0, 1, 0.00
AFLfast,pngtest,14,1624608544, 0, 1, 0.00
AFLfast,pngtest,14,1624608549, 0, 1, 0.00
AFLfast,pngtest,14,1624608554, 0, 1, 0.00
AFLfast,pngtest,14,1624608559, 0, 1, 0.00
AFLfast,pngtest,14,1624608564, 0, 1, 0.00
AFLfast,pngtest,14,1624608570, 0, 1, 0.00
AFLfast,pngtest,14,1624608575, 0, 1, 0.00
AFLfast,pngtest,14,1624608580, 0, 1, 0.00
AFLfast,pngtest,14,1624608585, 0, 1, 0.00
AFLfast,pngtest,14,1624608590, 0, 1, 0.00
AFLfast,pngtest,14,1624608596, 0, 1, 0.00
AFLfast,pngtest,14,1624608601, 0, 1, 0.00
AFLfast,pngtest,14,1624608606, 0, 1, 0.00
AFLfast,pngtest,14,1624608611, 0, 1, 0.00
AFLfast,pngtest,14,1624608616, 0, 1, 0.00
AFLfast,pngtest,14,1624608621, 0, 1, 0.00
AFLfast,pngtest,14,1624608626, 0, 1, 0.00
AFLfast,pngtest,14,1624608631, 0, 1, 0.00
AFLfast,pngtest,14,1624608637, 0, 1, 0.00
AFLfast,pngtest,14,1624608642, 0, 1, 0.00
AFLfast,pngtest,14,1624608647, 0, 1, 0.00
AFLfast,pngtest,14,1624608652, 0, 1, 0.00
AFLfast,pngtest,14,1624608657, 0, 1, 0.00
AFLfast,pngtest,14,1624608662, 0, 1, 0.00
AFLfast,pngtest,14,1624608667, 0, 1, 0.00
AFLfast,pngtest,14,1624608673, 0, 1, 0.00
AFLfast,pngtest,14,1624608678, 0, 1, 0.00
AFLfast,pngtest,14,1624608683, 0, 1, 0.00
AFLfast,pngtest,14,1624608688, 0, 1, 0.00
AFLfast,pngtest,14,1624608693, 0, 1, 0.00
AFLfast,pngtest,14,1624608698, 0, 1, 0.00
AFLfast,pngtest,14,1624608704, 0, 1, 0.00
AFLfast,pngtest,14,1624608709, 0, 1, 0.00
AFLfast,pngtest,14,1624608714, 0, 1, 0.00
AFLfast,pngtest,14,1624608719, 0, 1, 0.00
AFLfast,pngtest,14,1624608724, 0, 1, 0.00
AFLfast,pngtest,14,1624608729, 0, 1, 0.00
AFLfast,pngtest,14,1624608734, 0, 1, 0.00
AFLfast,pngtest,14,1624608740, 0, 1, 0.00
AFLfast,pngtest,14,1624608745, 0, 1, 0.00
AFLfast,pngtest,14,1624608750, 0, 1, 0.00
AFLfast,pngtest,14,1624608755, 0, 1, 0.00
AFLfast,pngtest,14,1624608760, 0, 1, 0.00
AFLfast,pngtest,14,1624608765, 0, 1, 0.00
AFLfast,pngtest,14,1624608771, 0, 1, 0.00
AFLfast,pngtest,14,1624608776, 0, 1, 0.00
AFLfast,pngtest,14,1624608781, 0, 1, 0.00
AFLfast,pngtest,14,1624608786, 0, 1, 0.00
AFLfast,pngtest,14,1624608791, 0, 1, 0.00
AFLfast,pngtest,14,1624608796, 0, 1, 0.00
AFLfast,pngtest,14,1624608801, 0, 1, 0.00
AFLfast,pngtest,14,1624608807, 0, 1, 0.00
AFLfast,pngtest,14,1624608812, 0, 1, 0.00
AFLfast,pngtest,14,1624608817, 0, 1, 0.00
AFLfast,pngtest,14,1624608822, 0, 1, 0.00
AFLfast,pngtest,14,1624608827, 0, 1, 0.00
AFLfast,pngtest,14,1624608833, 0, 1, 0.00
AFLfast,pngtest,14,1624608838, 0, 1, 0.00
AFLfast,pngtest,14,1624608843, 0, 1, 0.00
AFLfast,pngtest,14,1624608848, 0, 1, 0.00
AFLfast,pngtest,14,1624608853, 0, 1, 0.00
AFLfast,pngtest,14,1624608858, 0, 1, 0.00
AFLfast,pngtest,14,1624608863, 0, 1, 0.00
AFLfast,pngtest,14,1624608868, 0, 1, 0.00
AFLfast,pngtest,14,1624608873, 0, 1, 0.00
AFLfast,pngtest,14,1624608878, 0, 1, 0.00
AFLfast,pngtest,14,1624608884, 0, 1, 0.00
AFLfast,pngtest,14,1624608889, 0, 1, 0.00
AFLfast,pngtest,14,1624608894, 0, 1, 0.00
AFLfast,pngtest,14,1624608899, 0, 1, 0.00
AFLfast,pngtest,14,1624608904, 0, 1, 0.00
AFLfast,pngtest,14,1624608909, 0, 1, 0.00
AFLfast,pngtest,14,1624608915, 0, 1, 0.00
AFLfast,pngtest,14,1624608920, 0, 1, 0.00
AFLfast,pngtest,14,1624608925, 0, 1, 0.00
AFLfast,pngtest,14,1624608930, 0, 1, 0.00
AFLfast,pngtest,14,1624608935, 0, 1, 0.00
AFLfast,pngtest,14,1624608940, 0, 1, 0.00
AFLfast,pngtest,14,1624608945, 0, 1, 0.00
AFLfast,pngtest,14,1624608950, 0, 1, 0.00
AFLfast,pngtest,14,1624608956, 0, 1, 0.00
AFLfast,pngtest,14,1624608961, 0, 1, 0.00
AFLfast,pngtest,14,1624608966, 0, 1, 0.00
AFLfast,pngtest,14,1624608971, 0, 1, 0.00
AFLfast,pngtest,14,1624608977, 0, 1, 0.00
AFLfast,pngtest,14,1624608982, 0, 1, 0.00
AFLfast,pngtest,14,1624608987, 0, 1, 0.00
AFLfast,pngtest,14,1624608992, 0, 1, 0.00
AFLfast,pngtest,14,1624608997, 0, 1, 0.00
AFLfast,pngtest,14,1624609002, 0, 1, 0.00
AFLfast,pngtest,14,1624609007, 0, 1, 0.00
AFLfast,pngtest,14,1624609012, 0, 1, 0.00
AFLfast,pngtest,14,1624609017, 0, 1, 0.00
AFLfast,pngtest,14,1624609022, 0, 1, 0.00
AFLfast,pngtest,14,1624609028, 0, 1, 0.00
AFLfast,pngtest,14,1624609033, 0, 1, 0.00
AFLfast,pngtest,14,1624609038, 0, 1, 0.00
AFLfast,pngtest,14,1624609043, 0, 1, 0.00
AFLfast,pngtest,14,1624609048, 0, 1, 0.00
AFLfast,pngtest,14,1624609053, 0, 1, 0.00
AFLfast,pngtest,14,1624609059, 0, 1, 0.00
AFLfast,pngtest,14,1624609064, 0, 1, 0.00
AFLfast,pngtest,14,1624609069, 0, 1, 0.00
AFLfast,pngtest,14,1624609074, 0, 1, 0.00
AFLfast,pngtest,14,1624609079, 0, 1, 0.00
AFLfast,pngtest,14,1624609084, 0, 1, 0.00
AFLfast,pngtest,14,1624609090, 0, 1, 0.00
AFLfast,pngtest,14,1624609095, 0, 1, 0.00
AFLfast,pngtest,14,1624609100, 0, 1, 0.00
AFLfast,pngtest,14,1624609105, 0, 1, 0.00
AFLfast,pngtest,14,1624609110, 0, 1, 0.00
AFLfast,pngtest,14,1624609115, 0, 1, 0.00
AFLfast,pngtest,14,1624609120, 0, 1, 0.00
AFLfast,pngtest,14,1624609125, 0, 1, 0.00
AFLfast,pngtest,14,1624609130, 0, 1, 0.00
AFLfast,pngtest,14,1624609135, 0, 1, 0.00
AFLfast,pngtest,14,1624609141, 0, 1, 0.00
AFLfast,pngtest,14,1624609146, 0, 1, 0.00
AFLfast,pngtest,14,1624609151, 0, 1, 0.00
AFLfast,pngtest,14,1624609156, 0, 1, 0.00
AFLfast,pngtest,14,1624609161, 0, 1, 0.00
AFLfast,pngtest,14,1624609166, 0, 1, 0.00
AFLfast,pngtest,14,1624609171, 0, 1, 0.00
AFLfast,pngtest,14,1624609177, 0, 1, 0.00
AFLfast,pngtest,14,1624609182, 0, 1, 0.00
AFLfast,pngtest,14,1624609187, 0, 1, 0.00
AFLfast,pngtest,14,1624609192, 0, 1, 0.00
AFLfast,pngtest,14,1624609197, 0, 1, 0.00
AFLfast,pngtest,14,1624609202, 0, 1, 0.00
AFLfast,pngtest,14,1624609207, 0, 1, 0.00
AFLfast,pngtest,14,1624609212, 0, 1, 0.00
AFLfast,pngtest,14,1624609218, 0, 1, 0.00
AFLfast,pngtest,14,1624609223, 0, 1, 0.00
AFLfast,pngtest,14,1624609228, 0, 1, 0.00
AFLfast,pngtest,14,1624609233, 0, 1, 0.00
AFLfast,pngtest,14,1624609238, 0, 1, 0.00
AFLfast,pngtest,14,1624609243, 0, 1, 0.00
AFLfast,pngtest,14,1624609249, 0, 1, 0.00
AFLfast,pngtest,14,1624609254, 0, 1, 0.00
AFLfast,pngtest,14,1624609259, 0, 1, 0.00
AFLfast,pngtest,14,1624609264, 0, 1, 0.00
AFLfast,pngtest,14,1624609269, 0, 1, 0.00
AFLfast,pngtest,14,1624609274, 0, 1, 0.00
AFLfast,pngtest,14,1624609279, 0, 1, 0.00
AFLfast,pngtest,14,1624609284, 0, 1, 0.00
AFLfast,pngtest,14,1624609289, 0, 1, 0.00
AFLfast,pngtest,14,1624609295, 0, 1, 0.00
AFLfast,pngtest,14,1624609300, 0, 1, 0.00
AFLfast,pngtest,14,1624609305, 0, 1, 0.00
AFLfast,pngtest,14,1624609310, 0, 1, 0.00
AFLfast,pngtest,14,1624609315, 0, 1, 0.00
AFLfast,pngtest,14,1624609320, 0, 1, 0.00
AFLfast,pngtest,14,1624609325, 0, 1, 0.00
AFLfast,pngtest,14,1624609330, 0, 1, 0.00
AFLfast,pngtest,14,1624609336, 0, 1, 0.00
AFLfast,pngtest,14,1624609341, 0, 1, 0.00
AFLfast,pngtest,14,1624609346, 0, 1, 0.00
AFLfast,pngtest,14,1624609351, 0, 1, 0.00
AFLfast,pngtest,14,1624609356, 0, 1, 0.00
AFLfast,pngtest,14,1624609361, 0, 1, 0.00
AFLfast,pngtest,14,1624609366, 0, 1, 0.00
AFLfast,pngtest,14,1624609371, 0, 1, 0.00
AFLfast,pngtest,14,1624609376, 0, 1, 0.00
AFLfast,pngtest,14,1624609382, 0, 1, 0.00
AFLfast,pngtest,14,1624609387, 0, 1, 0.00
AFLfast,pngtest,14,1624609392, 0, 1, 0.00
AFLfast,pngtest,14,1624609397, 0, 1, 0.00
AFLfast,pngtest,14,1624609402, 0, 1, 0.00
AFLfast,pngtest,14,1624609407, 0, 1, 0.00
AFLfast,pngtest,14,1624609412, 0, 1, 0.00
AFLfast,pngtest,14,1624609418, 0, 1, 0.00
AFLfast,pngtest,14,1624609423, 0, 1, 0.00
AFLfast,pngtest,14,1624609428, 0, 1, 0.00
AFLfast,pngtest,14,1624609433, 0, 1, 0.00
AFLfast,pngtest,14,1624609438, 0, 1, 0.00
AFLfast,pngtest,14,1624609443, 0, 1, 0.00
AFLfast,pngtest,14,1624609448, 0, 1, 0.00
AFLfast,pngtest,14,1624609454, 0, 1, 0.00
AFLfast,pngtest,14,1624609459, 0, 1, 0.00
AFLfast,pngtest,14,1624609464, 0, 1, 0.00
AFLfast,pngtest,14,1624609469, 0, 1, 0.00
AFLfast,pngtest,14,1624609474, 0, 1, 0.00
AFLfast,pngtest,14,1624609479, 0, 1, 0.00
AFLfast,pngtest,14,1624609484, 0, 1, 0.00
AFLfast,pngtest,14,1624609489, 0, 1, 0.00
AFLfast,pngtest,14,1624609494, 0, 1, 0.00
AFLfast,pngtest,14,1624609500, 0, 1, 0.00
AFLfast,pngtest,14,1624609505, 0, 1, 0.00
AFLfast,pngtest,14,1624609510, 0, 1, 0.00
AFLfast,pngtest,14,1624609515, 0, 1, 0.00
AFLfast,pngtest,14,1624609520, 0, 1, 0.00
AFLfast,pngtest,14,1624609525, 0, 1, 0.00
AFLfast,pngtest,14,1624609530, 0, 1, 0.00
AFLfast,pngtest,14,1624609536, 0, 1, 0.00
AFLfast,pngtest,14,1624609541, 0, 1, 0.00
AFLfast,pngtest,14,1624609546, 0, 1, 0.00
AFLfast,pngtest,14,1624609551, 0, 1, 0.00
AFLfast,pngtest,14,1624609556, 0, 1, 0.00
AFLfast,pngtest,14,1624609561, 0, 1, 0.00
AFLfast,pngtest,14,1624609567, 0, 1, 0.00
AFLfast,pngtest,14,1624609572, 0, 1, 0.00
AFLfast,pngtest,14,1624609577, 0, 1, 0.00
AFLfast,pngtest,14,1624609582, 0, 1, 0.00
AFLfast,pngtest,14,1624609587, 0, 1, 0.00
AFLfast,pngtest,14,1624609592, 0, 1, 0.00
AFLfast,pngtest,14,1624609597, 0, 1, 0.00
AFLfast,pngtest,14,1624609603, 0, 1, 0.00
AFLfast,pngtest,14,1624609608, 0, 1, 0.00
AFLfast,pngtest,14,1624609613, 0, 1, 0.00
AFLfast,pngtest,14,1624609618, 0, 1, 0.00
AFLfast,pngtest,14,1624609623, 0, 1, 0.00
AFLfast,pngtest,14,1624609628, 0, 1, 0.00
AFLfast,pngtest,14,1624609633, 0, 1, 0.00
AFLfast,pngtest,14,1624609639, 0, 1, 0.00
AFLfast,pngtest,14,1624609644, 0, 1, 0.00
AFLfast,pngtest,14,1624609649, 0, 1, 0.00
AFLfast,pngtest,14,1624609654, 0, 1, 0.00
AFLfast,pngtest,14,1624609659, 0, 1, 0.00
AFLfast,pngtest,14,1624609664, 0, 1, 0.00
AFLfast,pngtest,14,1624609669, 0, 1, 0.00
AFLfast,pngtest,14,1624609675, 0, 1, 0.00
AFLfast,pngtest,14,1624609680, 0, 1, 0.00
AFLfast,pngtest,14,1624609685, 0, 1, 0.00
AFLfast,pngtest,14,1624609690, 0, 1, 0.00
AFLfast,pngtest,14,1624609696, 0, 1, 0.00
AFLfast,pngtest,14,1624609701, 0, 1, 0.00
AFLfast,pngtest,14,1624609706, 0, 1, 0.00
AFLfast,pngtest,14,1624609711, 0, 1, 0.00
AFLfast,pngtest,14,1624609716, 0, 1, 0.00
AFLfast,pngtest,14,1624609721, 0, 1, 0.00
AFLfast,pngtest,14,1624609726, 0, 1, 0.00
AFLfast,pngtest,14,1624609731, 0, 1, 0.00
AFLfast,pngtest,14,1624609736, 0, 1, 0.00
AFLfast,pngtest,14,1624609742, 0, 1, 0.00
AFLfast,pngtest,14,1624609747, 0, 1, 0.00
AFLfast,pngtest,14,1624609752, 0, 1, 0.00
AFLfast,pngtest,14,1624609757, 0, 1, 0.00
AFLfast,pngtest,14,1624609762, 0, 1, 0.00
AFLfast,pngtest,14,1624609767, 0, 1, 0.00
AFLfast,pngtest,14,1624609773, 0, 1, 0.00
AFLfast,pngtest,14,1624609778, 0, 1, 0.00
AFLfast,pngtest,14,1624609783, 0, 1, 0.00
AFLfast,pngtest,14,1624609788, 0, 1, 0.00
AFLfast,pngtest,14,1624609793, 0, 1, 0.00
AFLfast,pngtest,14,1624609798, 0, 1, 0.00
AFLfast,pngtest,14,1624609803, 0, 1, 0.00
AFLfast,pngtest,14,1624609808, 0, 1, 0.00
AFLfast,pngtest,14,1624609814, 0, 1, 0.00
AFLfast,pngtest,14,1624609819, 0, 1, 0.00
AFLfast,pngtest,14,1624609824, 0, 1, 0.00
AFLfast,pngtest,14,1624609829, 0, 1, 0.00
AFLfast,pngtest,14,1624609834, 0, 1, 0.00
AFLfast,pngtest,14,1624609839, 0, 1, 0.00
AFLfast,pngtest,14,1624609844, 0, 1, 0.00
AFLfast,pngtest,14,1624609849, 0, 1, 0.00
AFLfast,pngtest,14,1624609854, 0, 1, 0.00
AFLfast,pngtest,14,1624609860, 0, 1, 0.00
AFLfast,pngtest,14,1624609865, 0, 1, 0.00
AFLfast,pngtest,14,1624609870, 0, 1, 0.00
AFLfast,pngtest,14,1624609875, 0, 1, 0.00
AFLfast,pngtest,14,1624609880, 0, 1, 0.00
AFLfast,pngtest,14,1624609885, 0, 1, 0.00
AFLfast,pngtest,14,1624609890, 0, 1, 0.00
AFLfast,pngtest,14,1624609896, 0, 1, 0.00
AFLfast,pngtest,14,1624609901, 0, 1, 0.00
AFLfast,pngtest,14,1624609906, 0, 1, 0.00
AFLfast,pngtest,14,1624609911, 0, 1, 0.00
AFLfast,pngtest,14,1624609916, 0, 1, 0.00
AFLfast,pngtest,14,1624609921, 0, 1, 0.00
AFLfast,pngtest,14,1624609927, 0, 1, 0.00
AFLfast,pngtest,14,1624609932, 0, 1, 0.00
AFLfast,pngtest,14,1624609937, 0, 1, 0.00
AFLfast,pngtest,14,1624609942, 0, 1, 0.00
AFLfast,pngtest,14,1624609947, 0, 1, 0.00
AFLfast,pngtest,14,1624609952, 0, 1, 0.00
AFLfast,pngtest,14,1624609957, 0, 1, 0.00
AFLfast,pngtest,14,1624609962, 0, 1, 0.00
AFLfast,pngtest,14,1624609967, 0, 1, 0.00
AFLfast,pngtest,14,1624609973, 0, 1, 0.00
AFLfast,pngtest,14,1624609978, 0, 1, 0.00
AFLfast,pngtest,14,1624609983, 0, 1, 0.00
AFLfast,pngtest,14,1624609988, 0, 1, 0.00
AFLfast,pngtest,14,1624609993, 0, 1, 0.00
AFLfast,pngtest,14,1624609998, 0, 1, 0.00
AFLfast,pngtest,14,1624610003, 0, 1, 0.00
AFLfast,pngtest,14,1624610009, 0, 1, 0.00
AFLfast,pngtest,14,1624610014, 0, 1, 0.00
AFLfast,pngtest,14,1624610019, 0, 1, 0.00
AFLfast,pngtest,14,1624610024, 0, 1, 0.00
AFLfast,pngtest,14,1624610029, 0, 1, 0.00
AFLfast,pngtest,14,1624610034, 0, 1, 0.00
AFLfast,pngtest,14,1624610039, 0, 1, 0.00
AFLfast,pngtest,14,1624610044, 0, 1, 0.00
AFLfast,pngtest,14,1624610050, 0, 1, 0.00
AFLfast,pngtest,14,1624610055, 0, 1, 0.00
AFLfast,pngtest,14,1624610060, 0, 1, 0.00
AFLfast,pngtest,14,1624610065, 0, 1, 0.00
AFLfast,pngtest,14,1624610070, 0, 1, 0.00
AFLfast,pngtest,14,1624610075, 0, 1, 0.00
AFLfast,pngtest,14,1624610080, 0, 1, 0.00
AFLfast,pngtest,14,1624610085, 0, 1, 0.00
AFLfast,pngtest,14,1624610091, 0, 1, 0.00
AFLfast,pngtest,14,1624610096, 0, 1, 0.00
AFLfast,pngtest,14,1624610101, 0, 1, 0.00
AFLfast,pngtest,14,1624610106, 0, 1, 0.00
AFLfast,pngtest,14,1624610111, 0, 1, 0.00
AFLfast,pngtest,14,1624610116, 0, 1, 0.00
AFLfast,pngtest,14,1624610121, 0, 1, 0.00
AFLfast,pngtest,14,1624610127, 0, 1, 0.00
AFLfast,pngtest,14,1624610132, 0, 1, 0.00
AFLfast,pngtest,14,1624610137, 0, 1, 0.00
AFLfast,pngtest,14,1624610142, 0, 1, 0.00
AFLfast,pngtest,14,1624610147, 0, 1, 0.00
AFLfast,pngtest,14,1624610152, 0, 1, 0.00
AFLfast,pngtest,14,1624610157, 0, 1, 0.00
AFLfast,pngtest,14,1624610162, 0, 1, 0.00
AFLfast,pngtest,14,1624610168, 0, 1, 0.00
AFLfast,pngtest,14,1624610173, 0, 1, 0.00
AFLfast,pngtest,14,1624610178, 0, 1, 0.00
AFLfast,pngtest,14,1624610183, 0, 1, 0.00
AFLfast,pngtest,14,1624610188, 0, 1, 0.00
AFLfast,pngtest,14,1624610193, 0, 1, 0.00
AFLfast,pngtest,14,1624610199, 0, 1, 0.00
AFLfast,pngtest,14,1624610204, 0, 1, 0.00
AFLfast,pngtest,14,1624610209, 0, 1, 0.00
AFLfast,pngtest,14,1624610214, 0, 1, 0.00
AFLfast,pngtest,14,1624610219, 0, 1, 0.00
AFLfast,pngtest,14,1624610224, 0, 1, 0.00
AFLfast,pngtest,14,1624610230, 0, 1, 0.00
AFLfast,pngtest,14,1624610235, 0, 1, 0.00
AFLfast,pngtest,14,1624610240, 0, 1, 0.00
AFLfast,pngtest,14,1624610245, 0, 1, 0.00
AFLfast,pngtest,14,1624610250, 0, 1, 0.00
AFLfast,pngtest,14,1624610255, 0, 1, 0.00
AFLfast,pngtest,14,1624610260, 0, 1, 0.00
AFLfast,pngtest,14,1624610266, 0, 1, 0.00
AFLfast,pngtest,14,1624610271, 0, 1, 0.00
AFLfast,pngtest,14,1624610276, 0, 1, 0.00
AFLfast,pngtest,14,1624610281, 0, 1, 0.00
AFLfast,pngtest,14,1624610286, 0, 1, 0.00
AFLfast,pngtest,14,1624610291, 0, 1, 0.00
AFLfast,pngtest,14,1624610296, 0, 1, 0.00
AFLfast,pngtest,14,1624610301, 0, 1, 0.00
AFLfast,pngtest,14,1624610306, 0, 1, 0.00
AFLfast,pngtest,14,1624610311, 0, 1, 0.00
AFLfast,pngtest,14,1624610317, 0, 1, 0.00
AFLfast,pngtest,14,1624610322, 0, 1, 0.00
AFLfast,pngtest,14,1624610327, 0, 1, 0.00
AFLfast,pngtest,14,1624610332, 0, 1, 0.00
AFLfast,pngtest,14,1624610337, 0, 1, 0.00
AFLfast,pngtest,14,1624610342, 0, 1, 0.00
AFLfast,pngtest,14,1624610347, 0, 1, 0.00
AFLfast,pngtest,14,1624610352, 0, 1, 0.00
AFLfast,pngtest,14,1624610357, 0, 1, 0.00
AFLfast,pngtest,14,1624610363, 0, 1, 0.00
AFLfast,pngtest,14,1624610368, 0, 1, 0.00
AFLfast,pngtest,14,1624610373, 0, 1, 0.00
AFLfast,pngtest,14,1624610378, 0, 1, 0.00
AFLfast,pngtest,14,1624610383, 0, 1, 0.00
AFLfast,pngtest,14,1624610388, 0, 1, 0.00
AFLfast,pngtest,14,1624610393, 0, 1, 0.00
AFLfast,pngtest,14,1624610398, 0, 1, 0.00
AFLfast,pngtest,14,1624610403, 0, 1, 0.00
AFLfast,pngtest,14,1624610409, 0, 1, 0.00
AFLfast,pngtest,14,1624610414, 0, 1, 0.00
AFLfast,pngtest,14,1624610419, 0, 1, 0.00
AFLfast,pngtest,14,1624610424, 0, 1, 0.00
AFLfast,pngtest,14,1624610429, 0, 1, 0.00
AFLfast,pngtest,14,1624610434, 0, 1, 0.00
AFLfast,pngtest,14,1624610439, 0, 1, 0.00
AFLfast,pngtest,14,1624610444, 0, 1, 0.00
AFLfast,pngtest,14,1624610449, 0, 1, 0.00
AFLfast,pngtest,14,1624610454, 0, 1, 0.00
AFLfast,pngtest,14,1624610460, 0, 1, 0.00
AFLfast,pngtest,14,1624610465, 0, 1, 0.00
AFLfast,pngtest,14,1624610470, 0, 1, 0.00
AFLfast,pngtest,14,1624610475, 0, 1, 0.00
AFLfast,pngtest,14,1624610480, 0, 1, 0.00
AFLfast,pngtest,14,1624610485, 0, 1, 0.00
AFLfast,pngtest,14,1624610490, 0, 1, 0.00
AFLfast,pngtest,14,1624610495, 0, 1, 0.00
AFLfast,pngtest,14,1624610500, 0, 1, 0.00
AFLfast,pngtest,14,1624610506, 0, 1, 0.00
AFLfast,pngtest,14,1624610511, 0, 1, 0.00
AFLfast,pngtest,14,1624610516, 0, 1, 0.00
AFLfast,pngtest,14,1624610521, 0, 1, 0.00
AFLfast,pngtest,14,1624610526, 0, 1, 0.00
AFLfast,pngtest,14,1624610531, 0, 1, 0.00
AFLfast,pngtest,14,1624610536, 0, 1, 0.00
AFLfast,pngtest,14,1624610541, 0, 1, 0.00
AFLfast,pngtest,14,1624610547, 0, 1, 0.00
AFLfast,pngtest,14,1624610552, 0, 1, 0.00
AFLfast,pngtest,14,1624610557, 0, 1, 0.00
AFLfast,pngtest,14,1624610562, 0, 1, 0.00
AFLfast,pngtest,14,1624610567, 0, 1, 0.00
AFLfast,pngtest,14,1624610572, 0, 1, 0.00
AFLfast,pngtest,14,1624610577, 0, 1, 0.00
AFLfast,pngtest,14,1624610583, 0, 1, 0.00
AFLfast,pngtest,14,1624610588, 0, 1, 0.00
AFLfast,pngtest,14,1624610593, 0, 1, 0.00
AFLfast,pngtest,14,1624610598, 0, 1, 0.00
AFLfast,pngtest,14,1624610603, 0, 1, 0.00
AFLfast,pngtest,14,1624610608, 0, 1, 0.00
AFLfast,pngtest,14,1624610613, 0, 1, 0.00
AFLfast,pngtest,14,1624610618, 0, 1, 0.00
AFLfast,pngtest,14,1624610623, 0, 1, 0.00
AFLfast,pngtest,14,1624610628, 0, 1, 0.00
AFLfast,pngtest,14,1624610634, 0, 1, 0.00
AFLfast,pngtest,14,1624610639, 0, 1, 0.00
AFLfast,pngtest,14,1624610644, 0, 1, 0.00
AFLfast,pngtest,14,1624610649, 0, 1, 0.00
AFLfast,pngtest,14,1624610654, 0, 1, 0.00
AFLfast,pngtest,14,1624610659, 0, 1, 0.00
AFLfast,pngtest,14,1624610664, 0, 1, 0.00
AFLfast,pngtest,14,1624610670, 0, 1, 0.00
AFLfast,pngtest,14,1624610675, 0, 1, 0.00
AFLfast,pngtest,14,1624610680, 0, 1, 0.00
AFLfast,pngtest,14,1624610685, 0, 1, 0.00
AFLfast,pngtest,14,1624610690, 0, 1, 0.00
AFLfast,pngtest,14,1624610695, 0, 1, 0.00
AFLfast,pngtest,14,1624610700, 0, 1, 0.00
AFLfast,pngtest,14,1624610705, 0, 1, 0.00
AFLfast,pngtest,14,1624610710, 0, 1, 0.00
AFLfast,pngtest,14,1624610715, 0, 1, 0.00
AFLfast,pngtest,14,1624610720, 0, 1, 0.00
AFLfast,pngtest,14,1624610726, 0, 1, 0.00
AFLfast,pngtest,14,1624610731, 0, 1, 0.00
AFLfast,pngtest,14,1624610736, 0, 1, 0.00
AFLfast,pngtest,14,1624610741, 0, 1, 0.00
AFLfast,pngtest,14,1624610746, 0, 1, 0.00
AFLfast,pngtest,14,1624610751, 0, 1, 0.00
AFLfast,pngtest,14,1624610757, 0, 1, 0.00
AFLfast,pngtest,14,1624610762, 0, 1, 0.00
AFLfast,pngtest,14,1624610767, 0, 1, 0.00
AFLfast,pngtest,14,1624610772, 0, 1, 0.00
AFLfast,pngtest,14,1624610777, 0, 1, 0.00
AFLfast,pngtest,14,1624610782, 0, 1, 0.00
AFLfast,pngtest,14,1624610787, 0, 1, 0.00
AFLfast,pngtest,14,1624610793, 0, 1, 0.00
AFLfast,pngtest,14,1624610798, 0, 1, 0.00
AFLfast,pngtest,14,1624610803, 0, 1, 0.00
AFLfast,pngtest,14,1624610808, 0, 1, 0.00
AFLfast,pngtest,14,1624610813, 0, 1, 0.00
AFLfast,pngtest,14,1624610818, 0, 1, 0.00
AFLfast,pngtest,14,1624610823, 0, 1, 0.00
AFLfast,pngtest,14,1624610828, 0, 1, 0.00
AFLfast,pngtest,14,1624610833, 0, 1, 0.00
AFLfast,pngtest,14,1624610838, 0, 1, 0.00
AFLfast,pngtest,14,1624610844, 0, 1, 0.00
AFLfast,pngtest,14,1624610849, 0, 1, 0.00
AFLfast,pngtest,14,1624610854, 0, 1, 0.00
AFLfast,pngtest,14,1624610859, 0, 1, 0.00
AFLfast,pngtest,14,1624610864, 0, 1, 0.00
AFLfast,pngtest,14,1624610869, 0, 1, 0.00
AFLfast,pngtest,14,1624610875, 0, 1, 0.00
AFLfast,pngtest,14,1624610880, 0, 1, 0.00
AFLfast,pngtest,14,1624610885, 0, 1, 0.00
AFLfast,pngtest,14,1624610890, 0, 1, 0.00
AFLfast,pngtest,14,1624610895, 0, 1, 0.00
AFLfast,pngtest,14,1624610900, 0, 1, 0.00
AFLfast,pngtest,14,1624610905, 0, 1, 0.00
AFLfast,pngtest,14,1624610910, 0, 1, 0.00
AFLfast,pngtest,14,1624610915, 0, 1, 0.00
AFLfast,pngtest,14,1624610920, 0, 1, 0.00
AFLfast,pngtest,14,1624610926, 0, 1, 0.00
AFLfast,pngtest,14,1624610931, 0, 1, 0.00
AFLfast,pngtest,14,1624610936, 0, 1, 0.00
AFLfast,pngtest,14,1624610941, 0, 1, 0.00
AFLfast,pngtest,14,1624610946, 0, 1, 0.00
AFLfast,pngtest,14,1624610952, 0, 1, 0.00
AFLfast,pngtest,14,1624610957, 0, 1, 0.00
AFLfast,pngtest,14,1624610962, 0, 1, 0.00
AFLfast,pngtest,14,1624610967, 0, 1, 0.00
AFLfast,pngtest,14,1624610972, 0, 1, 0.00
AFLfast,pngtest,14,1624610977, 0, 1, 0.00
AFLfast,pngtest,14,1624610982, 0, 1, 0.00
AFLfast,pngtest,14,1624610987, 0, 1, 0.00
AFLfast,pngtest,14,1624610992, 0, 1, 0.00
AFLfast,pngtest,14,1624610998, 0, 1, 0.00
AFLfast,pngtest,14,1624611003, 0, 1, 0.00
AFLfast,pngtest,14,1624611008, 0, 1, 0.00
AFLfast,pngtest,14,1624611013, 0, 1, 0.00
AFLfast,pngtest,14,1624611018, 0, 1, 0.00
AFLfast,pngtest,14,1624611023, 0, 1, 0.00
AFLfast,pngtest,14,1624611028, 0, 1, 0.00
AFLfast,pngtest,14,1624611033, 0, 1, 0.00
AFLfast,pngtest,14,1624611038, 0, 1, 0.00
AFLfast,pngtest,14,1624611044, 0, 1, 0.00
AFLfast,pngtest,14,1624611049, 0, 1, 0.00
AFLfast,pngtest,14,1624611054, 0, 1, 0.00
AFLfast,pngtest,14,1624611059, 0, 1, 0.00
AFLfast,pngtest,14,1624611064, 0, 1, 0.00
AFLfast,pngtest,14,1624611069, 0, 1, 0.00
AFLfast,pngtest,14,1624611074, 0, 1, 0.00
AFLfast,pngtest,14,1624611079, 0, 1, 0.00
AFLfast,pngtest,14,1624611085, 0, 1, 0.00
AFLfast,pngtest,14,1624611090, 0, 1, 0.00
AFLfast,pngtest,14,1624611095, 0, 1, 0.00
AFLfast,pngtest,14,1624611100, 0, 1, 0.00
AFLfast,pngtest,14,1624611105, 0, 1, 0.00
AFLfast,pngtest,14,1624611110, 0, 1, 0.00
AFLfast,pngtest,14,1624611115, 0, 1, 0.00
AFLfast,pngtest,14,1624611121, 0, 1, 0.00
AFLfast,pngtest,14,1624611126, 0, 1, 0.00
AFLfast,pngtest,14,1624611131, 0, 1, 0.00
AFLfast,pngtest,14,1624611136, 0, 1, 0.00
AFLfast,pngtest,14,1624611141, 0, 1, 0.00
AFLfast,pngtest,14,1624611146, 0, 1, 0.00
AFLfast,pngtest,14,1624611151, 0, 1, 0.00
AFLfast,pngtest,14,1624611157, 0, 1, 0.00
AFLfast,pngtest,14,1624611162, 0, 1, 0.00
AFLfast,pngtest,14,1624611167, 0, 1, 0.00
AFLfast,pngtest,14,1624611172, 0, 1, 0.00
AFLfast,pngtest,14,1624611177, 0, 1, 0.00
AFLfast,pngtest,14,1624611182, 0, 1, 0.00
AFLfast,pngtest,14,1624611187, 0, 1, 0.00
AFLfast,pngtest,14,1624611193, 0, 1, 0.00
AFLfast,pngtest,14,1624611198, 0, 1, 0.00
AFLfast,pngtest,14,1624611203, 0, 1, 0.00
AFLfast,pngtest,14,1624611208, 0, 1, 0.00
AFLfast,pngtest,14,1624611213, 0, 1, 0.00
AFLfast,pngtest,14,1624611218, 0, 1, 0.00
AFLfast,pngtest,14,1624611223, 0, 1, 0.00
AFLfast,pngtest,14,1624611228, 0, 1, 0.00
AFLfast,pngtest,14,1624611233, 0, 1, 0.00
AFLfast,pngtest,14,1624611239, 0, 1, 0.00
AFLfast,pngtest,14,1624611244, 0, 1, 0.00
AFLfast,pngtest,14,1624611249, 0, 1, 0.00
AFLfast,pngtest,14,1624611254, 0, 1, 0.00
AFLfast,pngtest,14,1624611259, 0, 1, 0.00
AFLfast,pngtest,14,1624611264, 0, 1, 0.00
AFLfast,pngtest,14,1624611269, 0, 1, 0.00
AFLfast,pngtest,14,1624611275, 0, 1, 0.00
AFLfast,pngtest,14,1624611280, 0, 1, 0.00
AFLfast,pngtest,14,1624611285, 0, 1, 0.00
AFLfast,pngtest,14,1624611290, 0, 1, 0.00
AFLfast,pngtest,14,1624611295, 0, 1, 0.00
AFLfast,pngtest,14,1624611300, 0, 1, 0.00
AFLfast,pngtest,14,1624611305, 0, 1, 0.00
AFLfast,pngtest,14,1624611310, 0, 1, 0.00
AFLfast,pngtest,14,1624611316, 0, 1, 0.00
AFLfast,pngtest,14,1624611321, 0, 1, 0.00
AFLfast,pngtest,14,1624611326, 0, 1, 0.00
AFLfast,pngtest,14,1624611331, 0, 1, 0.00
AFLfast,pngtest,14,1624611336, 0, 1, 0.00
AFLfast,pngtest,14,1624611342, 0, 1, 0.00
AFLfast,pngtest,14,1624611347, 0, 1, 0.00
AFLfast,pngtest,14,1624611352, 0, 1, 0.00
AFLfast,pngtest,14,1624611357, 0, 1, 0.00
AFLfast,pngtest,14,1624611362, 0, 1, 0.00
AFLfast,pngtest,14,1624611367, 0, 1, 0.00
AFLfast,pngtest,14,1624611372, 0, 1, 0.00
AFLfast,pngtest,14,1624611378, 0, 1, 0.00
AFLfast,pngtest,14,1624611383, 0, 1, 0.00
AFLfast,pngtest,14,1624611388, 0, 1, 0.00
AFLfast,pngtest,14,1624611393, 0, 1, 0.00
AFLfast,pngtest,14,1624611398, 0, 1, 0.00
AFLfast,pngtest,14,1624611403, 0, 1, 0.00
AFLfast,pngtest,14,1624611408, 0, 1, 0.00
AFLfast,pngtest,14,1624611413, 0, 1, 0.00
AFLfast,pngtest,14,1624611419, 0, 1, 0.00
AFLfast,pngtest,14,1624611424, 0, 1, 0.00
AFLfast,pngtest,14,1624611429, 0, 1, 0.00
AFLfast,pngtest,14,1624611434, 0, 1, 0.00
AFLfast,pngtest,14,1624611439, 0, 1, 0.00
AFLfast,pngtest,14,1624611444, 0, 1, 0.00
AFLfast,pngtest,14,1624611449, 0, 1, 0.00
AFLfast,pngtest,14,1624611454, 0, 1, 0.00
AFLfast,pngtest,14,1624611459, 0, 1, 0.00
AFLfast,pngtest,14,1624611465, 0, 1, 0.00
AFLfast,pngtest,14,1624611470, 0, 1, 0.00
AFLfast,pngtest,14,1624611475, 0, 1, 0.00
AFLfast,pngtest,14,1624611480, 0, 1, 0.00
AFLfast,pngtest,14,1624611485, 0, 1, 0.00
AFLfast,pngtest,14,1624611490, 0, 1, 0.00
AFLfast,pngtest,14,1624611495, 0, 1, 0.00
AFLfast,pngtest,14,1624611500, 0, 1, 0.00
AFLfast,pngtest,14,1624611505, 0, 1, 0.00
AFLfast,pngtest,14,1624611510, 0, 1, 0.00
AFLfast,pngtest,14,1624611515, 0, 1, 0.00
AFLfast,pngtest,14,1624611521, 0, 1, 0.00
AFLfast,pngtest,14,1624611526, 0, 1, 0.00
AFLfast,pngtest,14,1624611531, 0, 1, 0.00
AFLfast,pngtest,14,1624611536, 0, 1, 0.00
AFLfast,pngtest,14,1624611541, 0, 1, 0.00
AFLfast,pngtest,14,1624611546, 0, 1, 0.00
AFLfast,pngtest,14,1624611551, 0, 1, 0.00
AFLfast,pngtest,14,1624611556, 0, 1, 0.00
AFLfast,pngtest,14,1624611561, 0, 1, 0.00
AFLfast,pngtest,14,1624611566, 0, 1, 0.00
AFLfast,pngtest,14,1624611572, 0, 1, 0.00
AFLfast,pngtest,14,1624611577, 0, 1, 0.00
AFLfast,pngtest,14,1624611582, 0, 1, 0.00
AFLfast,pngtest,14,1624611587, 0, 1, 0.00
AFLfast,pngtest,14,1624611592, 0, 1, 0.00
AFLfast,pngtest,14,1624611597, 0, 1, 0.00
AFLfast,pngtest,14,1624611603, 0, 1, 0.00
AFLfast,pngtest,14,1624611608, 0, 1, 0.00
AFLfast,pngtest,14,1624611613, 0, 1, 0.00
AFLfast,pngtest,14,1624611618, 0, 1, 0.00
AFLfast,pngtest,14,1624611624, 0, 1, 0.00
AFLfast,pngtest,14,1624611629, 0, 1, 0.00
AFLfast,pngtest,14,1624611634, 0, 1, 0.00
AFLfast,pngtest,14,1624611639, 0, 1, 0.00
AFLfast,pngtest,14,1624611644, 0, 1, 0.00
AFLfast,pngtest,14,1624611649, 0, 1, 0.00
AFLfast,pngtest,14,1624611654, 0, 1, 0.00
AFLfast,pngtest,14,1624611659, 0, 1, 0.00
AFLfast,pngtest,14,1624611664, 0, 1, 0.00
AFLfast,pngtest,14,1624611670, 0, 1, 0.00
AFLfast,pngtest,14,1624611675, 0, 1, 0.00
AFLfast,pngtest,14,1624611680, 0, 1, 0.00
AFLfast,pngtest,14,1624611685, 0, 1, 0.00
AFLfast,pngtest,14,1624611690, 0, 1, 0.00
AFLfast,pngtest,14,1624611695, 0, 1, 0.00
AFLfast,pngtest,14,1624611700, 0, 1, 0.00
AFLfast,pngtest,14,1624611706, 0, 1, 0.00
AFLfast,pngtest,14,1624611711, 0, 1, 0.00
AFLfast,pngtest,14,1624611716, 0, 1, 0.00
AFLfast,pngtest,14,1624611721, 0, 1, 0.00
AFLfast,pngtest,14,1624611726, 0, 1, 0.00
AFLfast,pngtest,14,1624611732, 0, 1, 0.00
AFLfast,pngtest,14,1624611737, 0, 1, 0.00
AFLfast,pngtest,14,1624611742, 0, 1, 0.00
AFLfast,pngtest,14,1624611747, 0, 1, 0.00
AFLfast,pngtest,14,1624611752, 0, 1, 0.00
AFLfast,pngtest,14,1624611757, 0, 1, 0.00
AFLfast,pngtest,14,1624611762, 0, 1, 0.00
AFLfast,pngtest,14,1624611767, 0, 1, 0.00
AFLfast,pngtest,14,1624611772, 0, 1, 0.00
AFLfast,pngtest,14,1624611777, 0, 1, 0.00
AFLfast,pngtest,14,1624611783, 0, 1, 0.00
AFLfast,pngtest,14,1624611788, 0, 1, 0.00
AFLfast,pngtest,14,1624611793, 0, 1, 0.00
AFLfast,pngtest,14,1624611798, 0, 1, 0.00
AFLfast,pngtest,14,1624611803, 0, 1, 0.00
AFLfast,pngtest,14,1624611808, 0, 1, 0.00
AFLfast,pngtest,14,1624611813, 0, 1, 0.00
AFLfast,pngtest,14,1624611818, 0, 1, 0.00
AFLfast,pngtest,14,1624611823, 0, 1, 0.00
AFLfast,pngtest,14,1624611829, 0, 1, 0.00
AFLfast,pngtest,14,1624611834, 0, 1, 0.00
AFLfast,pngtest,14,1624611839, 0, 1, 0.00
AFLfast,pngtest,14,1624611844, 0, 1, 0.00
AFLfast,pngtest,14,1624611849, 0, 1, 0.00
AFLfast,pngtest,14,1624611854, 0, 1, 0.00
AFLfast,pngtest,14,1624611859, 0, 1, 0.00
AFLfast,pngtest,14,1624611865, 0, 1, 0.00
AFLfast,pngtest,14,1624611870, 0, 1, 0.00
AFLfast,pngtest,14,1624611875, 0, 1, 0.00
AFLfast,pngtest,14,1624611880, 0, 1, 0.00
AFLfast,pngtest,14,1624611885, 0, 1, 0.00
AFLfast,pngtest,14,1624611890, 0, 1, 0.00
AFLfast,pngtest,14,1624611896, 0, 1, 0.00
AFLfast,pngtest,14,1624611901, 0, 1, 0.00
AFLfast,pngtest,14,1624611906, 0, 1, 0.00
AFLfast,pngtest,14,1624611911, 0, 1, 0.00
AFLfast,pngtest,14,1624611916, 0, 1, 0.00
AFLfast,pngtest,14,1624611921, 0, 1, 0.00
AFLfast,pngtest,14,1624611926, 0, 1, 0.00
AFLfast,pngtest,14,1624611932, 0, 1, 0.00
AFLfast,pngtest,14,1624611937, 0, 1, 0.00
AFLfast,pngtest,14,1624611942, 0, 1, 0.00
AFLfast,pngtest,14,1624611947, 0, 1, 0.00
AFLfast,pngtest,14,1624611952, 0, 1, 0.00
AFLfast,pngtest,14,1624611957, 0, 1, 0.00
AFLfast,pngtest,14,1624611963, 0, 1, 0.00
AFLfast,pngtest,14,1624611968, 0, 1, 0.00
AFLfast,pngtest,14,1624611973, 0, 1, 0.00
AFLfast,pngtest,14,1624611978, 0, 1, 0.00
AFLfast,pngtest,14,1624611983, 0, 1, 0.00
AFLfast,pngtest,14,1624611988, 0, 1, 0.00
AFLfast,pngtest,14,1624611994, 0, 1, 0.00
AFLfast,pngtest,14,1624611999, 0, 1, 0.00
AFLfast,pngtest,14,1624612004, 0, 1, 0.00
AFLfast,pngtest,14,1624612009, 0, 1, 0.00
AFLfast,pngtest,14,1624612014, 0, 1, 0.00
AFLfast,pngtest,14,1624612019, 0, 1, 0.00
AFLfast,pngtest,14,1624612024, 0, 1, 0.00
AFLfast,pngtest,14,1624612029, 0, 1, 0.00
AFLfast,pngtest,14,1624612035, 0, 1, 0.00
AFLfast,pngtest,14,1624612040, 0, 1, 0.00
AFLfast,pngtest,14,1624612045, 0, 1, 0.00
AFLfast,pngtest,14,1624612050, 0, 1, 0.00
AFLfast,pngtest,14,1624612055, 0, 1, 0.00
AFLfast,pngtest,14,1624612061, 0, 1, 0.00
AFLfast,pngtest,14,1624612066, 0, 1, 0.00
AFLfast,pngtest,14,1624612071, 0, 1, 0.00
AFLfast,pngtest,14,1624612076, 0, 1, 0.00
AFLfast,pngtest,14,1624612081, 0, 1, 0.00
AFLfast,pngtest,14,1624612086, 0, 1, 0.00
AFLfast,pngtest,14,1624612091, 0, 1, 0.00
AFLfast,pngtest,14,1624612096, 0, 1, 0.00
AFLfast,pngtest,14,1624612102, 0, 1, 0.00
AFLfast,pngtest,14,1624612107, 0, 1, 0.00
AFLfast,pngtest,14,1624612112, 0, 1, 0.00
AFLfast,pngtest,14,1624612117, 0, 1, 0.00
AFLfast,pngtest,14,1624612122, 0, 1, 0.00
AFLfast,pngtest,14,1624612128, 0, 1, 0.00
AFLfast,pngtest,14,1624612133, 0, 1, 0.00
AFLfast,pngtest,14,1624612138, 0, 1, 0.00
AFLfast,pngtest,14,1624612143, 0, 1, 0.00
AFLfast,pngtest,14,1624612148, 0, 1, 0.00
AFLfast,pngtest,14,1624612153, 0, 1, 0.00
AFLfast,pngtest,14,1624612158, 0, 1, 0.00
AFLfast,pngtest,14,1624612163, 0, 1, 0.00
AFLfast,pngtest,14,1624612168, 0, 1, 0.00
AFLfast,pngtest,14,1624612174, 0, 1, 0.00
AFLfast,pngtest,14,1624612179, 0, 1, 0.00
AFLfast,pngtest,14,1624612184, 0, 1, 0.00
AFLfast,pngtest,14,1624612189, 0, 1, 0.00
AFLfast,pngtest,14,1624612194, 0, 1, 0.00
AFLfast,pngtest,14,1624612199, 0, 1, 0.00
AFLfast,pngtest,14,1624612204, 0, 1, 0.00
AFLfast,pngtest,14,1624612210, 0, 1, 0.00
AFLfast,pngtest,14,1624612215, 0, 1, 0.00
AFLfast,pngtest,14,1624612220, 0, 1, 0.00
AFLfast,pngtest,14,1624612225, 0, 1, 0.00
AFLfast,pngtest,14,1624612230, 0, 1, 0.00
AFLfast,pngtest,14,1624612235, 0, 1, 0.00
AFLfast,pngtest,14,1624612241, 0, 1, 0.00
AFLfast,pngtest,14,1624612246, 0, 1, 0.00
AFLfast,pngtest,14,1624612251, 0, 1, 0.00
AFLfast,pngtest,14,1624612256, 0, 1, 0.00
AFLfast,pngtest,14,1624612261, 0, 1, 0.00
AFLfast,pngtest,14,1624612267, 0, 1, 0.00
AFLfast,pngtest,14,1624612272, 0, 1, 0.00
AFLfast,pngtest,14,1624612277, 0, 1, 0.00
AFLfast,pngtest,14,1624612282, 0, 1, 0.00
AFLfast,pngtest,14,1624612287, 0, 1, 0.00
AFLfast,pngtest,14,1624612292, 0, 1, 0.00
AFLfast,pngtest,14,1624612298, 0, 1, 0.00
AFLfast,pngtest,14,1624612303, 0, 1, 0.00
AFLfast,pngtest,14,1624612308, 0, 1, 0.00
AFLfast,pngtest,14,1624612313, 0, 1, 0.00
AFLfast,pngtest,14,1624612318, 0, 1, 0.00
AFLfast,pngtest,14,1624612323, 0, 1, 0.00
AFLfast,pngtest,14,1624612328, 0, 1, 0.00
AFLfast,pngtest,14,1624612334, 0, 1, 0.00
AFLfast,pngtest,14,1624612339, 0, 1, 0.00
AFLfast,pngtest,14,1624612344, 0, 1, 0.00
AFLfast,pngtest,14,1624612349, 0, 1, 0.00
AFLfast,pngtest,14,1624612354, 0, 1, 0.00
AFLfast,pngtest,14,1624612359, 0, 1, 0.00
AFLfast,pngtest,14,1624612364, 0, 1, 0.00
AFLfast,pngtest,14,1624612370, 0, 1, 0.00
AFLfast,pngtest,14,1624612375, 0, 1, 0.00
AFLfast,pngtest,14,1624612380, 0, 1, 0.00
AFLfast,pngtest,14,1624612385, 0, 1, 0.00
AFLfast,pngtest,14,1624612390, 0, 1, 0.00
AFLfast,pngtest,14,1624612396, 0, 1, 0.00
AFLfast,pngtest,14,1624612401, 0, 1, 0.00
AFLfast,pngtest,14,1624612406, 0, 1, 0.00
AFLfast,pngtest,14,1624612411, 0, 1, 0.00
AFLfast,pngtest,14,1624612416, 0, 1, 0.00
AFLfast,pngtest,14,1624612421, 0, 1, 0.00
AFLfast,pngtest,14,1624612426, 0, 1, 0.00
AFLfast,pngtest,14,1624612431, 0, 1, 0.00
AFLfast,pngtest,14,1624612437, 0, 1, 0.00
AFLfast,pngtest,14,1624612442, 0, 1, 0.00
AFLfast,pngtest,14,1624612447, 0, 1, 0.00
AFLfast,pngtest,14,1624612452, 0, 1, 0.00
AFLfast,pngtest,14,1624612457, 0, 1, 0.00
AFLfast,pngtest,14,1624612462, 0, 1, 0.00
AFLfast,pngtest,14,1624612468, 0, 1, 0.00
AFLfast,pngtest,14,1624612473, 0, 1, 0.00
AFLfast,pngtest,14,1624612478, 0, 1, 0.00
AFLfast,pngtest,14,1624612483, 0, 1, 0.00
AFLfast,pngtest,14,1624612488, 0, 1, 0.00
AFLfast,pngtest,14,1624612493, 0, 1, 0.00
AFLfast,pngtest,14,1624612498, 0, 1, 0.00
AFLfast,pngtest,14,1624612504, 0, 1, 0.00
AFLfast,pngtest,14,1624612509, 0, 1, 0.00
AFLfast,pngtest,14,1624612514, 0, 1, 0.00
AFLfast,pngtest,14,1624612519, 0, 1, 0.00
AFLfast,pngtest,14,1624612524, 0, 1, 0.00
AFLfast,pngtest,14,1624612530, 0, 1, 0.00
AFLfast,pngtest,14,1624612535, 0, 1, 0.00
AFLfast,pngtest,14,1624612540, 0, 1, 0.00
AFLfast,pngtest,14,1624612545, 0, 1, 0.00
AFLfast,pngtest,14,1624612550, 0, 1, 0.00
AFLfast,pngtest,14,1624612555, 0, 1, 0.00
AFLfast,pngtest,14,1624612561, 0, 1, 0.00
AFLfast,pngtest,14,1624612566, 0, 1, 0.00
AFLfast,pngtest,14,1624612571, 0, 1, 0.00
AFLfast,pngtest,14,1624612576, 0, 1, 0.00
AFLfast,pngtest,14,1624612581, 0, 1, 0.00
AFLfast,pngtest,14,1624612586, 0, 1, 0.00
AFLfast,pngtest,14,1624612591, 0, 1, 0.00
AFLfast,pngtest,14,1624612597, 0, 1, 0.00
AFLfast,pngtest,14,1624612602, 0, 1, 0.00
AFLfast,pngtest,14,1624612607, 0, 1, 0.00
AFLfast,pngtest,14,1624612612, 0, 1, 0.00
AFLfast,pngtest,14,1624612617, 0, 1, 0.00
AFLfast,pngtest,14,1624612622, 0, 1, 0.00
AFLfast,pngtest,14,1624612627, 0, 1, 0.00
AFLfast,pngtest,14,1624612633, 0, 1, 0.00
AFLfast,pngtest,14,1624612638, 0, 1, 0.00
AFLfast,pngtest,14,1624612643, 0, 1, 0.00
AFLfast,pngtest,14,1624612648, 0, 1, 0.00
AFLfast,pngtest,14,1624612653, 0, 1, 0.00
AFLfast,pngtest,14,1624612658, 0, 1, 0.00
AFLfast,pngtest,14,1624612663, 0, 1, 0.00
AFLfast,pngtest,14,1624612669, 0, 1, 0.00
AFLfast,pngtest,14,1624612674, 0, 1, 0.00
AFLfast,pngtest,14,1624612679, 0, 1, 0.00
AFLfast,pngtest,14,1624612684, 0, 1, 0.00
AFLfast,pngtest,14,1624612689, 0, 1, 0.00
AFLfast,pngtest,14,1624612694, 0, 1, 0.00
AFLfast,pngtest,14,1624612700, 0, 1, 0.00
AFLfast,pngtest,14,1624612705, 0, 1, 0.00
AFLfast,pngtest,14,1624612710, 0, 1, 0.00
AFLfast,pngtest,14,1624612715, 0, 1, 0.00
AFLfast,pngtest,14,1624612720, 0, 1, 0.00
AFLfast,pngtest,14,1624612725, 0, 1, 0.00
AFLfast,pngtest,14,1624612730, 0, 1, 0.00
AFLfast,pngtest,14,1624612735, 0, 1, 0.00
AFLfast,pngtest,14,1624612741, 0, 1, 0.00
AFLfast,pngtest,14,1624612746, 0, 1, 0.00
AFLfast,pngtest,14,1624612751, 0, 1, 0.00
AFLfast,pngtest,14,1624612757, 0, 1, 0.00
AFLfast,pngtest,14,1624612762, 0, 1, 0.00
AFLfast,pngtest,14,1624612767, 0, 1, 0.00
AFLfast,pngtest,14,1624612772, 0, 1, 0.00
AFLfast,pngtest,14,1624612777, 0, 1, 0.00
AFLfast,pngtest,14,1624612783, 0, 1, 0.00
AFLfast,pngtest,14,1624612788, 0, 1, 0.00
AFLfast,pngtest,14,1624612793, 0, 1, 0.00
AFLfast,pngtest,14,1624612798, 0, 1, 0.00
AFLfast,pngtest,14,1624612803, 0, 1, 0.00
AFLfast,pngtest,14,1624612808, 0, 1, 0.00
AFLfast,pngtest,14,1624612814, 0, 1, 0.00
AFLfast,pngtest,14,1624612819, 0, 1, 0.00
AFLfast,pngtest,14,1624612824, 0, 1, 0.00
AFLfast,pngtest,14,1624612829, 0, 1, 0.00
AFLfast,pngtest,14,1624612834, 0, 1, 0.00
AFLfast,pngtest,14,1624612839, 0, 1, 0.00
AFLfast,pngtest,14,1624612845, 0, 1, 0.00
AFLfast,pngtest,14,1624612850, 0, 1, 0.00
AFLfast,pngtest,14,1624612855, 0, 1, 0.00
AFLfast,pngtest,14,1624612860, 0, 1, 0.00
AFLfast,pngtest,14,1624612865, 0, 1, 0.00
AFLfast,pngtest,14,1624612870, 0, 1, 0.00
AFLfast,pngtest,14,1624612876, 0, 1, 0.00
AFLfast,pngtest,14,1624612881, 0, 1, 0.00
AFLfast,pngtest,14,1624612886, 0, 1, 0.00
AFLfast,pngtest,14,1624612891, 0, 1, 0.00
AFLfast,pngtest,14,1624612897, 0, 1, 0.00
AFLfast,pngtest,14,1624612902, 0, 1, 0.00
AFLfast,pngtest,14,1624612907, 0, 1, 0.00
AFLfast,pngtest,14,1624612912, 0, 1, 0.00
AFLfast,pngtest,14,1624612917, 0, 1, 0.00
AFLfast,pngtest,14,1624612922, 0, 1, 0.00
AFLfast,pngtest,14,1624612927, 0, 1, 0.00
AFLfast,pngtest,14,1624612932, 0, 1, 0.00
AFLfast,pngtest,14,1624612938, 0, 1, 0.00
AFLfast,pngtest,14,1624612943, 0, 1, 0.00
AFLfast,pngtest,14,1624612948, 0, 1, 0.00
AFLfast,pngtest,14,1624612953, 0, 1, 0.00
AFLfast,pngtest,14,1624612958, 0, 1, 0.00
AFLfast,pngtest,14,1624612963, 0, 1, 0.00
AFLfast,pngtest,14,1624612968, 0, 1, 0.00
AFLfast,pngtest,14,1624612974, 0, 1, 0.00
AFLfast,pngtest,14,1624612979, 0, 1, 0.00
AFLfast,pngtest,14,1624612984, 0, 1, 0.00
AFLfast,pngtest,14,1624612989, 0, 1, 0.00
AFLfast,pngtest,14,1624612994, 0, 1, 0.00
AFLfast,pngtest,14,1624613000, 0, 1, 0.00
AFLfast,pngtest,14,1624613005, 0, 1, 0.00
AFLfast,pngtest,14,1624613010, 0, 1, 0.00
AFLfast,pngtest,14,1624613015, 0, 1, 0.00
AFLfast,pngtest,14,1624613020, 0, 1, 0.00
AFLfast,pngtest,14,1624613025, 0, 1, 0.00
AFLfast,pngtest,14,1624613031, 0, 1, 0.00
AFLfast,pngtest,14,1624613036, 0, 1, 0.00
AFLfast,pngtest,14,1624613041, 0, 1, 0.00
AFLfast,pngtest,14,1624613046, 0, 1, 0.00
AFLfast,pngtest,14,1624613051, 0, 1, 0.00
AFLfast,pngtest,14,1624613057, 0, 1, 0.00
AFLfast,pngtest,14,1624613062, 0, 1, 0.00
AFLfast,pngtest,14,1624613067, 0, 1, 0.00
AFLfast,pngtest,14,1624613072, 0, 1, 0.00
AFLfast,pngtest,14,1624613077, 0, 1, 0.00
AFLfast,pngtest,14,1624613082, 0, 1, 0.00
AFLfast,pngtest,14,1624613087, 0, 1, 0.00
AFLfast,pngtest,14,1624613093, 0, 1, 0.00
AFLfast,pngtest,14,1624613098, 0, 1, 0.00
AFLfast,pngtest,14,1624613103, 0, 1, 0.00
AFLfast,pngtest,14,1624613108, 0, 1, 0.00
AFLfast,pngtest,14,1624613113, 0, 1, 0.00
AFLfast,pngtest,14,1624613119, 0, 1, 0.00
AFLfast,pngtest,14,1624613124, 0, 1, 0.00
AFLfast,pngtest,14,1624613129, 0, 1, 0.00
AFLfast,pngtest,14,1624613134, 0, 1, 0.00
AFLfast,pngtest,14,1624613139, 0, 1, 0.00
AFLfast,pngtest,14,1624613144, 0, 1, 0.00
AFLfast,pngtest,14,1624613149, 0, 1, 0.00
AFLfast,pngtest,14,1624613155, 0, 1, 0.00
AFLfast,pngtest,14,1624613160, 0, 1, 0.00
AFLfast,pngtest,14,1624613165, 0, 1, 0.00
AFLfast,pngtest,14,1624613170, 0, 1, 0.00
AFLfast,pngtest,14,1624613175, 0, 1, 0.00
AFLfast,pngtest,14,1624613180, 0, 1, 0.00
AFLfast,pngtest,14,1624613186, 0, 1, 0.00
AFLfast,pngtest,14,1624613191, 0, 1, 0.00
AFLfast,pngtest,14,1624613196, 0, 1, 0.00
AFLfast,pngtest,14,1624613201, 0, 1, 0.00
AFLfast,pngtest,14,1624613206, 0, 1, 0.00
AFLfast,pngtest,14,1624613211, 0, 1, 0.00
AFLfast,pngtest,14,1624613216, 0, 1, 0.00
AFLfast,pngtest,14,1624613221, 0, 1, 0.00
AFLfast,pngtest,14,1624613226, 0, 1, 0.00
AFLfast,pngtest,14,1624613231, 0, 1, 0.00
AFLfast,pngtest,14,1624613237, 0, 1, 0.00
AFLfast,pngtest,14,1624613242, 0, 1, 0.00
AFLfast,pngtest,14,1624613247, 0, 1, 0.00
AFLfast,pngtest,14,1624613252, 0, 1, 0.00
AFLfast,pngtest,14,1624613257, 0, 1, 0.00
AFLfast,pngtest,14,1624613262, 0, 1, 0.00
AFLfast,pngtest,14,1624613268, 0, 1, 0.00
AFLfast,pngtest,14,1624613273, 0, 1, 0.00
AFLfast,pngtest,14,1624613278, 0, 1, 0.00
AFLfast,pngtest,14,1624613283, 0, 1, 0.00
AFLfast,pngtest,14,1624613288, 0, 1, 0.00
AFLfast,pngtest,14,1624613293, 0, 1, 0.00
AFLfast,pngtest,14,1624613299, 0, 1, 0.00
AFLfast,pngtest,14,1624613304, 0, 1, 0.00
AFLfast,pngtest,14,1624613309, 0, 1, 0.00
AFLfast,pngtest,14,1624613314, 0, 1, 0.00
AFLfast,pngtest,14,1624613320, 0, 1, 0.00
AFLfast,pngtest,14,1624613325, 0, 1, 0.00
AFLfast,pngtest,14,1624613330, 0, 1, 0.00
AFLfast,pngtest,14,1624613335, 0, 1, 0.00
AFLfast,pngtest,14,1624613340, 0, 1, 0.00
AFLfast,pngtest,14,1624613345, 0, 1, 0.00
AFLfast,pngtest,14,1624613350, 0, 1, 0.00
AFLfast,pngtest,14,1624613356, 0, 1, 0.00
AFLfast,pngtest,14,1624613361, 0, 1, 0.00
AFLfast,pngtest,14,1624613366, 0, 1, 0.00
AFLfast,pngtest,14,1624613371, 0, 1, 0.00
AFLfast,pngtest,14,1624613377, 0, 1, 0.00
AFLfast,pngtest,14,1624613382, 0, 1, 0.00
AFLfast,pngtest,14,1624613387, 0, 1, 0.00
AFLfast,pngtest,14,1624613392, 0, 1, 0.00
AFLfast,pngtest,14,1624613397, 0, 1, 0.00
AFLfast,pngtest,14,1624613403, 0, 1, 0.00
AFLfast,pngtest,14,1624613408, 0, 1, 0.00
AFLfast,pngtest,14,1624613413, 0, 1, 0.00
AFLfast,pngtest,14,1624613418, 0, 1, 0.00
AFLfast,pngtest,14,1624613423, 0, 1, 0.00
AFLfast,pngtest,14,1624613428, 0, 1, 0.00
AFLfast,pngtest,14,1624613433, 0, 1, 0.00
AFLfast,pngtest,14,1624613438, 0, 1, 0.00
AFLfast,pngtest,14,1624613444, 0, 1, 0.00
AFLfast,pngtest,14,1624613449, 0, 1, 0.00
AFLfast,pngtest,14,1624613454, 0, 1, 0.00
AFLfast,pngtest,14,1624613459, 0, 1, 0.00
AFLfast,pngtest,14,1624613464, 0, 1, 0.00
AFLfast,pngtest,14,1624613470, 0, 1, 0.00
AFLfast,pngtest,14,1624613475, 0, 1, 0.00
AFLfast,pngtest,14,1624613480, 0, 1, 0.00
AFLfast,pngtest,14,1624613485, 0, 1, 0.00
AFLfast,pngtest,14,1624613490, 0, 1, 0.00
AFLfast,pngtest,14,1624613495, 0, 1, 0.00
AFLfast,pngtest,14,1624613500, 0, 1, 0.00
AFLfast,pngtest,14,1624613506, 0, 1, 0.00
AFLfast,pngtest,14,1624613511, 0, 1, 0.00
AFLfast,pngtest,14,1624613516, 0, 1, 0.00
AFLfast,pngtest,14,1624613521, 0, 1, 0.00
AFLfast,pngtest,14,1624613526, 0, 1, 0.00
AFLfast,pngtest,14,1624613531, 0, 1, 0.00
AFLfast,pngtest,14,1624613536, 0, 1, 0.00
AFLfast,pngtest,14,1624613541, 0, 1, 0.00
AFLfast,pngtest,14,1624613547, 0, 1, 0.00
AFLfast,pngtest,14,1624613552, 0, 1, 0.00
AFLfast,pngtest,14,1624613557, 0, 1, 0.00
AFLfast,pngtest,14,1624613562, 0, 1, 0.00
AFLfast,pngtest,14,1624613567, 0, 1, 0.00
AFLfast,pngtest,14,1624613572, 0, 1, 0.00
AFLfast,pngtest,14,1624613577, 0, 1, 0.00
AFLfast,pngtest,14,1624613583, 0, 1, 0.00
AFLfast,pngtest,14,1624613588, 0, 1, 0.00
AFLfast,pngtest,14,1624613593, 0, 1, 0.00
AFLfast,pngtest,14,1624613598, 0, 1, 0.00
AFLfast,pngtest,14,1624613603, 0, 1, 0.00
AFLfast,pngtest,14,1624613608, 0, 1, 0.00
AFLfast,pngtest,14,1624613613, 0, 1, 0.00
AFLfast,pngtest,14,1624613618, 0, 1, 0.00
AFLfast,pngtest,14,1624613624, 0, 1, 0.00
AFLfast,pngtest,14,1624613629, 0, 1, 0.00
AFLfast,pngtest,14,1624613634, 0, 1, 0.00
AFLfast,pngtest,14,1624613639, 0, 1, 0.00
AFLfast,pngtest,14,1624613644, 0, 1, 0.00
AFLfast,pngtest,14,1624613650, 0, 1, 0.00
AFLfast,pngtest,14,1624613655, 0, 1, 0.00
AFLfast,pngtest,14,1624613660, 0, 1, 0.00
AFLfast,pngtest,14,1624613665, 0, 1, 0.00
AFLfast,pngtest,14,1624613670, 0, 1, 0.00
AFLfast,pngtest,14,1624613675, 0, 1, 0.00
AFLfast,pngtest,14,1624613680, 0, 1, 0.00
AFLfast,pngtest,14,1624613685, 0, 1, 0.00
AFLfast,pngtest,14,1624613691, 0, 1, 0.00
AFLfast,pngtest,14,1624613696, 0, 1, 0.00
AFLfast,pngtest,14,1624613701, 0, 1, 0.00
AFLfast,pngtest,14,1624613706, 0, 1, 0.00
AFLfast,pngtest,14,1624613711, 0, 1, 0.00
AFLfast,pngtest,14,1624613716, 0, 1, 0.00
AFLfast,pngtest,14,1624613721, 0, 1, 0.00
AFLfast,pngtest,14,1624613726, 0, 1, 0.00
AFLfast,pngtest,14,1624613731, 0, 1, 0.00
AFLfast,pngtest,14,1624613736, 0, 1, 0.00
AFLfast,pngtest,14,1624613741, 0, 1, 0.00
AFLfast,pngtest,14,1624613747, 0, 1, 0.00
AFLfast,pngtest,14,1624613752, 0, 1, 0.00
AFLfast,pngtest,14,1624613757, 0, 1, 0.00
AFLfast,pngtest,14,1624613762, 0, 1, 0.00
AFLfast,pngtest,14,1624613767, 0, 1, 0.00
AFLfast,pngtest,14,1624613772, 0, 1, 0.00
AFLfast,pngtest,14,1624613778, 0, 1, 0.00
AFLfast,pngtest,14,1624613783, 0, 1, 0.00
AFLfast,pngtest,14,1624613788, 0, 1, 0.00
AFLfast,pngtest,14,1624613793, 0, 1, 0.00
AFLfast,pngtest,14,1624613798, 0, 1, 0.00
AFLfast,pngtest,14,1624613803, 0, 1, 0.00
AFLfast,pngtest,14,1624613808, 0, 1, 0.00
AFLfast,pngtest,14,1624613814, 0, 1, 0.00
AFLfast,pngtest,14,1624613819, 0, 1, 0.00
AFLfast,pngtest,14,1624613824, 0, 1, 0.00
AFLfast,pngtest,14,1624613829, 0, 1, 0.00
AFLfast,pngtest,14,1624613834, 0, 1, 0.00
AFLfast,pngtest,14,1624613839, 0, 1, 0.00
AFLfast,pngtest,14,1624613844, 0, 1, 0.00
AFLfast,pngtest,14,1624613850, 0, 1, 0.00
AFLfast,pngtest,14,1624613855, 0, 1, 0.00
AFLfast,pngtest,14,1624613860, 0, 1, 0.00
AFLfast,pngtest,14,1624613865, 0, 1, 0.00
AFLfast,pngtest,14,1624613871, 0, 1, 0.00
AFLfast,pngtest,14,1624613876, 0, 1, 0.00
AFLfast,pngtest,14,1624613881, 0, 1, 0.00
AFLfast,pngtest,14,1624613886, 0, 1, 0.00
AFLfast,pngtest,14,1624613891, 0, 1, 0.00
AFLfast,pngtest,14,1624613896, 0, 1, 0.00
AFLfast,pngtest,14,1624613901, 0, 1, 0.00
AFLfast,pngtest,14,1624613907, 0, 1, 0.00
AFLfast,pngtest,14,1624613912, 0, 1, 0.00
AFLfast,pngtest,14,1624613917, 0, 1, 0.00
AFLfast,pngtest,14,1624613922, 0, 1, 0.00
AFLfast,pngtest,14,1624613927, 0, 1, 0.00
AFLfast,pngtest,14,1624613932, 0, 1, 0.00
AFLfast,pngtest,14,1624613937, 0, 1, 0.00
AFLfast,pngtest,14,1624613942, 0, 1, 0.00
AFLfast,pngtest,14,1624613947, 0, 1, 0.00
AFLfast,pngtest,14,1624613953, 0, 1, 0.00
AFLfast,pngtest,14,1624613958, 0, 1, 0.00
AFLfast,pngtest,14,1624613963, 0, 1, 0.00
AFLfast,pngtest,14,1624613968, 0, 1, 0.00
AFLfast,pngtest,14,1624613974, 0, 1, 0.00
AFLfast,pngtest,14,1624613979, 0, 1, 0.00
AFLfast,pngtest,14,1624613984, 0, 1, 0.00
AFLfast,pngtest,14,1624613990, 0, 1, 0.00
AFLfast,pngtest,14,1624613995, 0, 1, 0.00
AFLfast,pngtest,14,1624614000, 0, 1, 0.00
AFLfast,pngtest,14,1624614005, 0, 1, 0.00
AFLfast,pngtest,14,1624614010, 0, 1, 0.00
AFLfast,pngtest,14,1624614015, 0, 1, 0.00
AFLfast,pngtest,14,1624614020, 0, 1, 0.00
AFLfast,pngtest,14,1624614025, 0, 1, 0.00
AFLfast,pngtest,14,1624614031, 0, 1, 0.00
AFLfast,pngtest,14,1624614036, 0, 1, 0.00
AFLfast,pngtest,14,1624614041, 0, 1, 0.00
AFLfast,pngtest,14,1624614046, 0, 1, 0.00
AFLfast,pngtest,14,1624614051, 0, 1, 0.00
AFLfast,pngtest,14,1624614056, 0, 1, 0.00
AFLfast,pngtest,14,1624614061, 0, 1, 0.00
AFLfast,pngtest,14,1624614066, 0, 1, 0.00
AFLfast,pngtest,14,1624614071, 0, 1, 0.00
AFLfast,pngtest,14,1624614077, 0, 1, 0.00
AFLfast,pngtest,14,1624614082, 0, 1, 0.00
AFLfast,pngtest,14,1624614087, 0, 1, 0.00
AFLfast,pngtest,14,1624614092, 0, 1, 0.00
AFLfast,pngtest,14,1624614097, 0, 1, 0.00
AFLfast,pngtest,14,1624614102, 0, 1, 0.00
AFLfast,pngtest,14,1624614107, 0, 1, 0.00
AFLfast,pngtest,14,1624614112, 0, 1, 0.00
AFLfast,pngtest,14,1624614117, 0, 1, 0.00
AFLfast,pngtest,14,1624614123, 0, 1, 0.00
AFLfast,pngtest,14,1624614128, 0, 1, 0.00
AFLfast,pngtest,14,1624614133, 0, 1, 0.00
AFLfast,pngtest,14,1624614138, 0, 1, 0.00
AFLfast,pngtest,14,1624614143, 0, 1, 0.00
AFLfast,pngtest,14,1624614149, 0, 1, 0.00
AFLfast,pngtest,14,1624614154, 0, 1, 0.00
AFLfast,pngtest,14,1624614159, 0, 1, 0.00
AFLfast,pngtest,14,1624614164, 0, 1, 0.00
AFLfast,pngtest,14,1624614169, 0, 1, 0.00
AFLfast,pngtest,14,1624614175, 0, 1, 0.00
AFLfast,pngtest,14,1624614180, 0, 1, 0.00
AFLfast,pngtest,14,1624614185, 0, 1, 0.00
AFLfast,pngtest,14,1624614190, 0, 1, 0.00
AFLfast,pngtest,14,1624614195, 0, 1, 0.00
AFLfast,pngtest,14,1624614200, 0, 1, 0.00
AFLfast,pngtest,14,1624614205, 0, 1, 0.00
AFLfast,pngtest,14,1624614210, 0, 1, 0.00
AFLfast,pngtest,14,1624614215, 0, 1, 0.00
AFLfast,pngtest,14,1624614221, 0, 1, 0.00
AFLfast,pngtest,14,1624614226, 0, 1, 0.00
AFLfast,pngtest,14,1624614231, 0, 1, 0.00
AFLfast,pngtest,14,1624614236, 0, 1, 0.00
AFLfast,pngtest,14,1624614242, 0, 1, 0.00
AFLfast,pngtest,14,1624614247, 0, 1, 0.00
AFLfast,pngtest,14,1624614252, 0, 1, 0.00
AFLfast,pngtest,14,1624614257, 0, 1, 0.00
AFLfast,pngtest,14,1624614262, 0, 1, 0.00
AFLfast,pngtest,14,1624614268, 0, 1, 0.00
AFLfast,pngtest,14,1624614273, 0, 1, 0.00
AFLfast,pngtest,14,1624614278, 0, 1, 0.00
AFLfast,pngtest,14,1624614283, 0, 1, 0.00
AFLfast,pngtest,14,1624614288, 0, 1, 0.00
AFLfast,pngtest,14,1624614294, 0, 1, 0.00
AFLfast,pngtest,14,1624614299, 0, 1, 0.00
AFLfast,pngtest,14,1624614304, 0, 1, 0.00
AFLfast,pngtest,14,1624614309, 0, 1, 0.00
AFLfast,pngtest,14,1624614314, 0, 1, 0.00
AFLfast,pngtest,14,1624614320, 0, 1, 0.00
AFLfast,pngtest,14,1624614325, 0, 1, 0.00
AFLfast,pngtest,14,1624614330, 0, 1, 0.00
AFLfast,pngtest,14,1624614335, 0, 1, 0.00
AFLfast,pngtest,14,1624614340, 0, 1, 0.00
AFLfast,pngtest,14,1624614345, 0, 1, 0.00
AFLfast,pngtest,14,1624614350, 0, 1, 0.00
AFLfast,pngtest,14,1624614355, 0, 1, 0.00
AFLfast,pngtest,14,1624614361, 0, 1, 0.00
AFLfast,pngtest,14,1624614366, 0, 1, 0.00
AFLfast,pngtest,14,1624614371, 0, 1, 0.00
AFLfast,pngtest,14,1624614376, 0, 1, 0.00
AFLfast,pngtest,14,1624614381, 0, 1, 0.00
AFLfast,pngtest,14,1624614387, 0, 1, 0.00
AFLfast,pngtest,14,1624614392, 0, 1, 0.00
AFLfast,pngtest,14,1624614397, 0, 1, 0.00
AFLfast,pngtest,14,1624614402, 0, 1, 0.00
AFLfast,pngtest,14,1624614408, 0, 1, 0.00
AFLfast,pngtest,14,1624614413, 0, 1, 0.00
AFLfast,pngtest,14,1624614418, 0, 1, 0.00
AFLfast,pngtest,14,1624614423, 0, 1, 0.00
AFLfast,pngtest,14,1624614429, 0, 1, 0.00
AFLfast,pngtest,14,1624614434, 0, 1, 0.00
AFLfast,pngtest,14,1624614439, 0, 1, 0.00
AFLfast,pngtest,14,1624614444, 0, 1, 0.00
AFLfast,pngtest,14,1624614449, 0, 1, 0.00
AFLfast,pngtest,14,1624614455, 0, 1, 0.00
AFLfast,pngtest,14,1624614460, 0, 1, 0.00
AFLfast,pngtest,14,1624614465, 0, 1, 0.00
AFLfast,pngtest,14,1624614470, 0, 1, 0.00
AFLfast,pngtest,14,1624614475, 0, 1, 0.00
AFLfast,pngtest,14,1624614481, 0, 1, 0.00
AFLfast,pngtest,14,1624614486, 0, 1, 0.00
AFLfast,pngtest,14,1624614491, 0, 1, 0.00
AFLfast,pngtest,14,1624614496, 0, 1, 0.00
AFLfast,pngtest,14,1624614501, 0, 1, 0.00
AFLfast,pngtest,14,1624614507, 0, 1, 0.00
AFLfast,pngtest,14,1624614512, 0, 1, 0.00
AFLfast,pngtest,14,1624614517, 0, 1, 0.00
AFLfast,pngtest,14,1624614522, 0, 1, 0.00
AFLfast,pngtest,14,1624614528, 0, 1, 0.00
AFLfast,pngtest,14,1624614533, 0, 1, 0.00
AFLfast,pngtest,14,1624614538, 0, 1, 0.00
AFLfast,pngtest,14,1624614543, 0, 1, 0.00
AFLfast,pngtest,14,1624614548, 0, 1, 0.00
AFLfast,pngtest,14,1624614553, 0, 1, 0.00
AFLfast,pngtest,14,1624614559, 0, 1, 0.00
AFLfast,pngtest,14,1624614564, 0, 1, 0.00
AFLfast,pngtest,14,1624614569, 0, 1, 0.00
AFLfast,pngtest,14,1624614574, 0, 1, 0.00
AFLfast,pngtest,14,1624614579, 0, 1, 0.00
AFLfast,pngtest,14,1624614584, 0, 1, 0.00
AFLfast,pngtest,14,1624614589, 0, 1, 0.00
AFLfast,pngtest,14,1624614594, 0, 1, 0.00
AFLfast,pngtest,14,1624614599, 0, 1, 0.00
AFLfast,pngtest,14,1624614604, 0, 1, 0.00
AFLfast,pngtest,14,1624614610, 0, 1, 0.00
AFLfast,pngtest,14,1624614615, 0, 1, 0.00
AFLfast,pngtest,14,1624614620, 0, 1, 0.00
AFLfast,pngtest,14,1624614625, 0, 1, 0.00
AFLfast,pngtest,14,1624614630, 0, 1, 0.00
AFLfast,pngtest,14,1624614635, 0, 1, 0.00
AFLfast,pngtest,14,1624614640, 0, 1, 0.00
AFLfast,pngtest,14,1624614645, 0, 1, 0.00
AFLfast,pngtest,14,1624614650, 0, 1, 0.00
AFLfast,pngtest,14,1624614656, 0, 1, 0.00
AFLfast,pngtest,14,1624614661, 0, 1, 0.00
AFLfast,pngtest,14,1624614666, 0, 1, 0.00
AFLfast,pngtest,14,1624614671, 0, 1, 0.00
AFLfast,pngtest,14,1624614676, 0, 1, 0.00
AFLfast,pngtest,14,1624614681, 0, 1, 0.00
AFLfast,pngtest,14,1624614686, 0, 1, 0.00
AFLfast,pngtest,14,1624614691, 0, 1, 0.00
AFLfast,pngtest,14,1624614697, 0, 1, 0.00
AFLfast,pngtest,14,1624614702, 0, 1, 0.00
AFLfast,pngtest,14,1624614707, 0, 1, 0.00
AFLfast,pngtest,14,1624614712, 0, 1, 0.00
AFLfast,pngtest,14,1624614717, 0, 1, 0.00
AFLfast,pngtest,14,1624614722, 0, 1, 0.00
AFLfast,pngtest,14,1624614727, 0, 1, 0.00
AFLfast,pngtest,14,1624614733, 0, 1, 0.00
AFLfast,pngtest,14,1624614738, 0, 1, 0.00
AFLfast,pngtest,14,1624614743, 0, 1, 0.00
AFLfast,pngtest,14,1624614748, 0, 1, 0.00
AFLfast,pngtest,14,1624614753, 0, 1, 0.00
AFLfast,pngtest,14,1624614758, 0, 1, 0.00
AFLfast,pngtest,14,1624614763, 0, 1, 0.00
AFLfast,pngtest,14,1624614768, 0, 1, 0.00
AFLfast,pngtest,14,1624614774, 0, 1, 0.00
AFLfast,pngtest,14,1624614779, 0, 1, 0.00
AFLfast,pngtest,14,1624614784, 0, 1, 0.00
AFLfast,pngtest,14,1624614789, 0, 1, 0.00
AFLfast,pngtest,14,1624614794, 0, 1, 0.00
AFLfast,pngtest,14,1624614799, 0, 1, 0.00
AFLfast,pngtest,14,1624614804, 0, 1, 0.00
AFLfast,pngtest,14,1624614810, 0, 1, 0.00
AFLfast,pngtest,14,1624614815, 0, 1, 0.00
AFLfast,pngtest,14,1624614820, 0, 1, 0.00
AFLfast,pngtest,14,1624614825, 0, 1, 0.00
AFLfast,pngtest,14,1624614830, 0, 1, 0.00
AFLfast,pngtest,14,1624614835, 0, 1, 0.00
AFLfast,pngtest,14,1624614840, 0, 1, 0.00
AFLfast,pngtest,14,1624614846, 0, 1, 0.00
AFLfast,pngtest,14,1624614851, 0, 1, 0.00
AFLfast,pngtest,14,1624614856, 0, 1, 0.00
AFLfast,pngtest,14,1624614861, 0, 1, 0.00
AFLfast,pngtest,14,1624614866, 0, 1, 0.00
AFLfast,pngtest,14,1624614871, 0, 1, 0.00
AFLfast,pngtest,14,1624614877, 0, 1, 0.00
AFLfast,pngtest,14,1624614882, 0, 1, 0.00
AFLfast,pngtest,14,1624614887, 0, 1, 0.00
AFLfast,pngtest,14,1624614892, 0, 1, 0.00
AFLfast,pngtest,14,1624614897, 0, 1, 0.00
AFLfast,pngtest,14,1624614903, 0, 1, 0.00
AFLfast,pngtest,14,1624614908, 0, 1, 0.00
AFLfast,pngtest,14,1624614913, 0, 1, 0.00
AFLfast,pngtest,14,1624614918, 0, 1, 0.00
AFLfast,pngtest,14,1624614923, 0, 1, 0.00
AFLfast,pngtest,14,1624614928, 0, 1, 0.00
AFLfast,pngtest,14,1624614933, 0, 1, 0.00
AFLfast,pngtest,14,1624614938, 0, 1, 0.00
AFLfast,pngtest,14,1624614944, 0, 1, 0.00
AFLfast,pngtest,14,1624614949, 0, 1, 0.00
AFLfast,pngtest,14,1624614954, 0, 1, 0.00
AFLfast,pngtest,14,1624614959, 0, 1, 0.00
AFLfast,pngtest,14,1624614964, 0, 1, 0.00
AFLfast,pngtest,14,1624614969, 0, 1, 0.00
AFLfast,pngtest,14,1624614974, 0, 1, 0.00
AFLfast,pngtest,14,1624614980, 0, 1, 0.00
AFLfast,pngtest,14,1624614985, 0, 1, 0.00
AFLfast,pngtest,14,1624614990, 0, 1, 0.00
AFLfast,pngtest,14,1624614995, 0, 1, 0.00
AFLfast,pngtest,14,1624615000, 0, 1, 0.00
AFLfast,pngtest,14,1624615005, 0, 1, 0.00
AFLfast,pngtest,14,1624615011, 0, 1, 0.00
AFLfast,pngtest,14,1624615016, 0, 1, 0.00
AFLfast,pngtest,14,1624615021, 0, 1, 0.00
AFLfast,pngtest,14,1624615026, 0, 1, 0.00
AFLfast,pngtest,14,1624615031, 0, 1, 0.00
AFLfast,pngtest,14,1624615036, 0, 1, 0.00
AFLfast,pngtest,14,1624615042, 0, 1, 0.00
AFLfast,pngtest,14,1624615047, 0, 1, 0.00
AFLfast,pngtest,14,1624615052, 0, 1, 0.00
AFLfast,pngtest,14,1624615057, 0, 1, 0.00
AFLfast,pngtest,14,1624615062, 0, 1, 0.00
AFLfast,pngtest,14,1624615067, 0, 1, 0.00
AFLfast,pngtest,14,1624615072, 0, 1, 0.00
AFLfast,pngtest,14,1624615078, 0, 1, 0.00
AFLfast,pngtest,14,1624615083, 0, 1, 0.00
AFLfast,pngtest,14,1624615088, 0, 1, 0.00
AFLfast,pngtest,14,1624615093, 0, 1, 0.00
AFLfast,pngtest,14,1624615098, 0, 1, 0.00
AFLfast,pngtest,14,1624615103, 0, 1, 0.00
AFLfast,pngtest,14,1624615108, 0, 1, 0.00
AFLfast,pngtest,14,1624615114, 0, 1, 0.00
AFLfast,pngtest,14,1624615119, 0, 1, 0.00
AFLfast,pngtest,14,1624615124, 0, 1, 0.00
AFLfast,pngtest,14,1624615129, 0, 1, 0.00
AFLfast,pngtest,14,1624615134, 0, 1, 0.00
AFLfast,pngtest,14,1624615139, 0, 1, 0.00
AFLfast,pngtest,14,1624615144, 0, 1, 0.00
AFLfast,pngtest,14,1624615149, 0, 1, 0.00
AFLfast,pngtest,14,1624615154, 0, 1, 0.00
AFLfast,pngtest,14,1624615160, 0, 1, 0.00
AFLfast,pngtest,14,1624615165, 0, 1, 0.00
AFLfast,pngtest,14,1624615170, 0, 1, 0.00
AFLfast,pngtest,14,1624615175, 0, 1, 0.00
AFLfast,pngtest,14,1624615180, 0, 1, 0.00
AFLfast,pngtest,14,1624615186, 0, 1, 0.00
AFLfast,pngtest,14,1624615191, 0, 1, 0.00
AFLfast,pngtest,14,1624615196, 0, 1, 0.00
AFLfast,pngtest,14,1624615201, 0, 1, 0.00
AFLfast,pngtest,14,1624615206, 0, 1, 0.00
AFLfast,pngtest,14,1624615211, 0, 1, 0.00
AFLfast,pngtest,14,1624615216, 0, 1, 0.00
AFLfast,pngtest,14,1624615221, 0, 1, 0.00
AFLfast,pngtest,14,1624615226, 0, 1, 0.00
AFLfast,pngtest,14,1624615232, 0, 1, 0.00
AFLfast,pngtest,14,1624615237, 0, 1, 0.00
AFLfast,pngtest,14,1624615242, 0, 1, 0.00
AFLfast,pngtest,14,1624615247, 0, 1, 0.00
AFLfast,pngtest,14,1624615252, 0, 1, 0.00
AFLfast,pngtest,14,1624615257, 0, 1, 0.00
AFLfast,pngtest,14,1624615263, 0, 1, 0.00
AFLfast,pngtest,14,1624615268, 0, 1, 0.00
AFLfast,pngtest,14,1624615273, 0, 1, 0.00
AFLfast,pngtest,14,1624615278, 0, 1, 0.00
AFLfast,pngtest,14,1624615283, 0, 1, 0.00
AFLfast,pngtest,14,1624615288, 0, 1, 0.00
AFLfast,pngtest,14,1624615294, 0, 1, 0.00
AFLfast,pngtest,14,1624615299, 0, 1, 0.00
AFLfast,pngtest,14,1624615304, 0, 1, 0.00
AFLfast,pngtest,14,1624615309, 0, 1, 0.00
AFLfast,pngtest,14,1624615314, 0, 1, 0.00
AFLfast,pngtest,14,1624615319, 0, 1, 0.00
AFLfast,pngtest,14,1624615324, 0, 1, 0.00
AFLfast,pngtest,14,1624615329, 0, 1, 0.00
AFLfast,pngtest,14,1624615334, 0, 1, 0.00
AFLfast,pngtest,14,1624615339, 0, 1, 0.00
AFLfast,pngtest,14,1624615345, 0, 1, 0.00
AFLfast,pngtest,14,1624615350, 0, 1, 0.00
AFLfast,pngtest,14,1624615355, 0, 1, 0.00
AFLfast,pngtest,14,1624615360, 0, 1, 0.00
AFLfast,pngtest,14,1624615365, 0, 1, 0.00
AFLfast,pngtest,14,1624615371, 0, 1, 0.00
AFLfast,pngtest,14,1624615376, 0, 1, 0.00
AFLfast,pngtest,14,1624615381, 0, 1, 0.00
AFLfast,pngtest,14,1624615386, 0, 1, 0.00
AFLfast,pngtest,14,1624615391, 0, 1, 0.00
AFLfast,pngtest,14,1624615396, 0, 1, 0.00
AFLfast,pngtest,14,1624615401, 0, 1, 0.00
AFLfast,pngtest,14,1624615407, 0, 1, 0.00
AFLfast,pngtest,14,1624615412, 0, 1, 0.00
AFLfast,pngtest,14,1624615417, 0, 1, 0.00
AFLfast,pngtest,14,1624615422, 0, 1, 0.00
AFLfast,pngtest,14,1624615427, 0, 1, 0.00
AFLfast,pngtest,14,1624615432, 0, 1, 0.00
AFLfast,pngtest,14,1624615437, 0, 1, 0.00
AFLfast,pngtest,14,1624615442, 0, 1, 0.00
AFLfast,pngtest,14,1624615448, 0, 1, 0.00
AFLfast,pngtest,14,1624615453, 0, 1, 0.00
AFLfast,pngtest,14,1624615458, 0, 1, 0.00
AFLfast,pngtest,14,1624615463, 0, 1, 0.00
AFLfast,pngtest,14,1624615468, 0, 1, 0.00
AFLfast,pngtest,14,1624615473, 0, 1, 0.00
AFLfast,pngtest,14,1624615478, 0, 1, 0.00
AFLfast,pngtest,14,1624615483, 0, 1, 0.00
AFLfast,pngtest,14,1624615488, 0, 1, 0.00
AFLfast,pngtest,14,1624615493, 0, 1, 0.00
AFLfast,pngtest,14,1624615499, 0, 1, 0.00
AFLfast,pngtest,14,1624615504, 0, 1, 0.00
AFLfast,pngtest,14,1624615509, 0, 1, 0.00
AFLfast,pngtest,14,1624615514, 0, 1, 0.00
AFLfast,pngtest,14,1624615520, 0, 1, 0.00
AFLfast,pngtest,14,1624615525, 0, 1, 0.00
AFLfast,pngtest,14,1624615530, 0, 1, 0.00
AFLfast,pngtest,14,1624615535, 0, 1, 0.00
AFLfast,pngtest,14,1624615540, 0, 1, 0.00
AFLfast,pngtest,14,1624615545, 0, 1, 0.00
AFLfast,pngtest,14,1624615550, 0, 1, 0.00
AFLfast,pngtest,14,1624615555, 0, 1, 0.00
AFLfast,pngtest,14,1624615561, 0, 1, 0.00
AFLfast,pngtest,14,1624615566, 0, 1, 0.00
AFLfast,pngtest,14,1624615571, 0, 1, 0.00
AFLfast,pngtest,14,1624615576, 0, 1, 0.00
AFLfast,pngtest,14,1624615581, 0, 1, 0.00
AFLfast,pngtest,14,1624615586, 0, 1, 0.00
AFLfast,pngtest,14,1624615592, 0, 1, 0.00
AFLfast,pngtest,14,1624615597, 0, 1, 0.00
AFLfast,pngtest,14,1624615602, 0, 1, 0.00
AFLfast,pngtest,14,1624615607, 0, 1, 0.00
AFLfast,pngtest,14,1624615612, 0, 1, 0.00
AFLfast,pngtest,14,1624615617, 0, 1, 0.00
AFLfast,pngtest,14,1624615622, 0, 1, 0.00
AFLfast,pngtest,14,1624615627, 0, 1, 0.00
AFLfast,pngtest,14,1624615632, 0, 1, 0.00
AFLfast,pngtest,14,1624615638, 0, 1, 0.00
AFLfast,pngtest,14,1624615643, 0, 1, 0.00
AFLfast,pngtest,14,1624615648, 0, 1, 0.00
AFLfast,pngtest,14,1624615653, 0, 1, 0.00
AFLfast,pngtest,14,1624615658, 0, 1, 0.00
AFLfast,pngtest,14,1624615663, 0, 1, 0.00
AFLfast,pngtest,14,1624615668, 0, 1, 0.00
AFLfast,pngtest,14,1624615673, 0, 1, 0.00
AFLfast,pngtest,14,1624615679, 0, 1, 0.00
AFLfast,pngtest,14,1624615684, 0, 1, 0.00
AFLfast,pngtest,14,1624615689, 0, 1, 0.00
AFLfast,pngtest,14,1624615694, 0, 1, 0.00
AFLfast,pngtest,14,1624615699, 0, 1, 0.00
AFLfast,pngtest,14,1624615704, 0, 1, 0.00
AFLfast,pngtest,14,1624615710, 0, 1, 0.00
AFLfast,pngtest,14,1624615715, 0, 1, 0.00
AFLfast,pngtest,14,1624615720, 0, 1, 0.00
AFLfast,pngtest,14,1624615726, 0, 1, 0.00
AFLfast,pngtest,14,1624615731, 0, 1, 0.00
AFLfast,pngtest,14,1624615736, 0, 1, 0.00
AFLfast,pngtest,14,1624615741, 0, 1, 0.00
AFLfast,pngtest,14,1624615746, 0, 1, 0.00
AFLfast,pngtest,14,1624615751, 0, 1, 0.00
AFLfast,pngtest,14,1624615757, 0, 1, 0.00
AFLfast,pngtest,14,1624615762, 0, 1, 0.00
AFLfast,pngtest,14,1624615767, 0, 1, 0.00
AFLfast,pngtest,14,1624615772, 0, 1, 0.00
AFLfast,pngtest,14,1624615778, 0, 1, 0.00
AFLfast,pngtest,14,1624615783, 0, 1, 0.00
AFLfast,pngtest,14,1624615788, 0, 1, 0.00
AFLfast,pngtest,14,1624615793, 0, 1, 0.00
AFLfast,pngtest,14,1624615798, 0, 1, 0.00
AFLfast,pngtest,14,1624615803, 0, 1, 0.00
AFLfast,pngtest,14,1624615809, 0, 1, 0.00
AFLfast,pngtest,14,1624615814, 0, 1, 0.00
AFLfast,pngtest,14,1624615819, 0, 1, 0.00
AFLfast,pngtest,14,1624615824, 0, 1, 0.00
AFLfast,pngtest,14,1624615829, 0, 1, 0.00
AFLfast,pngtest,14,1624615834, 0, 1, 0.00
AFLfast,pngtest,14,1624615839, 0, 1, 0.00
AFLfast,pngtest,14,1624615845, 0, 1, 0.00
AFLfast,pngtest,14,1624615850, 0, 1, 0.00
AFLfast,pngtest,14,1624615855, 0, 1, 0.00
AFLfast,pngtest,14,1624615860, 0, 1, 0.00
AFLfast,pngtest,14,1624615865, 0, 1, 0.00
AFLfast,pngtest,14,1624615871, 0, 1, 0.00
AFLfast,pngtest,14,1624615876, 0, 1, 0.00
AFLfast,pngtest,14,1624615881, 0, 1, 0.00
AFLfast,pngtest,14,1624615886, 0, 1, 0.00
AFLfast,pngtest,14,1624615891, 0, 1, 0.00
AFLfast,pngtest,14,1624615896, 0, 1, 0.00
AFLfast,pngtest,14,1624615902, 0, 1, 0.00
AFLfast,pngtest,14,1624615907, 0, 1, 0.00
AFLfast,pngtest,14,1624615912, 0, 1, 0.00
AFLfast,pngtest,14,1624615917, 0, 1, 0.00
AFLfast,pngtest,14,1624615922, 0, 1, 0.00
AFLfast,pngtest,14,1624615927, 0, 1, 0.00
AFLfast,pngtest,14,1624615932, 0, 1, 0.00
AFLfast,pngtest,14,1624615937, 0, 1, 0.00
AFLfast,pngtest,14,1624615943, 0, 1, 0.00
AFLfast,pngtest,14,1624615948, 0, 1, 0.00
AFLfast,pngtest,14,1624615953, 0, 1, 0.00
AFLfast,pngtest,14,1624615958, 0, 1, 0.00
AFLfast,pngtest,14,1624615963, 0, 1, 0.00
AFLfast,pngtest,14,1624615968, 0, 1, 0.00
AFLfast,pngtest,14,1624615973, 0, 1, 0.00
AFLfast,pngtest,14,1624615979, 0, 1, 0.00
AFLfast,pngtest,14,1624615984, 0, 1, 0.00
AFLfast,pngtest,14,1624615989, 0, 1, 0.00
AFLfast,pngtest,14,1624615994, 0, 1, 0.00
AFLfast,pngtest,14,1624616000, 0, 1, 0.00
AFLfast,pngtest,14,1624616005, 0, 1, 0.00
AFLfast,pngtest,14,1624616010, 0, 1, 0.00
AFLfast,pngtest,14,1624616015, 0, 1, 0.00
AFLfast,pngtest,14,1624616020, 0, 1, 0.00
AFLfast,pngtest,14,1624616025, 0, 1, 0.00
AFLfast,pngtest,14,1624616031, 0, 1, 0.00
AFLfast,pngtest,14,1624616036, 0, 1, 0.00
AFLfast,pngtest,14,1624616041, 0, 1, 0.00
AFLfast,pngtest,14,1624616046, 0, 1, 0.00
AFLfast,pngtest,14,1624616051, 0, 1, 0.00
AFLfast,pngtest,14,1624616056, 0, 1, 0.00
AFLfast,pngtest,14,1624616062, 0, 1, 0.00
AFLfast,pngtest,14,1624616067, 0, 1, 0.00
AFLfast,pngtest,14,1624616072, 0, 1, 0.00
AFLfast,pngtest,14,1624616077, 0, 1, 0.00
AFLfast,pngtest,14,1624616082, 0, 1, 0.00
AFLfast,pngtest,14,1624616088, 0, 1, 0.00
AFLfast,pngtest,14,1624616093, 0, 1, 0.00
AFLfast,pngtest,14,1624616098, 0, 1, 0.00
AFLfast,pngtest,14,1624616103, 0, 1, 0.00
AFLfast,pngtest,14,1624616108, 0, 1, 0.00
AFLfast,pngtest,14,1624616113, 0, 1, 0.00
AFLfast,pngtest,14,1624616118, 0, 1, 0.00
AFLfast,pngtest,14,1624616124, 0, 1, 0.00
AFLfast,pngtest,14,1624616129, 0, 1, 0.00
AFLfast,pngtest,14,1624616134, 0, 1, 0.00
AFLfast,pngtest,14,1624616139, 0, 1, 0.00
AFLfast,pngtest,14,1624616144, 0, 1, 0.00
AFLfast,pngtest,14,1624616149, 0, 1, 0.00
AFLfast,pngtest,14,1624616155, 0, 1, 0.00
AFLfast,pngtest,14,1624616160, 0, 1, 0.00
AFLfast,pngtest,14,1624616165, 0, 1, 0.00
AFLfast,pngtest,14,1624616170, 0, 1, 0.00
AFLfast,pngtest,14,1624616175, 0, 1, 0.00
AFLfast,pngtest,14,1624616181, 0, 1, 0.00
AFLfast,pngtest,14,1624616186, 0, 1, 0.00
AFLfast,pngtest,14,1624616191, 0, 1, 0.00
AFLfast,pngtest,14,1624616196, 0, 1, 0.00
AFLfast,pngtest,14,1624616201, 0, 1, 0.00
AFLfast,pngtest,14,1624616206, 0, 1, 0.00
AFLfast,pngtest,14,1624616212, 0, 1, 0.00
AFLfast,pngtest,14,1624616217, 0, 1, 0.00
AFLfast,pngtest,14,1624616222, 0, 1, 0.00
AFLfast,pngtest,14,1624616227, 0, 1, 0.00
AFLfast,pngtest,14,1624616232, 0, 1, 0.00
AFLfast,pngtest,14,1624616237, 0, 1, 0.00
AFLfast,pngtest,14,1624616243, 0, 1, 0.00
AFLfast,pngtest,14,1624616248, 0, 1, 0.00
AFLfast,pngtest,14,1624616253, 0, 1, 0.00
AFLfast,pngtest,14,1624616258, 0, 1, 0.00
AFLfast,pngtest,14,1624616263, 0, 1, 0.00
AFLfast,pngtest,14,1624616269, 0, 1, 0.00
AFLfast,pngtest,14,1624616274, 0, 1, 0.00
AFLfast,pngtest,14,1624616279, 0, 1, 0.00
AFLfast,pngtest,14,1624616284, 0, 1, 0.00
AFLfast,pngtest,14,1624616289, 0, 1, 0.00
AFLfast,pngtest,14,1624616294, 0, 1, 0.00
AFLfast,pngtest,14,1624616300, 0, 1, 0.00
AFLfast,pngtest,14,1624616305, 0, 1, 0.00
AFLfast,pngtest,14,1624616310, 0, 1, 0.00
AFLfast,pngtest,14,1624616315, 0, 1, 0.00
AFLfast,pngtest,14,1624616320, 0, 1, 0.00
AFLfast,pngtest,14,1624616325, 0, 1, 0.00
AFLfast,pngtest,14,1624616331, 0, 1, 0.00
AFLfast,pngtest,14,1624616336, 0, 1, 0.00
AFLfast,pngtest,14,1624616341, 0, 1, 0.00
AFLfast,pngtest,14,1624616346, 0, 1, 0.00
AFLfast,pngtest,14,1624616351, 0, 1, 0.00
AFLfast,pngtest,14,1624616357, 0, 1, 0.00
AFLfast,pngtest,14,1624616362, 0, 1, 0.00
AFLfast,pngtest,14,1624616367, 0, 1, 0.00
AFLfast,pngtest,14,1624616372, 0, 1, 0.00
AFLfast,pngtest,14,1624616377, 0, 1, 0.00
AFLfast,pngtest,14,1624616382, 0, 1, 0.00
AFLfast,pngtest,14,1624616388, 0, 1, 0.00
AFLfast,pngtest,14,1624616393, 0, 1, 0.00
AFLfast,pngtest,14,1624616398, 0, 1, 0.00
AFLfast,pngtest,14,1624616403, 0, 1, 0.00
AFLfast,pngtest,14,1624616408, 0, 1, 0.00
AFLfast,pngtest,14,1624616413, 0, 1, 0.00
AFLfast,pngtest,14,1624616418, 0, 1, 0.00
AFLfast,pngtest,14,1624616423, 0, 1, 0.00
AFLfast,pngtest,14,1624616428, 0, 1, 0.00
AFLfast,pngtest,14,1624616433, 0, 1, 0.00
AFLfast,pngtest,14,1624616439, 0, 1, 0.00
AFLfast,pngtest,14,1624616444, 0, 1, 0.00
AFLfast,pngtest,14,1624616449, 0, 1, 0.00
AFLfast,pngtest,14,1624616454, 0, 1, 0.00
AFLfast,pngtest,14,1624616459, 0, 1, 0.00
AFLfast,pngtest,14,1624616464, 0, 1, 0.00
AFLfast,pngtest,14,1624616470, 0, 1, 0.00
AFLfast,pngtest,14,1624616475, 0, 1, 0.00
AFLfast,pngtest,14,1624616480, 0, 1, 0.00
AFLfast,pngtest,14,1624616485, 0, 1, 0.00
AFLfast,pngtest,14,1624616490, 0, 1, 0.00
AFLfast,pngtest,14,1624616495, 0, 1, 0.00
AFLfast,pngtest,14,1624616500, 0, 1, 0.00
AFLfast,pngtest,14,1624616506, 0, 1, 0.00
AFLfast,pngtest,14,1624616511, 0, 1, 0.00
AFLfast,pngtest,14,1624616516, 0, 1, 0.00
AFLfast,pngtest,14,1624616521, 0, 1, 0.00
AFLfast,pngtest,14,1624616526, 0, 1, 0.00
AFLfast,pngtest,14,1624616531, 0, 1, 0.00
AFLfast,pngtest,14,1624616537, 0, 1, 0.00
AFLfast,pngtest,14,1624616542, 0, 1, 0.00
AFLfast,pngtest,14,1624616547, 0, 1, 0.00
AFLfast,pngtest,14,1624616552, 0, 1, 0.00
AFLfast,pngtest,14,1624616557, 0, 1, 0.00
AFLfast,pngtest,14,1624616563, 0, 1, 0.00
AFLfast,pngtest,14,1624616568, 0, 1, 0.00
AFLfast,pngtest,14,1624616573, 0, 1, 0.00
AFLfast,pngtest,14,1624616578, 0, 1, 0.00
AFLfast,pngtest,14,1624616583, 0, 1, 0.00
AFLfast,pngtest,14,1624616588, 0, 1, 0.00
AFLfast,pngtest,14,1624616593, 0, 1, 0.00
AFLfast,pngtest,14,1624616598, 0, 1, 0.00
AFLfast,pngtest,14,1624616604, 0, 1, 0.00
AFLfast,pngtest,14,1624616609, 0, 1, 0.00
AFLfast,pngtest,14,1624616614, 0, 1, 0.00
AFLfast,pngtest,14,1624616619, 0, 1, 0.00
AFLfast,pngtest,14,1624616624, 0, 1, 0.00
AFLfast,pngtest,14,1624616629, 0, 1, 0.00
AFLfast,pngtest,14,1624616634, 0, 1, 0.00
AFLfast,pngtest,14,1624616639, 0, 1, 0.00
AFLfast,pngtest,14,1624616644, 0, 1, 0.00
AFLfast,pngtest,14,1624616649, 0, 1, 0.00
AFLfast,pngtest,14,1624616654, 0, 1, 0.00
AFLfast,pngtest,14,1624616660, 0, 1, 0.00
AFLfast,pngtest,14,1624616665, 0, 1, 0.00
AFLfast,pngtest,14,1624616670, 0, 1, 0.00
AFLfast,pngtest,14,1624616675, 0, 1, 0.00
AFLfast,pngtest,14,1624616680, 0, 1, 0.00
AFLfast,pngtest,14,1624616685, 0, 1, 0.00
AFLfast,pngtest,14,1624616690, 0, 1, 0.00
AFLfast,pngtest,14,1624616696, 0, 1, 0.00
AFLfast,pngtest,14,1624616701, 0, 1, 0.00
AFLfast,pngtest,14,1624616706, 0, 1, 0.00
AFLfast,pngtest,14,1624616711, 0, 1, 0.00
AFLfast,pngtest,14,1624616716, 0, 1, 0.00
AFLfast,pngtest,14,1624616721, 0, 1, 0.00
AFLfast,pngtest,14,1624616726, 0, 1, 0.00
AFLfast,pngtest,14,1624616732, 0, 1, 0.00
AFLfast,pngtest,14,1624616737, 0, 1, 0.00
AFLfast,pngtest,14,1624616742, 0, 1, 0.00
AFLfast,pngtest,14,1624616747, 0, 1, 0.00
AFLfast,pngtest,14,1624616752, 0, 1, 0.00
AFLfast,pngtest,14,1624616757, 0, 1, 0.00
AFLfast,pngtest,14,1624616762, 0, 1, 0.00
AFLfast,pngtest,14,1624616768, 0, 1, 0.00
AFLfast,pngtest,14,1624616773, 0, 1, 0.00
AFLfast,pngtest,14,1624616778, 0, 1, 0.00
AFLfast,pngtest,14,1624616783, 0, 1, 0.00
AFLfast,pngtest,14,1624616788, 0, 1, 0.00
AFLfast,pngtest,14,1624616794, 0, 1, 0.00
AFLfast,pngtest,14,1624616799, 0, 1, 0.00
AFLfast,pngtest,14,1624616804, 0, 1, 0.00
AFLfast,pngtest,14,1624616809, 0, 1, 0.00
AFLfast,pngtest,14,1624616814, 0, 1, 0.00
AFLfast,pngtest,14,1624616819, 0, 1, 0.00
AFLfast,pngtest,14,1624616824, 0, 1, 0.00
AFLfast,pngtest,14,1624616829, 0, 1, 0.00
AFLfast,pngtest,14,1624616835, 0, 1, 0.00
AFLfast,pngtest,14,1624616840, 0, 1, 0.00
AFLfast,pngtest,14,1624616845, 0, 1, 0.00
AFLfast,pngtest,14,1624616850, 0, 1, 0.00
AFLfast,pngtest,14,1624616855, 0, 1, 0.00
AFLfast,pngtest,14,1624616860, 0, 1, 0.00
AFLfast,pngtest,14,1624616866, 0, 1, 0.00
AFLfast,pngtest,14,1624616871, 0, 1, 0.00
AFLfast,pngtest,14,1624616876, 0, 1, 0.00
AFLfast,pngtest,14,1624616881, 0, 1, 0.00
AFLfast,pngtest,14,1624616886, 0, 1, 0.00
AFLfast,pngtest,14,1624616892, 0, 1, 0.00
AFLfast,pngtest,14,1624616897, 0, 1, 0.00
AFLfast,pngtest,14,1624616902, 0, 1, 0.00
AFLfast,pngtest,14,1624616907, 0, 1, 0.00
AFLfast,pngtest,14,1624616912, 0, 1, 0.00
AFLfast,pngtest,14,1624616917, 0, 1, 0.00
AFLfast,pngtest,14,1624616922, 0, 1, 0.00
AFLfast,pngtest,14,1624616927, 0, 1, 0.00
AFLfast,pngtest,14,1624616933, 0, 1, 0.00
AFLfast,pngtest,14,1624616938, 0, 1, 0.00
AFLfast,pngtest,14,1624616943, 0, 1, 0.00
AFLfast,pngtest,14,1624616948, 0, 1, 0.00
AFLfast,pngtest,14,1624616953, 0, 1, 0.00
AFLfast,pngtest,14,1624616958, 0, 1, 0.00
AFLfast,pngtest,14,1624616964, 0, 1, 0.00
AFLfast,pngtest,14,1624616969, 0, 1, 0.00
AFLfast,pngtest,14,1624616974, 0, 1, 0.00
AFLfast,pngtest,14,1624616979, 0, 1, 0.00
AFLfast,pngtest,14,1624616984, 0, 1, 0.00
AFLfast,pngtest,14,1624616989, 0, 1, 0.00
AFLfast,pngtest,14,1624616994, 0, 1, 0.00
AFLfast,pngtest,14,1624617000, 0, 1, 0.00
AFLfast,pngtest,14,1624617005, 0, 1, 0.00
AFLfast,pngtest,14,1624617010, 0, 1, 0.00
AFLfast,pngtest,14,1624617015, 0, 1, 0.00
AFLfast,pngtest,14,1624617020, 0, 1, 0.00
AFLfast,pngtest,14,1624617025, 0, 1, 0.00
AFLfast,pngtest,14,1624617030, 0, 1, 0.00
AFLfast,pngtest,14,1624617035, 0, 1, 0.00
AFLfast,pngtest,14,1624617041, 0, 1, 0.00
AFLfast,pngtest,14,1624617046, 0, 1, 0.00
AFLfast,pngtest,14,1624617051, 0, 1, 0.00
AFLfast,pngtest,14,1624617056, 0, 1, 0.00
AFLfast,pngtest,14,1624617061, 0, 1, 0.00
AFLfast,pngtest,14,1624617066, 0, 1, 0.00
AFLfast,pngtest,14,1624617071, 0, 1, 0.00
AFLfast,pngtest,14,1624617077, 0, 1, 0.00
AFLfast,pngtest,14,1624617082, 0, 1, 0.00
AFLfast,pngtest,14,1624617087, 0, 1, 0.00
AFLfast,pngtest,14,1624617092, 0, 1, 0.00
AFLfast,pngtest,14,1624617097, 0, 1, 0.00
AFLfast,pngtest,14,1624617102, 0, 1, 0.00
AFLfast,pngtest,14,1624617108, 0, 1, 0.00
AFLfast,pngtest,14,1624617113, 0, 1, 0.00
AFLfast,pngtest,14,1624617118, 0, 1, 0.00
AFLfast,pngtest,14,1624617123, 0, 1, 0.00
AFLfast,pngtest,14,1624617128, 0, 1, 0.00
AFLfast,pngtest,14,1624617133, 0, 1, 0.00
AFLfast,pngtest,14,1624617138, 0, 1, 0.00
AFLfast,pngtest,14,1624617143, 0, 1, 0.00
AFLfast,pngtest,14,1624617148, 0, 1, 0.00
AFLfast,pngtest,14,1624617153, 0, 1, 0.00
AFLfast,pngtest,14,1624617159, 0, 1, 0.00
AFLfast,pngtest,14,1624617164, 0, 1, 0.00
AFLfast,pngtest,14,1624617169, 0, 1, 0.00
AFLfast,pngtest,14,1624617174, 0, 1, 0.00
AFLfast,pngtest,14,1624617179, 0, 1, 0.00
AFLfast,pngtest,14,1624617184, 0, 1, 0.00
AFLfast,pngtest,14,1624617189, 0, 1, 0.00
AFLfast,pngtest,14,1624617194, 0, 1, 0.00
AFLfast,pngtest,14,1624617199, 0, 1, 0.00
AFLfast,pngtest,14,1624617204, 0, 1, 0.00
AFLfast,pngtest,14,1624617210, 0, 1, 0.00
AFLfast,pngtest,14,1624617215, 0, 1, 0.00
AFLfast,pngtest,14,1624617220, 0, 1, 0.00
AFLfast,pngtest,14,1624617225, 0, 1, 0.00
AFLfast,pngtest,14,1624617230, 0, 1, 0.00
AFLfast,pngtest,14,1624617235, 0, 1, 0.00
AFLfast,pngtest,14,1624617240, 0, 1, 0.00
AFLfast,pngtest,14,1624617245, 0, 1, 0.00
AFLfast,pngtest,14,1624617251, 0, 1, 0.00
AFLfast,pngtest,14,1624617256, 0, 1, 0.00
AFLfast,pngtest,14,1624617261, 0, 1, 0.00
AFLfast,pngtest,14,1624617266, 0, 1, 0.00
AFLfast,pngtest,14,1624617271, 0, 1, 0.00
AFLfast,pngtest,14,1624617276, 0, 1, 0.00
AFLfast,pngtest,14,1624617281, 0, 1, 0.00
AFLfast,pngtest,14,1624617286, 0, 1, 0.00
AFLfast,pngtest,14,1624617291, 0, 1, 0.00
AFLfast,pngtest,14,1624617297, 0, 1, 0.00
AFLfast,pngtest,14,1624617302, 0, 1, 0.00
AFLfast,pngtest,14,1624617307, 0, 1, 0.00
AFLfast,pngtest,14,1624617312, 0, 1, 0.00
AFLfast,pngtest,14,1624617317, 0, 1, 0.00
AFLfast,pngtest,14,1624617322, 0, 1, 0.00
AFLfast,pngtest,14,1624617327, 0, 1, 0.00
AFLfast,pngtest,14,1624617332, 0, 1, 0.00
AFLfast,pngtest,14,1624617337, 0, 1, 0.00
AFLfast,pngtest,14,1624617342, 0, 1, 0.00
AFLfast,pngtest,14,1624617347, 0, 1, 0.00
AFLfast,pngtest,14,1624617352, 0, 1, 0.00
AFLfast,pngtest,14,1624617357, 0, 1, 0.00
AFLfast,pngtest,14,1624617363, 0, 1, 0.00
AFLfast,pngtest,14,1624617368, 0, 1, 0.00
AFLfast,pngtest,14,1624617373, 0, 1, 0.00
AFLfast,pngtest,14,1624617378, 0, 1, 0.00
AFLfast,pngtest,14,1624617383, 0, 1, 0.00
AFLfast,pngtest,14,1624617388, 0, 1, 0.00
AFLfast,pngtest,14,1624617393, 0, 1, 0.00
AFLfast,pngtest,14,1624617399, 0, 1, 0.00
AFLfast,pngtest,14,1624617404, 0, 1, 0.00
AFLfast,pngtest,14,1624617409, 0, 1, 0.00
AFLfast,pngtest,14,1624617414, 0, 1, 0.00
AFLfast,pngtest,14,1624617419, 0, 1, 0.00
AFLfast,pngtest,14,1624617424, 0, 1, 0.00
AFLfast,pngtest,14,1624617429, 0, 1, 0.00
AFLfast,pngtest,14,1624617435, 0, 1, 0.00
AFLfast,pngtest,14,1624617440, 0, 1, 0.00
AFLfast,pngtest,14,1624617445, 0, 1, 0.00
AFLfast,pngtest,14,1624617450, 0, 1, 0.00
AFLfast,pngtest,14,1624617455, 0, 1, 0.00
AFLfast,pngtest,14,1624617460, 0, 1, 0.00
AFLfast,pngtest,14,1624617466, 0, 1, 0.00
AFLfast,pngtest,14,1624617471, 0, 1, 0.00
AFLfast,pngtest,14,1624617476, 0, 1, 0.00
AFLfast,pngtest,14,1624617481, 0, 1, 0.00
AFLfast,pngtest,14,1624617486, 0, 1, 0.00
AFLfast,pngtest,14,1624617491, 0, 1, 0.00
AFLfast,pngtest,14,1624617496, 0, 1, 0.00
AFLfast,pngtest,14,1624617501, 0, 1, 0.00
AFLfast,pngtest,14,1624617507, 0, 1, 0.00
AFLfast,pngtest,14,1624617512, 0, 1, 0.00
AFLfast,pngtest,14,1624617517, 0, 1, 0.00
AFLfast,pngtest,14,1624617522, 0, 1, 0.00
AFLfast,pngtest,14,1624617527, 0, 1, 0.00
AFLfast,pngtest,14,1624617532, 0, 1, 0.00
AFLfast,pngtest,14,1624617537, 0, 1, 0.00
AFLfast,pngtest,14,1624617542, 0, 1, 0.00
AFLfast,pngtest,14,1624617548, 0, 1, 0.00
AFLfast,pngtest,14,1624617553, 0, 1, 0.00
AFLfast,pngtest,14,1624617558, 0, 1, 0.00
AFLfast,pngtest,14,1624617563, 0, 1, 0.00
AFLfast,pngtest,14,1624617568, 0, 1, 0.00
AFLfast,pngtest,14,1624617573, 0, 1, 0.00
AFLfast,pngtest,14,1624617578, 0, 1, 0.00
AFLfast,pngtest,14,1624617583, 0, 1, 0.00
AFLfast,pngtest,14,1624617588, 0, 1, 0.00
AFLfast,pngtest,14,1624617593, 0, 1, 0.00
AFLfast,pngtest,14,1624617598, 0, 1, 0.00
AFLfast,pngtest,14,1624617603, 0, 1, 0.00
AFLfast,pngtest,14,1624617609, 0, 1, 0.00
AFLfast,pngtest,14,1624617614, 0, 1, 0.00
AFLfast,pngtest,14,1624617619, 0, 1, 0.00
AFLfast,pngtest,14,1624617624, 0, 1, 0.00
AFLfast,pngtest,14,1624617629, 0, 1, 0.00
AFLfast,pngtest,14,1624617634, 0, 1, 0.00
AFLfast,pngtest,14,1624617640, 0, 1, 0.00
AFLfast,pngtest,14,1624617645, 0, 1, 0.00
AFLfast,pngtest,14,1624617650, 0, 1, 0.00
AFLfast,pngtest,14,1624617655, 0, 1, 0.00
AFLfast,pngtest,14,1624617660, 0, 1, 0.00
AFLfast,pngtest,14,1624617665, 0, 1, 0.00
AFLfast,pngtest,14,1624617670, 0, 1, 0.00
AFLfast,pngtest,14,1624617675, 0, 1, 0.00
AFLfast,pngtest,14,1624617680, 0, 1, 0.00
AFLfast,pngtest,14,1624617686, 0, 1, 0.00
AFLfast,pngtest,14,1624617691, 0, 1, 0.00
AFLfast,pngtest,14,1624617696, 0, 1, 0.00
AFLfast,pngtest,14,1624617701, 0, 1, 0.00
AFLfast,pngtest,14,1624617706, 0, 1, 0.00
AFLfast,pngtest,14,1624617711, 0, 1, 0.00
AFLfast,pngtest,14,1624617716, 0, 1, 0.00
AFLfast,pngtest,14,1624617721, 0, 1, 0.00
AFLfast,pngtest,14,1624617726, 0, 1, 0.00
AFLfast,pngtest,14,1624617732, 0, 1, 0.00
AFLfast,pngtest,14,1624617737, 0, 1, 0.00
AFLfast,pngtest,14,1624617742, 0, 1, 0.00
AFLfast,pngtest,14,1624617747, 0, 1, 0.00
AFLfast,pngtest,14,1624617752, 0, 1, 0.00
AFLfast,pngtest,14,1624617757, 0, 1, 0.00
AFLfast,pngtest,14,1624617762, 0, 1, 0.00
AFLfast,pngtest,14,1624617767, 0, 1, 0.00
AFLfast,pngtest,14,1624617772, 0, 1, 0.00
AFLfast,pngtest,14,1624617778, 0, 1, 0.00
AFLfast,pngtest,14,1624617783, 0, 1, 0.00
AFLfast,pngtest,14,1624617788, 0, 1, 0.00
AFLfast,pngtest,14,1624617793, 0, 1, 0.00
AFLfast,pngtest,14,1624617798, 0, 1, 0.00
AFLfast,pngtest,14,1624617803, 0, 1, 0.00
AFLfast,pngtest,14,1624617808, 0, 1, 0.00
AFLfast,pngtest,14,1624617813, 0, 1, 0.00
AFLfast,pngtest,14,1624617819, 0, 1, 0.00
AFLfast,pngtest,14,1624617824, 0, 1, 0.00
AFLfast,pngtest,14,1624617829, 0, 1, 0.00
AFLfast,pngtest,14,1624617834, 0, 1, 0.00
AFLfast,pngtest,14,1624617839, 0, 1, 0.00
AFLfast,pngtest,14,1624617844, 0, 1, 0.00
AFLfast,pngtest,14,1624617849, 0, 1, 0.00
AFLfast,pngtest,14,1624617854, 0, 1, 0.00
AFLfast,pngtest,14,1624617859, 0, 1, 0.00
AFLfast,pngtest,14,1624617864, 0, 1, 0.00
AFLfast,pngtest,14,1624617869, 0, 1, 0.00
AFLfast,pngtest,14,1624617874, 0, 1, 0.00
AFLfast,pngtest,14,1624617880, 0, 1, 0.00
AFLfast,pngtest,14,1624617885, 0, 1, 0.00
AFLfast,pngtest,14,1624617890, 0, 1, 0.00
AFLfast,pngtest,14,1624617895, 0, 1, 0.00
AFLfast,pngtest,14,1624617900, 0, 1, 0.00
AFLfast,pngtest,14,1624617905, 0, 1, 0.00
AFLfast,pngtest,14,1624617910, 0, 1, 0.00
AFLfast,pngtest,14,1624617916, 0, 1, 0.00
AFLfast,pngtest,14,1624617921, 0, 1, 0.00
AFLfast,pngtest,14,1624617926, 0, 1, 0.00
AFLfast,pngtest,14,1624617931, 0, 1, 0.00
AFLfast,pngtest,14,1624617936, 0, 1, 0.00
AFLfast,pngtest,14,1624617941, 0, 1, 0.00
AFLfast,pngtest,14,1624617946, 0, 1, 0.00
AFLfast,pngtest,14,1624617952, 0, 1, 0.00
AFLfast,pngtest,14,1624617957, 0, 1, 0.00
AFLfast,pngtest,14,1624617962, 0, 1, 0.00
AFLfast,pngtest,14,1624617967, 0, 1, 0.00
AFLfast,pngtest,14,1624617972, 0, 1, 0.00
AFLfast,pngtest,14,1624617977, 0, 1, 0.00
AFLfast,pngtest,14,1624617982, 0, 1, 0.00
AFLfast,pngtest,14,1624617988, 0, 1, 0.00
AFLfast,pngtest,14,1624617993, 0, 1, 0.00
AFLfast,pngtest,14,1624617998, 0, 1, 0.00
AFLfast,pngtest,14,1624618003, 0, 1, 0.00
AFLfast,pngtest,14,1624618008, 0, 1, 0.00
AFLfast,pngtest,14,1624618013, 0, 1, 0.00
AFLfast,pngtest,14,1624618018, 0, 1, 0.00
AFLfast,pngtest,14,1624618023, 0, 1, 0.00
AFLfast,pngtest,14,1624618028, 0, 1, 0.00
AFLfast,pngtest,14,1624618033, 0, 1, 0.00
AFLfast,pngtest,14,1624618039, 0, 1, 0.00
AFLfast,pngtest,14,1624618044, 0, 1, 0.00
AFLfast,pngtest,14,1624618049, 0, 1, 0.00
AFLfast,pngtest,14,1624618054, 0, 1, 0.00
AFLfast,pngtest,14,1624618059, 0, 1, 0.00
AFLfast,pngtest,14,1624618064, 0, 1, 0.00
AFLfast,pngtest,14,1624618069, 0, 1, 0.00
AFLfast,pngtest,14,1624618074, 0, 1, 0.00
AFLfast,pngtest,14,1624618079, 0, 1, 0.00
AFLfast,pngtest,14,1624618084, 0, 1, 0.00
AFLfast,pngtest,14,1624618089, 0, 1, 0.00
AFLfast,pngtest,14,1624618094, 0, 1, 0.00
AFLfast,pngtest,14,1624618100, 0, 1, 0.00
AFLfast,pngtest,14,1624618105, 0, 1, 0.00
AFLfast,pngtest,14,1624618110, 0, 1, 0.00
AFLfast,pngtest,14,1624618115, 0, 1, 0.00
AFLfast,pngtest,14,1624618120, 0, 1, 0.00
AFLfast,pngtest,14,1624618125, 0, 1, 0.00
AFLfast,pngtest,14,1624618130, 0, 1, 0.00
AFLfast,pngtest,14,1624618135, 0, 1, 0.00
AFLfast,pngtest,14,1624618140, 0, 1, 0.00
AFLfast,pngtest,14,1624618145, 0, 1, 0.00
AFLfast,pngtest,14,1624618151, 0, 1, 0.00
AFLfast,pngtest,14,1624618156, 0, 1, 0.00
AFLfast,pngtest,14,1624618161, 0, 1, 0.00
AFLfast,pngtest,14,1624618166, 0, 1, 0.00
AFLfast,pngtest,14,1624618171, 0, 1, 0.00
AFLfast,pngtest,14,1624618176, 0, 1, 0.00
AFLfast,pngtest,14,1624618181, 0, 1, 0.00
AFLfast,pngtest,14,1624618186, 0, 1, 0.00
AFLfast,pngtest,14,1624618191, 0, 1, 0.00
AFLfast,pngtest,14,1624618197, 0, 1, 0.00
AFLfast,pngtest,14,1624618202, 0, 1, 0.00
AFLfast,pngtest,14,1624618207, 0, 1, 0.00
AFLfast,pngtest,14,1624618212, 0, 1, 0.00
AFLfast,pngtest,14,1624618217, 0, 1, 0.00
AFLfast,pngtest,14,1624618222, 0, 1, 0.00
AFLfast,pngtest,14,1624618227, 0, 1, 0.00
AFLfast,pngtest,14,1624618232, 0, 1, 0.00
AFLfast,pngtest,14,1624618237, 0, 1, 0.00
AFLfast,pngtest,14,1624618242, 0, 1, 0.00
AFLfast,pngtest,14,1624618248, 0, 1, 0.00
AFLfast,pngtest,14,1624618253, 0, 1, 0.00
AFLfast,pngtest,14,1624618258, 0, 1, 0.00
AFLfast,pngtest,14,1624618263, 0, 1, 0.00
AFLfast,pngtest,14,1624618268, 0, 1, 0.00
AFLfast,pngtest,14,1624618273, 0, 1, 0.00
AFLfast,pngtest,14,1624618279, 0, 1, 0.00
AFLfast,pngtest,14,1624618284, 0, 1, 0.00
AFLfast,pngtest,14,1624618289, 0, 1, 0.00
AFLfast,pngtest,14,1624618294, 0, 1, 0.00
AFLfast,pngtest,14,1624618299, 0, 1, 0.00
AFLfast,pngtest,14,1624618304, 0, 1, 0.00
AFLfast,pngtest,14,1624618310, 0, 1, 0.00
AFLfast,pngtest,14,1624618315, 0, 1, 0.00
AFLfast,pngtest,14,1624618320, 0, 1, 0.00
AFLfast,pngtest,14,1624618325, 0, 1, 0.00
AFLfast,pngtest,14,1624618330, 0, 1, 0.00
AFLfast,pngtest,14,1624618335, 0, 1, 0.00
AFLfast,pngtest,14,1624618340, 0, 1, 0.00
AFLfast,pngtest,14,1624618345, 0, 1, 0.00
AFLfast,pngtest,14,1624618351, 0, 1, 0.00
AFLfast,pngtest,14,1624618356, 0, 1, 0.00
AFLfast,pngtest,14,1624618361, 0, 1, 0.00
AFLfast,pngtest,14,1624618366, 0, 1, 0.00
AFLfast,pngtest,14,1624618371, 0, 1, 0.00
AFLfast,pngtest,14,1624618376, 0, 1, 0.00
AFLfast,pngtest,14,1624618381, 0, 1, 0.00
AFLfast,pngtest,14,1624618386, 0, 1, 0.00
AFLfast,pngtest,14,1624618392, 0, 1, 0.00
AFLfast,pngtest,14,1624618397, 0, 1, 0.00
AFLfast,pngtest,14,1624618402, 0, 1, 0.00
AFLfast,pngtest,14,1624618407, 0, 1, 0.00
AFLfast,pngtest,14,1624618412, 0, 1, 0.00
AFLfast,pngtest,14,1624618417, 0, 1, 0.00
AFLfast,pngtest,14,1624618422, 0, 1, 0.00
AFLfast,pngtest,14,1624618427, 0, 1, 0.00
AFLfast,pngtest,14,1624618432, 0, 1, 0.00
AFLfast,pngtest,14,1624618438, 0, 1, 0.00
AFLfast,pngtest,14,1624618443, 0, 1, 0.00
AFLfast,pngtest,14,1624618448, 0, 1, 0.00
AFLfast,pngtest,14,1624618453, 0, 1, 0.00
AFLfast,pngtest,14,1624618458, 0, 1, 0.00
AFLfast,pngtest,14,1624618463, 0, 1, 0.00
AFLfast,pngtest,14,1624618469, 0, 1, 0.00
AFLfast,pngtest,14,1624618474, 0, 1, 0.00
AFLfast,pngtest,14,1624618479, 0, 1, 0.00
AFLfast,pngtest,14,1624618484, 0, 1, 0.00
AFLfast,pngtest,14,1624618489, 0, 1, 0.00
AFLfast,pngtest,14,1624618494, 0, 1, 0.00
AFLfast,pngtest,14,1624618499, 0, 1, 0.00
AFLfast,pngtest,14,1624618504, 0, 1, 0.00
AFLfast,pngtest,14,1624618509, 0, 1, 0.00
AFLfast,pngtest,14,1624618515, 0, 1, 0.00
AFLfast,pngtest,14,1624618520, 0, 1, 0.00
AFLfast,pngtest,14,1624618525, 0, 1, 0.00
AFLfast,pngtest,14,1624618530, 0, 1, 0.00
AFLfast,pngtest,14,1624618535, 0, 1, 0.00
AFLfast,pngtest,14,1624618540, 0, 1, 0.00
AFLfast,pngtest,14,1624618545, 0, 1, 0.00
AFLfast,pngtest,14,1624618551, 0, 1, 0.00
AFLfast,pngtest,14,1624618556, 0, 1, 0.00
AFLfast,pngtest,14,1624618561, 0, 1, 0.00
AFLfast,pngtest,14,1624618566, 0, 1, 0.00
AFLfast,pngtest,14,1624618571, 0, 1, 0.00
AFLfast,pngtest,14,1624618576, 0, 1, 0.00
AFLfast,pngtest,14,1624618581, 0, 1, 0.00
AFLfast,pngtest,14,1624618587, 0, 1, 0.00
AFLfast,pngtest,14,1624618592, 0, 1, 0.00
AFLfast,pngtest,14,1624618597, 0, 1, 0.00
AFLfast,pngtest,14,1624618602, 0, 1, 0.00
AFLfast,pngtest,14,1624618607, 0, 1, 0.00
AFLfast,pngtest,14,1624618612, 0, 1, 0.00
AFLfast,pngtest,14,1624618617, 0, 1, 0.00
AFLfast,pngtest,14,1624618622, 0, 1, 0.00
AFLfast,pngtest,14,1624618627, 0, 1, 0.00
AFLfast,pngtest,14,1624618632, 0, 1, 0.00
AFLfast,pngtest,14,1624618637, 0, 1, 0.00
AFLfast,pngtest,14,1624618642, 0, 1, 0.00
AFLfast,pngtest,14,1624618648, 0, 1, 0.00
AFLfast,pngtest,14,1624618653, 0, 1, 0.00
AFLfast,pngtest,14,1624618658, 0, 1, 0.00
AFLfast,pngtest,14,1624618663, 0, 1, 0.00
AFLfast,pngtest,14,1624618668, 0, 1, 0.00
AFLfast,pngtest,14,1624618673, 0, 1, 0.00
AFLfast,pngtest,14,1624618679, 0, 1, 0.00
AFLfast,pngtest,14,1624618684, 0, 1, 0.00
AFLfast,pngtest,14,1624618689, 0, 1, 0.00
AFLfast,pngtest,14,1624618694, 0, 1, 0.00
AFLfast,pngtest,14,1624618699, 0, 1, 0.00
AFLfast,pngtest,14,1624618704, 0, 1, 0.00
AFLfast,pngtest,14,1624618709, 0, 1, 0.00
AFLfast,pngtest,14,1624618714, 0, 1, 0.00
AFLfast,pngtest,14,1624618719, 0, 1, 0.00
AFLfast,pngtest,14,1624618725, 0, 1, 0.00
AFLfast,pngtest,14,1624618730, 0, 1, 0.00
AFLfast,pngtest,14,1624618735, 0, 1, 0.00
AFLfast,pngtest,14,1624618740, 0, 1, 0.00
AFLfast,pngtest,14,1624618745, 0, 1, 0.00
AFLfast,pngtest,14,1624618750, 0, 1, 0.00
AFLfast,pngtest,14,1624618755, 0, 1, 0.00
AFLfast,pngtest,14,1624618760, 0, 1, 0.00
AFLfast,pngtest,14,1624618766, 0, 1, 0.00
AFLfast,pngtest,14,1624618771, 0, 1, 0.00
AFLfast,pngtest,14,1624618776, 0, 1, 0.00
AFLfast,pngtest,14,1624618781, 0, 1, 0.00
AFLfast,pngtest,14,1624618786, 0, 1, 0.00
AFLfast,pngtest,14,1624618791, 0, 1, 0.00
AFLfast,pngtest,14,1624618797, 0, 1, 0.00
AFLfast,pngtest,14,1624618802, 0, 1, 0.00
AFLfast,pngtest,14,1624618807, 0, 1, 0.00
AFLfast,pngtest,14,1624618812, 0, 1, 0.00
AFLfast,pngtest,14,1624618817, 0, 1, 0.00
AFLfast,pngtest,14,1624618822, 0, 1, 0.00
AFLfast,pngtest,14,1624618827, 0, 1, 0.00
AFLfast,pngtest,14,1624618832, 0, 1, 0.00
AFLfast,pngtest,14,1624618838, 0, 1, 0.00
AFLfast,pngtest,14,1624618843, 0, 1, 0.00
AFLfast,pngtest,14,1624618848, 0, 1, 0.00
AFLfast,pngtest,14,1624618853, 0, 1, 0.00
AFLfast,pngtest,14,1624618858, 0, 1, 0.00
AFLfast,pngtest,14,1624618863, 0, 1, 0.00
AFLfast,pngtest,14,1624618868, 0, 1, 0.00
AFLfast,pngtest,14,1624618873, 0, 1, 0.00
AFLfast,pngtest,14,1624618878, 0, 1, 0.00
AFLfast,pngtest,14,1624618883, 0, 1, 0.00
AFLfast,pngtest,14,1624618888, 0, 1, 0.00
AFLfast,pngtest,14,1624618894, 0, 1, 0.00
AFLfast,pngtest,14,1624618899, 0, 1, 0.00
AFLfast,pngtest,14,1624618904, 0, 1, 0.00
AFLfast,pngtest,14,1624618909, 0, 1, 0.00
AFLfast,pngtest,14,1624618914, 0, 1, 0.00
AFLfast,pngtest,14,1624618919, 0, 1, 0.00
AFLfast,pngtest,14,1624618924, 0, 1, 0.00
AFLfast,pngtest,14,1624618929, 0, 1, 0.00
AFLfast,pngtest,14,1624618935, 0, 1, 0.00
AFLfast,pngtest,14,1624618940, 0, 1, 0.00
AFLfast,pngtest,14,1624618945, 0, 1, 0.00
AFLfast,pngtest,14,1624618950, 0, 1, 0.00
AFLfast,pngtest,14,1624618955, 0, 1, 0.00
AFLfast,pngtest,14,1624618961, 0, 1, 0.00
AFLfast,pngtest,14,1624618966, 0, 1, 0.00
AFLfast,pngtest,14,1624618971, 0, 1, 0.00
AFLfast,pngtest,14,1624618976, 0, 1, 0.00
AFLfast,pngtest,14,1624618981, 0, 1, 0.00
AFLfast,pngtest,14,1624618986, 0, 1, 0.00
AFLfast,pngtest,14,1624618992, 0, 1, 0.00
AFLfast,pngtest,14,1624618997, 0, 1, 0.00
AFLfast,pngtest,14,1624619002, 0, 1, 0.00
AFLfast,pngtest,14,1624619007, 0, 1, 0.00
AFLfast,pngtest,14,1624619012, 0, 1, 0.00
AFLfast,pngtest,14,1624619017, 0, 1, 0.00
AFLfast,pngtest,14,1624619022, 0, 1, 0.00
AFLfast,pngtest,14,1624619027, 0, 1, 0.00
AFLfast,pngtest,14,1624619032, 0, 1, 0.00
AFLfast,pngtest,14,1624619037, 0, 1, 0.00
AFLfast,pngtest,14,1624619043, 0, 1, 0.00
AFLfast,pngtest,14,1624619048, 0, 1, 0.00
AFLfast,pngtest,14,1624619053, 0, 1, 0.00
AFLfast,pngtest,14,1624619058, 0, 1, 0.00
AFLfast,pngtest,14,1624619063, 0, 1, 0.00
AFLfast,pngtest,14,1624619068, 0, 1, 0.00
AFLfast,pngtest,14,1624619073, 0, 1, 0.00
AFLfast,pngtest,14,1624619078, 0, 1, 0.00
AFLfast,pngtest,14,1624619084, 0, 1, 0.00
AFLfast,pngtest,14,1624619089, 0, 1, 0.00
AFLfast,pngtest,14,1624619094, 0, 1, 0.00
AFLfast,pngtest,14,1624619099, 0, 1, 0.00
AFLfast,pngtest,14,1624619104, 0, 1, 0.00
AFLfast,pngtest,14,1624619109, 0, 1, 0.00
AFLfast,pngtest,14,1624619114, 0, 1, 0.00
AFLfast,pngtest,14,1624619120, 0, 1, 0.00
AFLfast,pngtest,14,1624619125, 0, 1, 0.00
AFLfast,pngtest,14,1624619130, 0, 1, 0.00
AFLfast,pngtest,14,1624619135, 0, 1, 0.00
AFLfast,pngtest,14,1624619140, 0, 1, 0.00
AFLfast,pngtest,14,1624619145, 0, 1, 0.00
AFLfast,pngtest,14,1624619150, 0, 1, 0.00
AFLfast,pngtest,14,1624619155, 0, 1, 0.00
AFLfast,pngtest,14,1624619160, 0, 1, 0.00
AFLfast,pngtest,14,1624619165, 0, 1, 0.00
AFLfast,pngtest,14,1624619171, 0, 1, 0.00
AFLfast,pngtest,14,1624619176, 0, 1, 0.00
AFLfast,pngtest,14,1624619181, 0, 1, 0.00
AFLfast,pngtest,14,1624619186, 0, 1, 0.00
AFLfast,pngtest,14,1624619191, 0, 1, 0.00
AFLfast,pngtest,14,1624619196, 0, 1, 0.00
AFLfast,pngtest,14,1624619201, 0, 1, 0.00
AFLfast,pngtest,14,1624619206, 0, 1, 0.00
AFLfast,pngtest,14,1624619212, 0, 1, 0.00
AFLfast,pngtest,14,1624619217, 0, 1, 0.00
AFLfast,pngtest,14,1624619222, 0, 1, 0.00
AFLfast,pngtest,14,1624619227, 0, 1, 0.00
AFLfast,pngtest,14,1624619232, 0, 1, 0.00
AFLfast,pngtest,14,1624619237, 0, 1, 0.00
AFLfast,pngtest,14,1624619242, 0, 1, 0.00
AFLfast,pngtest,14,1624619247, 0, 1, 0.00
AFLfast,pngtest,14,1624619253, 0, 1, 0.00
AFLfast,pngtest,14,1624619258, 0, 1, 0.00
AFLfast,pngtest,14,1624619263, 0, 1, 0.00
AFLfast,pngtest,14,1624619268, 0, 1, 0.00
AFLfast,pngtest,14,1624619273, 0, 1, 0.00
AFLfast,pngtest,14,1624619278, 0, 1, 0.00
AFLfast,pngtest,14,1624619283, 0, 1, 0.00
AFLfast,pngtest,14,1624619288, 0, 1, 0.00
AFLfast,pngtest,14,1624619294, 0, 1, 0.00
AFLfast,pngtest,14,1624619299, 0, 1, 0.00
AFLfast,pngtest,14,1624619304, 0, 1, 0.00
AFLfast,pngtest,14,1624619309, 0, 1, 0.00
AFLfast,pngtest,14,1624619314, 0, 1, 0.00
AFLfast,pngtest,14,1624619319, 0, 1, 0.00
AFLfast,pngtest,14,1624619324, 0, 1, 0.00
AFLfast,pngtest,14,1624619329, 0, 1, 0.00
AFLfast,pngtest,14,1624619334, 0, 1, 0.00
AFLfast,pngtest,14,1624619339, 0, 1, 0.00
AFLfast,pngtest,14,1624619344, 0, 1, 0.00
AFLfast,pngtest,14,1624619350, 0, 1, 0.00
AFLfast,pngtest,14,1624619355, 0, 1, 0.00
AFLfast,pngtest,14,1624619360, 0, 1, 0.00
AFLfast,pngtest,14,1624619365, 0, 1, 0.00
AFLfast,pngtest,14,1624619370, 0, 1, 0.00
AFLfast,pngtest,14,1624619375, 0, 1, 0.00
AFLfast,pngtest,14,1624619381, 0, 1, 0.00
AFLfast,pngtest,14,1624619386, 0, 1, 0.00
AFLfast,pngtest,14,1624619391, 0, 1, 0.00
AFLfast,pngtest,14,1624619396, 0, 1, 0.00
AFLfast,pngtest,14,1624619401, 0, 1, 0.00
AFLfast,pngtest,14,1624619407, 0, 1, 0.00
AFLfast,pngtest,14,1624619412, 0, 1, 0.00
AFLfast,pngtest,14,1624619417, 0, 1, 0.00
AFLfast,pngtest,14,1624619422, 0, 1, 0.00
AFLfast,pngtest,14,1624619427, 0, 1, 0.00
AFLfast,pngtest,14,1624619432, 0, 1, 0.00
AFLfast,pngtest,14,1624619437, 0, 1, 0.00
AFLfast,pngtest,14,1624619443, 0, 1, 0.00
AFLfast,pngtest,14,1624619448, 0, 1, 0.00
AFLfast,pngtest,14,1624619453, 0, 1, 0.00
AFLfast,pngtest,14,1624619458, 0, 1, 0.00
AFLfast,pngtest,14,1624619463, 0, 1, 0.00
AFLfast,pngtest,14,1624619468, 0, 1, 0.00
AFLfast,pngtest,14,1624619473, 0, 1, 0.00
AFLfast,pngtest,14,1624619478, 0, 1, 0.00
AFLfast,pngtest,14,1624619483, 0, 1, 0.00
AFLfast,pngtest,14,1624619488, 0, 1, 0.00
AFLfast,pngtest,14,1624619494, 0, 1, 0.00
AFLfast,pngtest,14,1624619499, 0, 1, 0.00
AFLfast,pngtest,14,1624619504, 0, 1, 0.00
AFLfast,pngtest,14,1624619509, 0, 1, 0.00
AFLfast,pngtest,14,1624619514, 0, 1, 0.00
AFLfast,pngtest,14,1624619519, 0, 1, 0.00
AFLfast,pngtest,14,1624619524, 0, 1, 0.00
AFLfast,pngtest,14,1624619529, 0, 1, 0.00
AFLfast,pngtest,14,1624619534, 0, 1, 0.00
AFLfast,pngtest,14,1624619539, 0, 1, 0.00
AFLfast,pngtest,14,1624619544, 0, 1, 0.00
AFLfast,pngtest,14,1624619550, 0, 1, 0.00
AFLfast,pngtest,14,1624619555, 0, 1, 0.00
AFLfast,pngtest,14,1624619560, 0, 1, 0.00
AFLfast,pngtest,14,1624619565, 0, 1, 0.00
AFLfast,pngtest,14,1624619570, 0, 1, 0.00
AFLfast,pngtest,14,1624619575, 0, 1, 0.00
AFLfast,pngtest,14,1624619581, 0, 1, 0.00
AFLfast,pngtest,14,1624619586, 0, 1, 0.00
AFLfast,pngtest,14,1624619591, 0, 1, 0.00
AFLfast,pngtest,14,1624619596, 0, 1, 0.00
AFLfast,pngtest,14,1624619601, 0, 1, 0.00
AFLfast,pngtest,14,1624619607, 0, 1, 0.00
AFLfast,pngtest,14,1624619612, 0, 1, 0.00
AFLfast,pngtest,14,1624619617, 0, 1, 0.00
AFLfast,pngtest,14,1624619622, 0, 1, 0.00
AFLfast,pngtest,14,1624619627, 0, 1, 0.00
AFLfast,pngtest,14,1624619632, 0, 1, 0.00
AFLfast,pngtest,14,1624619637, 0, 1, 0.00
AFLfast,pngtest,14,1624619643, 0, 1, 0.00
AFLfast,pngtest,14,1624619648, 0, 1, 0.00
AFLfast,pngtest,14,1624619653, 0, 1, 0.00
AFLfast,pngtest,14,1624619658, 0, 1, 0.00
AFLfast,pngtest,14,1624619663, 0, 1, 0.00
AFLfast,pngtest,14,1624619668, 0, 1, 0.00
AFLfast,pngtest,14,1624619673, 0, 1, 0.00
AFLfast,pngtest,14,1624619678, 0, 1, 0.00
AFLfast,pngtest,14,1624619684, 0, 1, 0.00
AFLfast,pngtest,14,1624619689, 0, 1, 0.00
AFLfast,pngtest,14,1624619694, 0, 1, 0.00
AFLfast,pngtest,14,1624619699, 0, 1, 0.00
AFLfast,pngtest,14,1624619704, 0, 1, 0.00
AFLfast,pngtest,14,1624619709, 0, 1, 0.00
AFLfast,pngtest,14,1624619714, 0, 1, 0.00
AFLfast,pngtest,14,1624619719, 0, 1, 0.00
AFLfast,pngtest,14,1624619724, 0, 1, 0.00
AFLfast,pngtest,14,1624619730, 0, 1, 0.00
AFLfast,pngtest,14,1624619735, 0, 1, 0.00
AFLfast,pngtest,14,1624619740, 0, 1, 0.00
AFLfast,pngtest,14,1624619745, 0, 1, 0.00
AFLfast,pngtest,14,1624619750, 0, 1, 0.00
AFLfast,pngtest,14,1624619755, 0, 1, 0.00
AFLfast,pngtest,14,1624619760, 0, 1, 0.00
AFLfast,pngtest,14,1624619765, 0, 1, 0.00
AFLfast,pngtest,14,1624619770, 0, 1, 0.00
AFLfast,pngtest,14,1624619775, 0, 1, 0.00
AFLfast,pngtest,14,1624619781, 0, 1, 0.00
AFLfast,pngtest,14,1624619786, 0, 1, 0.00
AFLfast,pngtest,14,1624619791, 0, 1, 0.00
AFLfast,pngtest,14,1624619796, 0, 1, 0.00
AFLfast,pngtest,14,1624619801, 0, 1, 0.00
AFLfast,pngtest,14,1624619806, 0, 1, 0.00
AFLfast,pngtest,14,1624619811, 0, 1, 0.00
AFLfast,pngtest,14,1624619816, 0, 1, 0.00
AFLfast,pngtest,14,1624619821, 0, 1, 0.00
AFLfast,pngtest,14,1624619827, 0, 1, 0.00
AFLfast,pngtest,14,1624619832, 0, 1, 0.00
AFLfast,pngtest,14,1624619837, 0, 1, 0.00
AFLfast,pngtest,14,1624619842, 0, 1, 0.00
AFLfast,pngtest,14,1624619847, 0, 1, 0.00
AFLfast,pngtest,14,1624619852, 0, 1, 0.00
AFLfast,pngtest,14,1624619857, 0, 1, 0.00
AFLfast,pngtest,14,1624619862, 0, 1, 0.00
AFLfast,pngtest,14,1624619867, 0, 1, 0.00
AFLfast,pngtest,14,1624619872, 0, 1, 0.00
AFLfast,pngtest,14,1624619877, 0, 1, 0.00
AFLfast,pngtest,14,1624619883, 0, 1, 0.00
AFLfast,pngtest,14,1624619888, 0, 1, 0.00
AFLfast,pngtest,14,1624619893, 0, 1, 0.00
AFLfast,pngtest,14,1624619898, 0, 1, 0.00
AFLfast,pngtest,14,1624619903, 0, 1, 0.00
AFLfast,pngtest,14,1624619908, 0, 1, 0.00
AFLfast,pngtest,14,1624619913, 0, 1, 0.00
AFLfast,pngtest,14,1624619918, 0, 1, 0.00
AFLfast,pngtest,14,1624619923, 0, 1, 0.00
AFLfast,pngtest,14,1624619929, 0, 1, 0.00
AFLfast,pngtest,14,1624619934, 0, 1, 0.00
AFLfast,pngtest,14,1624619939, 0, 1, 0.00
AFLfast,pngtest,14,1624619944, 0, 1, 0.00
AFLfast,pngtest,14,1624619949, 0, 1, 0.00
AFLfast,pngtest,14,1624619954, 0, 1, 0.00
AFLfast,pngtest,14,1624619959, 0, 1, 0.00
AFLfast,pngtest,14,1624619964, 0, 1, 0.00
AFLfast,pngtest,14,1624619969, 0, 1, 0.00
AFLfast,pngtest,14,1624619975, 0, 1, 0.00
AFLfast,pngtest,14,1624619980, 0, 1, 0.00
AFLfast,pngtest,14,1624619985, 0, 1, 0.00
AFLfast,pngtest,14,1624619990, 0, 1, 0.00
AFLfast,pngtest,14,1624619995, 0, 1, 0.00
AFLfast,pngtest,14,1624620000, 0, 1, 0.00
AFLfast,pngtest,14,1624620005, 0, 1, 0.00
AFLfast,pngtest,14,1624620010, 0, 1, 0.00
AFLfast,pngtest,14,1624620016, 0, 1, 0.00
AFLfast,pngtest,14,1624620021, 0, 1, 0.00
AFLfast,pngtest,14,1624620026, 0, 1, 0.00
AFLfast,pngtest,14,1624620031, 0, 1, 0.00
AFLfast,pngtest,14,1624620036, 0, 1, 0.00
AFLfast,pngtest,14,1624620041, 0, 1, 0.00
AFLfast,pngtest,14,1624620046, 0, 1, 0.00
AFLfast,pngtest,14,1624620051, 0, 1, 0.00
AFLfast,pngtest,14,1624620057, 0, 1, 0.00
AFLfast,pngtest,14,1624620062, 0, 1, 0.00
AFLfast,pngtest,14,1624620067, 0, 1, 0.00
AFLfast,pngtest,14,1624620072, 0, 1, 0.00
AFLfast,pngtest,14,1624620077, 0, 1, 0.00
AFLfast,pngtest,14,1624620083, 0, 1, 0.00
AFLfast,pngtest,14,1624620088, 0, 1, 0.00
AFLfast,pngtest,14,1624620093, 0, 1, 0.00
AFLfast,pngtest,14,1624620098, 0, 1, 0.00
AFLfast,pngtest,14,1624620103, 0, 1, 0.00
AFLfast,pngtest,14,1624620108, 0, 1, 0.00
AFLfast,pngtest,14,1624620113, 0, 1, 0.00
AFLfast,pngtest,14,1624620118, 0, 1, 0.00
AFLfast,pngtest,14,1624620123, 0, 1, 0.00
AFLfast,pngtest,14,1624620129, 0, 1, 0.00
AFLfast,pngtest,14,1624620134, 0, 1, 0.00
AFLfast,pngtest,14,1624620139, 0, 1, 0.00
AFLfast,pngtest,14,1624620144, 0, 1, 0.00
AFLfast,pngtest,14,1624620149, 0, 1, 0.00
AFLfast,pngtest,14,1624620154, 0, 1, 0.00
AFLfast,pngtest,14,1624620159, 0, 1, 0.00
AFLfast,pngtest,14,1624620164, 0, 1, 0.00
AFLfast,pngtest,14,1624620169, 0, 1, 0.00
AFLfast,pngtest,14,1624620174, 0, 1, 0.00
AFLfast,pngtest,14,1624620180, 0, 1, 0.00
AFLfast,pngtest,14,1624620185, 0, 1, 0.00
AFLfast,pngtest,14,1624620190, 0, 1, 0.00
AFLfast,pngtest,14,1624620195, 0, 1, 0.00
AFLfast,pngtest,14,1624620200, 0, 1, 0.00
AFLfast,pngtest,14,1624620206, 0, 1, 0.00
AFLfast,pngtest,14,1624620211, 0, 1, 0.00
AFLfast,pngtest,14,1624620216, 0, 1, 0.00
AFLfast,pngtest,14,1624620221, 0, 1, 0.00
AFLfast,pngtest,14,1624620226, 0, 1, 0.00
AFLfast,pngtest,14,1624620231, 0, 1, 0.00
AFLfast,pngtest,14,1624620236, 0, 1, 0.00
AFLfast,pngtest,14,1624620242, 0, 1, 0.00
AFLfast,pngtest,14,1624620247, 0, 1, 0.00
AFLfast,pngtest,14,1624620252, 0, 1, 0.00
AFLfast,pngtest,14,1624620257, 0, 1, 0.00
AFLfast,pngtest,14,1624620262, 0, 1, 0.00
AFLfast,pngtest,14,1624620267, 0, 1, 0.00
AFLfast,pngtest,14,1624620272, 0, 1, 0.00
AFLfast,pngtest,14,1624620278, 0, 1, 0.00
AFLfast,pngtest,14,1624620283, 0, 1, 0.00
AFLfast,pngtest,14,1624620288, 0, 1, 0.00
AFLfast,pngtest,14,1624620293, 0, 1, 0.00
AFLfast,pngtest,14,1624620298, 0, 1, 0.00
AFLfast,pngtest,14,1624620303, 0, 1, 0.00
AFLfast,pngtest,14,1624620308, 0, 1, 0.00
AFLfast,pngtest,14,1624620313, 0, 1, 0.00
AFLfast,pngtest,14,1624620318, 0, 1, 0.00
AFLfast,pngtest,14,1624620324, 0, 1, 0.00
AFLfast,pngtest,14,1624620329, 0, 1, 0.00
AFLfast,pngtest,14,1624620334, 0, 1, 0.00
AFLfast,pngtest,14,1624620339, 0, 1, 0.00
AFLfast,pngtest,14,1624620344, 0, 1, 0.00
AFLfast,pngtest,14,1624620349, 0, 1, 0.00
AFLfast,pngtest,14,1624620354, 0, 1, 0.00
AFLfast,pngtest,14,1624620359, 0, 1, 0.00
AFLfast,pngtest,14,1624620364, 0, 1, 0.00
AFLfast,pngtest,14,1624620370, 0, 1, 0.00
AFLfast,pngtest,14,1624620375, 0, 1, 0.00
AFLfast,pngtest,14,1624620380, 0, 1, 0.00
AFLfast,pngtest,14,1624620385, 0, 1, 0.00
AFLfast,pngtest,14,1624620390, 0, 1, 0.00
AFLfast,pngtest,14,1624620395, 0, 1, 0.00
AFLfast,pngtest,14,1624620400, 0, 1, 0.00
AFLfast,pngtest,14,1624620405, 0, 1, 0.00
AFLfast,pngtest,14,1624620411, 0, 1, 0.00
AFLfast,pngtest,14,1624620416, 0, 1, 0.00
AFLfast,pngtest,14,1624620421, 0, 1, 0.00
AFLfast,pngtest,14,1624620426, 0, 1, 0.00
AFLfast,pngtest,14,1624620431, 0, 1, 0.00
AFLfast,pngtest,14,1624620436, 0, 1, 0.00
AFLfast,pngtest,14,1624620441, 0, 1, 0.00
AFLfast,pngtest,14,1624620446, 0, 1, 0.00
AFLfast,pngtest,14,1624620452, 0, 1, 0.00
AFLfast,pngtest,14,1624620457, 0, 1, 0.00
AFLfast,pngtest,14,1624620462, 0, 1, 0.00
AFLfast,pngtest,14,1624620467, 0, 1, 0.00
AFLfast,pngtest,14,1624620472, 0, 1, 0.00
AFLfast,pngtest,14,1624620477, 0, 1, 0.00
AFLfast,pngtest,14,1624620482, 0, 1, 0.00
AFLfast,pngtest,14,1624620487, 0, 1, 0.00
AFLfast,pngtest,14,1624620493, 0, 1, 0.00
AFLfast,pngtest,14,1624620498, 0, 1, 0.00
AFLfast,pngtest,14,1624620503, 0, 1, 0.00
AFLfast,pngtest,14,1624620508, 0, 1, 0.00
AFLfast,pngtest,14,1624620513, 0, 1, 0.00
AFLfast,pngtest,14,1624620518, 0, 1, 0.00
AFLfast,pngtest,14,1624620523, 0, 1, 0.00
AFLfast,pngtest,14,1624620528, 0, 1, 0.00
AFLfast,pngtest,14,1624620534, 0, 1, 0.00
AFLfast,pngtest,14,1624620539, 0, 1, 0.00
AFLfast,pngtest,14,1624620544, 0, 1, 0.00
AFLfast,pngtest,14,1624620549, 0, 1, 0.00
AFLfast,pngtest,14,1624620554, 0, 1, 0.00
AFLfast,pngtest,14,1624620560, 0, 1, 0.00
AFLfast,pngtest,14,1624620565, 0, 1, 0.00
AFLfast,pngtest,14,1624620570, 0, 1, 0.00
AFLfast,pngtest,14,1624620575, 0, 1, 0.00
AFLfast,pngtest,14,1624620580, 0, 1, 0.00
AFLfast,pngtest,14,1624620585, 0, 1, 0.00
AFLfast,pngtest,14,1624620590, 0, 1, 0.00
AFLfast,pngtest,14,1624620595, 0, 1, 0.00
AFLfast,pngtest,14,1624620601, 0, 1, 0.00
AFLfast,pngtest,14,1624620606, 0, 1, 0.00
AFLfast,pngtest,14,1624620611, 0, 1, 0.00
AFLfast,pngtest,14,1624620616, 0, 1, 0.00
AFLfast,pngtest,14,1624620621, 0, 1, 0.00
AFLfast,pngtest,14,1624620626, 0, 1, 0.00
AFLfast,pngtest,14,1624620631, 0, 1, 0.00
AFLfast,pngtest,14,1624620636, 0, 1, 0.00
AFLfast,pngtest,14,1624620641, 0, 1, 0.00
AFLfast,pngtest,14,1624620647, 0, 1, 0.00
AFLfast,pngtest,14,1624620652, 0, 1, 0.00
AFLfast,pngtest,14,1624620657, 0, 1, 0.00
AFLfast,pngtest,14,1624620662, 0, 1, 0.00
AFLfast,pngtest,14,1624620667, 0, 1, 0.00
AFLfast,pngtest,14,1624620672, 0, 1, 0.00
AFLfast,pngtest,14,1624620677, 0, 1, 0.00
AFLfast,pngtest,14,1624620682, 0, 1, 0.00
AFLfast,pngtest,14,1624620688, 0, 1, 0.00
AFLfast,pngtest,14,1624620693, 0, 1, 0.00
AFLfast,pngtest,14,1624620698, 0, 1, 0.00
AFLfast,pngtest,14,1624620703, 0, 1, 0.00
AFLfast,pngtest,14,1624620708, 0, 1, 0.00
AFLfast,pngtest,14,1624620713, 0, 1, 0.00
AFLfast,pngtest,14,1624620719, 0, 1, 0.00
AFLfast,pngtest,14,1624620724, 0, 1, 0.00
AFLfast,pngtest,14,1624620729, 0, 1, 0.00
AFLfast,pngtest,14,1624620734, 0, 1, 0.00
AFLfast,pngtest,14,1624620739, 0, 1, 0.00
AFLfast,pngtest,14,1624620744, 0, 1, 0.00
AFLfast,pngtest,14,1624620749, 0, 1, 0.00
AFLfast,pngtest,14,1624620755, 0, 1, 0.00
AFLfast,pngtest,14,1624620760, 0, 1, 0.00
AFLfast,pngtest,14,1624620765, 0, 1, 0.00
AFLfast,pngtest,14,1624620770, 0, 1, 0.00
AFLfast,pngtest,14,1624620775, 0, 1, 0.00
AFLfast,pngtest,14,1624620780, 0, 1, 0.00
AFLfast,pngtest,14,1624620785, 0, 1, 0.00
AFLfast,pngtest,14,1624620790, 0, 1, 0.00
AFLfast,pngtest,14,1624620795, 0, 1, 0.00
AFLfast,pngtest,14,1624620800, 0, 1, 0.00
AFLfast,pngtest,14,1624620805, 0, 1, 0.00
AFLfast,pngtest,14,1624620811, 0, 1, 0.00
AFLfast,pngtest,14,1624620816, 0, 1, 0.00
AFLfast,pngtest,14,1624620821, 0, 1, 0.00
AFLfast,pngtest,14,1624620826, 0, 1, 0.00
AFLfast,pngtest,14,1624620831, 0, 1, 0.00
AFLfast,pngtest,14,1624620836, 0, 1, 0.00
AFLfast,pngtest,14,1624620841, 0, 1, 0.00
AFLfast,pngtest,14,1624620846, 0, 1, 0.00
AFLfast,pngtest,14,1624620851, 0, 1, 0.00
AFLfast,pngtest,14,1624620856, 0, 1, 0.00
AFLfast,pngtest,14,1624620862, 0, 1, 0.00
AFLfast,pngtest,14,1624620867, 0, 1, 0.00
AFLfast,pngtest,14,1624620872, 0, 1, 0.00
AFLfast,pngtest,14,1624620877, 0, 1, 0.00
AFLfast,pngtest,14,1624620883, 0, 1, 0.00
AFLfast,pngtest,14,1624620888, 0, 1, 0.00
AFLfast,pngtest,14,1624620893, 0, 1, 0.00
AFLfast,pngtest,14,1624620898, 0, 1, 0.00
AFLfast,pngtest,14,1624620903, 0, 1, 0.00
AFLfast,pngtest,14,1624620908, 0, 1, 0.00
AFLfast,pngtest,14,1624620913, 0, 1, 0.00
AFLfast,pngtest,14,1624620918, 0, 1, 0.00
AFLfast,pngtest,14,1624620923, 0, 1, 0.00
AFLfast,pngtest,14,1624620929, 0, 1, 0.00
AFLfast,pngtest,14,1624620934, 0, 1, 0.00
AFLfast,pngtest,14,1624620939, 0, 1, 0.00
AFLfast,pngtest,14,1624620944, 0, 1, 0.00
AFLfast,pngtest,14,1624620949, 0, 1, 0.00
AFLfast,pngtest,14,1624620954, 0, 1, 0.00
AFLfast,pngtest,14,1624620959, 0, 1, 0.00
AFLfast,pngtest,14,1624620964, 0, 1, 0.00
AFLfast,pngtest,14,1624620969, 0, 1, 0.00
AFLfast,pngtest,14,1624620975, 0, 1, 0.00
AFLfast,pngtest,14,1624620980, 0, 1, 0.00
AFLfast,pngtest,14,1624620985, 0, 1, 0.00
AFLfast,pngtest,14,1624620990, 0, 1, 0.00
AFLfast,pngtest,14,1624620995, 0, 1, 0.00
AFLfast,pngtest,14,1624621000, 0, 1, 0.00
AFLfast,pngtest,14,1624621005, 0, 1, 0.00
AFLfast,pngtest,14,1624621010, 0, 1, 0.00
AFLfast,pngtest,14,1624621015, 0, 1, 0.00
AFLfast,pngtest,14,1624621021, 0, 1, 0.00
AFLfast,pngtest,14,1624621026, 0, 1, 0.00
AFLfast,pngtest,14,1624621031, 0, 1, 0.00
AFLfast,pngtest,14,1624621036, 0, 1, 0.00
AFLfast,pngtest,14,1624621041, 0, 1, 0.00
AFLfast,pngtest,14,1624621046, 0, 1, 0.00
AFLfast,pngtest,14,1624621051, 0, 1, 0.00
AFLfast,pngtest,14,1624621056, 0, 1, 0.00
AFLfast,pngtest,14,1624621061, 0, 1, 0.00
AFLfast,pngtest,14,1624621066, 0, 1, 0.00
AFLfast,pngtest,14,1624621072, 0, 1, 0.00
AFLfast,pngtest,14,1624621077, 0, 1, 0.00
AFLfast,pngtest,14,1624621082, 0, 1, 0.00
AFLfast,pngtest,14,1624621087, 0, 1, 0.00
AFLfast,pngtest,14,1624621092, 0, 1, 0.00
AFLfast,pngtest,14,1624621097, 0, 1, 0.00
AFLfast,pngtest,14,1624621103, 0, 1, 0.00
AFLfast,pngtest,14,1624621108, 0, 1, 0.00
AFLfast,pngtest,14,1624621113, 0, 1, 0.00
AFLfast,pngtest,14,1624621118, 0, 1, 0.00
AFLfast,pngtest,14,1624621123, 0, 1, 0.00
AFLfast,pngtest,14,1624621128, 0, 1, 0.00
AFLfast,pngtest,14,1624621133, 0, 1, 0.00
AFLfast,pngtest,14,1624621138, 0, 1, 0.00
AFLfast,pngtest,14,1624621144, 0, 1, 0.00
AFLfast,pngtest,14,1624621149, 0, 1, 0.00
AFLfast,pngtest,14,1624621154, 0, 1, 0.00
AFLfast,pngtest,14,1624621159, 0, 1, 0.00
AFLfast,pngtest,14,1624621164, 0, 1, 0.00
AFLfast,pngtest,14,1624621169, 0, 1, 0.00
AFLfast,pngtest,14,1624621174, 0, 1, 0.00
AFLfast,pngtest,14,1624621179, 0, 1, 0.00
AFLfast,pngtest,14,1624621185, 0, 1, 0.00
AFLfast,pngtest,14,1624621190, 0, 1, 0.00
AFLfast,pngtest,14,1624621195, 0, 1, 0.00
AFLfast,pngtest,14,1624621200, 0, 1, 0.00
AFLfast,pngtest,14,1624621205, 0, 1, 0.00
AFLfast,pngtest,14,1624621210, 0, 1, 0.00
AFLfast,pngtest,14,1624621215, 0, 1, 0.00
AFLfast,pngtest,14,1624621221, 0, 1, 0.00
AFLfast,pngtest,14,1624621226, 0, 1, 0.00
AFLfast,pngtest,14,1624621231, 0, 1, 0.00
AFLfast,pngtest,14,1624621236, 0, 1, 0.00
AFLfast,pngtest,14,1624621241, 0, 1, 0.00
AFLfast,pngtest,14,1624621246, 0, 1, 0.00
AFLfast,pngtest,14,1624621251, 0, 1, 0.00
AFLfast,pngtest,14,1624621257, 0, 1, 0.00
AFLfast,pngtest,14,1624621262, 0, 1, 0.00
AFLfast,pngtest,14,1624621267, 0, 1, 0.00
AFLfast,pngtest,14,1624621272, 0, 1, 0.00
AFLfast,pngtest,14,1624621277, 0, 1, 0.00
AFLfast,pngtest,14,1624621282, 0, 1, 0.00
AFLfast,pngtest,14,1624621287, 0, 1, 0.00
AFLfast,pngtest,14,1624621292, 0, 1, 0.00
AFLfast,pngtest,14,1624621297, 0, 1, 0.00
AFLfast,pngtest,14,1624621302, 0, 1, 0.00
AFLfast,pngtest,14,1624621308, 0, 1, 0.00
AFLfast,pngtest,14,1624621313, 0, 1, 0.00
AFLfast,pngtest,14,1624621318, 0, 1, 0.00
AFLfast,pngtest,14,1624621323, 0, 1, 0.00
AFLfast,pngtest,14,1624621328, 0, 1, 0.00
AFLfast,pngtest,14,1624621334, 0, 1, 0.00
AFLfast,pngtest,14,1624621339, 0, 1, 0.00
AFLfast,pngtest,14,1624621344, 0, 1, 0.00
AFLfast,pngtest,14,1624621349, 0, 1, 0.00
AFLfast,pngtest,14,1624621354, 0, 1, 0.00
AFLfast,pngtest,14,1624621359, 0, 1, 0.00
AFLfast,pngtest,14,1624621364, 0, 1, 0.00
AFLfast,pngtest,14,1624621369, 0, 1, 0.00
AFLfast,pngtest,14,1624621375, 0, 1, 0.00
AFLfast,pngtest,14,1624621380, 0, 1, 0.00
AFLfast,pngtest,14,1624621385, 0, 1, 0.00
AFLfast,pngtest,14,1624621390, 0, 1, 0.00
AFLfast,pngtest,14,1624621395, 0, 1, 0.00
AFLfast,pngtest,14,1624621400, 0, 1, 0.00
AFLfast,pngtest,14,1624621405, 0, 1, 0.00
AFLfast,pngtest,14,1624621410, 0, 1, 0.00
AFLfast,pngtest,14,1624621415, 0, 1, 0.00
AFLfast,pngtest,14,1624621420, 0, 1, 0.00
AFLfast,pngtest,14,1624621425, 0, 1, 0.00
AFLfast,pngtest,14,1624621430, 0, 1, 0.00
AFLfast,pngtest,14,1624621435, 0, 1, 0.00
AFLfast,pngtest,14,1624621440, 0, 1, 0.00
AFLfast,pngtest,14,1624621446, 0, 1, 0.00
AFLfast,pngtest,14,1624621451, 0, 1, 0.00
AFLfast,pngtest,14,1624621456, 0, 1, 0.00
AFLfast,pngtest,14,1624621461, 0, 1, 0.00
AFLfast,pngtest,14,1624621466, 0, 1, 0.00
AFLfast,pngtest,14,1624621471, 0, 1, 0.00
AFLfast,pngtest,14,1624621476, 0, 1, 0.00
AFLfast,pngtest,14,1624621481, 0, 1, 0.00
AFLfast,pngtest,14,1624621486, 0, 1, 0.00
AFLfast,pngtest,14,1624621491, 0, 1, 0.00
AFLfast,pngtest,14,1624621496, 0, 1, 0.00
AFLfast,pngtest,14,1624621502, 0, 1, 0.00
AFLfast,pngtest,14,1624621507, 0, 1, 0.00
AFLfast,pngtest,14,1624621512, 0, 1, 0.00
AFLfast,pngtest,14,1624621517, 0, 1, 0.00
AFLfast,pngtest,14,1624621522, 0, 1, 0.00
AFLfast,pngtest,14,1624621527, 0, 1, 0.00
AFLfast,pngtest,14,1624621532, 0, 1, 0.00
AFLfast,pngtest,14,1624621537, 0, 1, 0.00
AFLfast,pngtest,14,1624621542, 0, 1, 0.00
AFLfast,pngtest,14,1624621547, 0, 1, 0.00
AFLfast,pngtest,14,1624621553, 0, 1, 0.00
AFLfast,pngtest,14,1624621558, 0, 1, 0.00
AFLfast,pngtest,14,1624621563, 0, 1, 0.00
AFLfast,pngtest,14,1624621568, 0, 1, 0.00
AFLfast,pngtest,14,1624621573, 0, 1, 0.00
AFLfast,pngtest,14,1624621578, 0, 1, 0.00
AFLfast,pngtest,14,1624621583, 0, 1, 0.00
AFLfast,pngtest,14,1624621588, 0, 1, 0.00
AFLfast,pngtest,14,1624621593, 0, 1, 0.00
AFLfast,pngtest,14,1624621599, 0, 1, 0.00
AFLfast,pngtest,14,1624621604, 0, 1, 0.00
AFLfast,pngtest,14,1624621609, 0, 1, 0.00
AFLfast,pngtest,14,1624621614, 0, 1, 0.00
AFLfast,pngtest,14,1624621619, 0, 1, 0.00
AFLfast,pngtest,14,1624621624, 0, 1, 0.00
AFLfast,pngtest,14,1624621629, 0, 1, 0.00
AFLfast,pngtest,14,1624621634, 0, 1, 0.00
AFLfast,pngtest,14,1624621639, 0, 1, 0.00
AFLfast,pngtest,14,1624621644, 0, 1, 0.00
AFLfast,pngtest,14,1624621649, 0, 1, 0.00
AFLfast,pngtest,14,1624621655, 0, 1, 0.00
AFLfast,pngtest,14,1624621660, 0, 1, 0.00
AFLfast,pngtest,14,1624621665, 0, 1, 0.00
AFLfast,pngtest,14,1624621670, 0, 1, 0.00
AFLfast,pngtest,14,1624621675, 0, 1, 0.00
AFLfast,pngtest,14,1624621680, 0, 1, 0.00
AFLfast,pngtest,14,1624621685, 0, 1, 0.00
AFLfast,pngtest,14,1624621691, 0, 1, 0.00
AFLfast,pngtest,14,1624621696, 0, 1, 0.00
AFLfast,pngtest,14,1624621701, 0, 1, 0.00
AFLfast,pngtest,14,1624621706, 0, 1, 0.00
AFLfast,pngtest,14,1624621711, 0, 1, 0.00
AFLfast,pngtest,14,1624621716, 0, 1, 0.00
AFLfast,pngtest,14,1624621722, 0, 1, 0.00
AFLfast,pngtest,14,1624621727, 0, 1, 0.00
AFLfast,pngtest,14,1624621732, 0, 1, 0.00
AFLfast,pngtest,14,1624621737, 0, 1, 0.00
AFLfast,pngtest,14,1624621742, 0, 1, 0.00
AFLfast,pngtest,14,1624621747, 0, 1, 0.00
AFLfast,pngtest,14,1624621752, 0, 1, 0.00
AFLfast,pngtest,14,1624621757, 0, 1, 0.00
AFLfast,pngtest,14,1624621762, 0, 1, 0.00
AFLfast,pngtest,14,1624621768, 0, 1, 0.00
AFLfast,pngtest,14,1624621773, 0, 1, 0.00
AFLfast,pngtest,14,1624621778, 0, 1, 0.00
AFLfast,pngtest,14,1624621783, 0, 1, 0.00
AFLfast,pngtest,14,1624621788, 0, 1, 0.00
AFLfast,pngtest,14,1624621793, 0, 1, 0.00
AFLfast,pngtest,14,1624621798, 0, 1, 0.00
AFLfast,pngtest,14,1624621804, 0, 1, 0.00
AFLfast,pngtest,14,1624621809, 0, 1, 0.00
AFLfast,pngtest,14,1624621814, 0, 1, 0.00
AFLfast,pngtest,14,1624621819, 0, 1, 0.00
AFLfast,pngtest,14,1624621824, 0, 1, 0.00
AFLfast,pngtest,14,1624621829, 0, 1, 0.00
AFLfast,pngtest,14,1624621834, 0, 1, 0.00
AFLfast,pngtest,14,1624621839, 0, 1, 0.00
AFLfast,pngtest,14,1624621844, 0, 1, 0.00
AFLfast,pngtest,14,1624621849, 0, 1, 0.00
AFLfast,pngtest,14,1624621855, 0, 1, 0.00
AFLfast,pngtest,14,1624621860, 0, 1, 0.00
AFLfast,pngtest,14,1624621865, 0, 1, 0.00
AFLfast,pngtest,14,1624621870, 0, 1, 0.00
AFLfast,pngtest,14,1624621875, 0, 1, 0.00
AFLfast,pngtest,14,1624621880, 0, 1, 0.00
AFLfast,pngtest,14,1624621886, 0, 1, 0.00
AFLfast,pngtest,14,1624621891, 0, 1, 0.00
AFLfast,pngtest,14,1624621896, 0, 1, 0.00
AFLfast,pngtest,14,1624621901, 0, 1, 0.00
AFLfast,pngtest,14,1624621906, 0, 1, 0.00
AFLfast,pngtest,14,1624621911, 0, 1, 0.00
AFLfast,pngtest,14,1624621916, 0, 1, 0.00
AFLfast,pngtest,14,1624621922, 0, 1, 0.00
AFLfast,pngtest,14,1624621927, 0, 1, 0.00
AFLfast,pngtest,14,1624621932, 0, 1, 0.00
AFLfast,pngtest,14,1624621937, 0, 1, 0.00
AFLfast,pngtest,14,1624621942, 0, 1, 0.00
AFLfast,pngtest,14,1624621947, 0, 1, 0.00
AFLfast,pngtest,14,1624621952, 0, 1, 0.00
AFLfast,pngtest,14,1624621957, 0, 1, 0.00
AFLfast,pngtest,14,1624621962, 0, 1, 0.00
AFLfast,pngtest,14,1624621967, 0, 1, 0.00
AFLfast,pngtest,14,1624621973, 0, 1, 0.00
AFLfast,pngtest,14,1624621978, 0, 1, 0.00
AFLfast,pngtest,14,1624621983, 0, 1, 0.00
AFLfast,pngtest,14,1624621988, 0, 1, 0.00
AFLfast,pngtest,14,1624621993, 0, 1, 0.00
AFLfast,pngtest,14,1624621998, 0, 1, 0.00
AFLfast,pngtest,14,1624622003, 0, 1, 0.00
AFLfast,pngtest,14,1624622008, 0, 1, 0.00
AFLfast,pngtest,14,1624622014, 0, 1, 0.00
AFLfast,pngtest,14,1624622019, 0, 1, 0.00
AFLfast,pngtest,14,1624622024, 0, 1, 0.00
AFLfast,pngtest,14,1624622029, 0, 1, 0.00
AFLfast,pngtest,14,1624622034, 0, 1, 0.00
AFLfast,pngtest,14,1624622039, 0, 1, 0.00
AFLfast,pngtest,14,1624622044, 0, 1, 0.00
AFLfast,pngtest,14,1624622049, 0, 1, 0.00
AFLfast,pngtest,14,1624622055, 0, 1, 0.00
AFLfast,pngtest,14,1624622060, 0, 1, 0.00
AFLfast,pngtest,14,1624622065, 0, 1, 0.00
AFLfast,pngtest,14,1624622070, 0, 1, 0.00
AFLfast,pngtest,14,1624622075, 0, 1, 0.00
AFLfast,pngtest,14,1624622080, 0, 1, 0.00
AFLfast,pngtest,14,1624622085, 0, 1, 0.00
AFLfast,pngtest,14,1624622090, 0, 1, 0.00
AFLfast,pngtest,14,1624622095, 0, 1, 0.00
AFLfast,pngtest,14,1624622101, 0, 1, 0.00
AFLfast,pngtest,14,1624622106, 0, 1, 0.00
AFLfast,pngtest,14,1624622111, 0, 1, 0.00
AFLfast,pngtest,14,1624622116, 0, 1, 0.00
AFLfast,pngtest,14,1624622121, 0, 1, 0.00
AFLfast,pngtest,14,1624622126, 0, 1, 0.00
AFLfast,pngtest,14,1624622131, 0, 1, 0.00
AFLfast,pngtest,14,1624622137, 0, 1, 0.00
AFLfast,pngtest,14,1624622142, 0, 1, 0.00
AFLfast,pngtest,14,1624622147, 0, 1, 0.00
AFLfast,pngtest,14,1624622152, 0, 1, 0.00
AFLfast,pngtest,14,1624622157, 0, 1, 0.00
AFLfast,pngtest,14,1624622162, 0, 1, 0.00
AFLfast,pngtest,14,1624622167, 0, 1, 0.00
AFLfast,pngtest,14,1624622172, 0, 1, 0.00
AFLfast,pngtest,14,1624622177, 0, 1, 0.00
AFLfast,pngtest,14,1624622182, 0, 1, 0.00
AFLfast,pngtest,14,1624622187, 0, 1, 0.00
AFLfast,pngtest,14,1624622193, 0, 1, 0.00
AFLfast,pngtest,14,1624622198, 0, 1, 0.00
AFLfast,pngtest,14,1624622203, 0, 1, 0.00
AFLfast,pngtest,14,1624622208, 0, 1, 0.00
AFLfast,pngtest,14,1624622213, 0, 1, 0.00
AFLfast,pngtest,14,1624622218, 0, 1, 0.00
AFLfast,pngtest,14,1624622223, 0, 1, 0.00
AFLfast,pngtest,14,1624622228, 0, 1, 0.00
AFLfast,pngtest,14,1624622233, 0, 1, 0.00
AFLfast,pngtest,14,1624622239, 0, 1, 0.00
AFLfast,pngtest,14,1624622244, 0, 1, 0.00
AFLfast,pngtest,14,1624622249, 0, 1, 0.00
AFLfast,pngtest,14,1624622254, 0, 1, 0.00
AFLfast,pngtest,14,1624622259, 0, 1, 0.00
AFLfast,pngtest,14,1624622264, 0, 1, 0.00
AFLfast,pngtest,14,1624622270, 0, 1, 0.00
AFLfast,pngtest,14,1624622275, 0, 1, 0.00
AFLfast,pngtest,14,1624622280, 0, 1, 0.00
AFLfast,pngtest,14,1624622285, 0, 1, 0.00
AFLfast,pngtest,14,1624622290, 0, 1, 0.00
AFLfast,pngtest,14,1624622295, 0, 1, 0.00
AFLfast,pngtest,14,1624622300, 0, 1, 0.00
AFLfast,pngtest,14,1624622305, 0, 1, 0.00
AFLfast,pngtest,14,1624622310, 0, 1, 0.00
AFLfast,pngtest,14,1624622315, 0, 1, 0.00
AFLfast,pngtest,14,1624622321, 0, 1, 0.00
AFLfast,pngtest,14,1624622326, 0, 1, 0.00
AFLfast,pngtest,14,1624622331, 0, 1, 0.00
AFLfast,pngtest,14,1624622336, 0, 1, 0.00
AFLfast,pngtest,14,1624622341, 0, 1, 0.00
AFLfast,pngtest,14,1624622346, 0, 1, 0.00
AFLfast,pngtest,14,1624622351, 0, 1, 0.00
AFLfast,pngtest,14,1624622356, 0, 1, 0.00
AFLfast,pngtest,14,1624622361, 0, 1, 0.00
AFLfast,pngtest,14,1624622366, 0, 1, 0.00
AFLfast,pngtest,14,1624622372, 0, 1, 0.00
AFLfast,pngtest,14,1624622377, 0, 1, 0.00
AFLfast,pngtest,14,1624622382, 0, 1, 0.00
AFLfast,pngtest,14,1624622387, 0, 1, 0.00
AFLfast,pngtest,14,1624622392, 0, 1, 0.00
AFLfast,pngtest,14,1624622397, 0, 1, 0.00
AFLfast,pngtest,14,1624622402, 0, 1, 0.00
AFLfast,pngtest,14,1624622407, 0, 1, 0.00
AFLfast,pngtest,14,1624622413, 0, 1, 0.00
AFLfast,pngtest,14,1624622418, 0, 1, 0.00
AFLfast,pngtest,14,1624622423, 0, 1, 0.00
AFLfast,pngtest,14,1624622428, 0, 1, 0.00
AFLfast,pngtest,14,1624622433, 0, 1, 0.00
AFLfast,pngtest,14,1624622438, 0, 1, 0.00
AFLfast,pngtest,14,1624622443, 0, 1, 0.00
AFLfast,pngtest,14,1624622448, 0, 1, 0.00
AFLfast,pngtest,14,1624622453, 0, 1, 0.00
AFLfast,pngtest,14,1624622459, 0, 1, 0.00
AFLfast,pngtest,14,1624622464, 0, 1, 0.00
AFLfast,pngtest,14,1624622469, 0, 1, 0.00
AFLfast,pngtest,14,1624622474, 0, 1, 0.00
AFLfast,pngtest,14,1624622479, 0, 1, 0.00
AFLfast,pngtest,14,1624622484, 0, 1, 0.00
AFLfast,pngtest,14,1624622489, 0, 1, 0.00
AFLfast,pngtest,14,1624622494, 0, 1, 0.00
AFLfast,pngtest,14,1624622499, 0, 1, 0.00
AFLfast,pngtest,14,1624622505, 0, 1, 0.00
AFLfast,pngtest,14,1624622510, 0, 1, 0.00
AFLfast,pngtest,14,1624622515, 0, 1, 0.00
AFLfast,pngtest,14,1624622520, 0, 1, 0.00
AFLfast,pngtest,14,1624622525, 0, 1, 0.00
AFLfast,pngtest,14,1624622530, 0, 1, 0.00
AFLfast,pngtest,14,1624622536, 0, 1, 0.00
AFLfast,pngtest,14,1624622541, 0, 1, 0.00
AFLfast,pngtest,14,1624622546, 0, 1, 0.00
AFLfast,pngtest,14,1624622551, 0, 1, 0.00
AFLfast,pngtest,14,1624622556, 0, 1, 0.00
AFLfast,pngtest,14,1624622561, 0, 1, 0.00
AFLfast,pngtest,14,1624622566, 0, 1, 0.00
AFLfast,pngtest,14,1624622571, 0, 1, 0.00
AFLfast,pngtest,14,1624622576, 0, 1, 0.00
AFLfast,pngtest,14,1624622581, 0, 1, 0.00
AFLfast,pngtest,14,1624622586, 0, 1, 0.00
AFLfast,pngtest,14,1624622592, 0, 1, 0.00
AFLfast,pngtest,14,1624622597, 0, 1, 0.00
AFLfast,pngtest,14,1624622602, 0, 1, 0.00
AFLfast,pngtest,14,1624622607, 0, 1, 0.00
AFLfast,pngtest,14,1624622612, 0, 1, 0.00
AFLfast,pngtest,14,1624622617, 0, 1, 0.00
AFLfast,pngtest,14,1624622622, 0, 1, 0.00
AFLfast,pngtest,14,1624622627, 0, 1, 0.00
AFLfast,pngtest,14,1624622632, 0, 1, 0.00
AFLfast,pngtest,14,1624622637, 0, 1, 0.00
AFLfast,pngtest,14,1624622642, 0, 1, 0.00
AFLfast,pngtest,14,1624622647, 0, 1, 0.00
AFLfast,pngtest,14,1624622653, 0, 1, 0.00
AFLfast,pngtest,14,1624622658, 0, 1, 0.00
AFLfast,pngtest,14,1624622663, 0, 1, 0.00
AFLfast,pngtest,14,1624622668, 0, 1, 0.00
AFLfast,pngtest,14,1624622673, 0, 1, 0.00
AFLfast,pngtest,14,1624622678, 0, 1, 0.00
AFLfast,pngtest,14,1624622683, 0, 1, 0.00
AFLfast,pngtest,14,1624622688, 0, 1, 0.00
AFLfast,pngtest,14,1624622693, 0, 1, 0.00
AFLfast,pngtest,14,1624622698, 0, 1, 0.00
AFLfast,pngtest,14,1624622703, 0, 1, 0.00
AFLfast,pngtest,14,1624622709, 0, 1, 0.00
AFLfast,pngtest,14,1624622714, 0, 1, 0.00
AFLfast,pngtest,14,1624622719, 0, 1, 0.00
AFLfast,pngtest,14,1624622724, 0, 1, 0.00
AFLfast,pngtest,14,1624622729, 0, 1, 0.00
AFLfast,pngtest,14,1624622734, 0, 1, 0.00
AFLfast,pngtest,14,1624622739, 0, 1, 0.00
AFLfast,pngtest,14,1624622744, 0, 1, 0.00
AFLfast,pngtest,14,1624622749, 0, 1, 0.00
AFLfast,pngtest,14,1624622755, 0, 1, 0.00
AFLfast,pngtest,14,1624622760, 0, 1, 0.00
AFLfast,pngtest,14,1624622765, 0, 1, 0.00
AFLfast,pngtest,14,1624622770, 0, 1, 0.00
AFLfast,pngtest,14,1624622775, 0, 1, 0.00
AFLfast,pngtest,14,1624622780, 0, 1, 0.00
AFLfast,pngtest,14,1624622785, 0, 1, 0.00
AFLfast,pngtest,14,1624622790, 0, 1, 0.00
AFLfast,pngtest,14,1624622795, 0, 1, 0.00
AFLfast,pngtest,14,1624622801, 0, 1, 0.00
AFLfast,pngtest,14,1624622806, 0, 1, 0.00
AFLfast,pngtest,14,1624622811, 0, 1, 0.00
AFLfast,pngtest,14,1624622816, 0, 1, 0.00
AFLfast,pngtest,14,1624622821, 0, 1, 0.00
AFLfast,pngtest,14,1624622826, 0, 1, 0.00
AFLfast,pngtest,14,1624622831, 0, 1, 0.00
AFLfast,pngtest,14,1624622836, 0, 1, 0.00
AFLfast,pngtest,14,1624622841, 0, 1, 0.00
AFLfast,pngtest,14,1624622846, 0, 1, 0.00
AFLfast,pngtest,14,1624622852, 0, 1, 0.00
AFLfast,pngtest,14,1624622857, 0, 1, 0.00
AFLfast,pngtest,14,1624622862, 0, 1, 0.00
AFLfast,pngtest,14,1624622867, 0, 1, 0.00
AFLfast,pngtest,14,1624622872, 0, 1, 0.00
AFLfast,pngtest,14,1624622877, 0, 1, 0.00
AFLfast,pngtest,14,1624622883, 0, 1, 0.00
AFLfast,pngtest,14,1624622888, 0, 1, 0.00
AFLfast,pngtest,14,1624622893, 0, 1, 0.00
AFLfast,pngtest,14,1624622898, 0, 1, 0.00
AFLfast,pngtest,14,1624622903, 0, 1, 0.00
AFLfast,pngtest,14,1624622908, 0, 1, 0.00
AFLfast,pngtest,14,1624622913, 0, 1, 0.00
AFLfast,pngtest,14,1624622918, 0, 1, 0.00
AFLfast,pngtest,14,1624622923, 0, 1, 0.00
AFLfast,pngtest,14,1624622929, 0, 1, 0.00
AFLfast,pngtest,14,1624622934, 0, 1, 0.00
AFLfast,pngtest,14,1624622939, 0, 1, 0.00
AFLfast,pngtest,14,1624622944, 0, 1, 0.00
AFLfast,pngtest,14,1624622949, 0, 1, 0.00
AFLfast,pngtest,14,1624622954, 0, 1, 0.00
AFLfast,pngtest,14,1624622959, 0, 1, 0.00
AFLfast,pngtest,14,1624622964, 0, 1, 0.00
AFLfast,pngtest,14,1624622969, 0, 1, 0.00
AFLfast,pngtest,14,1624622975, 0, 1, 0.00
AFLfast,pngtest,14,1624622980, 0, 1, 0.00
AFLfast,pngtest,14,1624622985, 0, 1, 0.00
AFLfast,pngtest,14,1624622990, 0, 1, 0.00
AFLfast,pngtest,14,1624622995, 0, 1, 0.00
AFLfast,pngtest,14,1624623000, 0, 1, 0.00
AFLfast,pngtest,14,1624623005, 0, 1, 0.00
AFLfast,pngtest,14,1624623011, 0, 1, 0.00
AFLfast,pngtest,14,1624623016, 0, 1, 0.00
AFLfast,pngtest,14,1624623021, 0, 1, 0.00
AFLfast,pngtest,14,1624623026, 0, 1, 0.00
AFLfast,pngtest,14,1624623031, 0, 1, 0.00
AFLfast,pngtest,14,1624623036, 0, 1, 0.00
AFLfast,pngtest,14,1624623041, 0, 1, 0.00
AFLfast,pngtest,14,1624623046, 0, 1, 0.00
AFLfast,pngtest,14,1624623051, 0, 1, 0.00
AFLfast,pngtest,14,1624623057, 0, 1, 0.00
AFLfast,pngtest,14,1624623062, 0, 1, 0.00
AFLfast,pngtest,14,1624623067, 0, 1, 0.00
AFLfast,pngtest,14,1624623072, 0, 1, 0.00
AFLfast,pngtest,14,1624623077, 0, 1, 0.00
AFLfast,pngtest,14,1624623082, 0, 1, 0.00
AFLfast,pngtest,14,1624623087, 0, 1, 0.00
AFLfast,pngtest,14,1624623092, 0, 1, 0.00
AFLfast,pngtest,14,1624623097, 0, 1, 0.00
AFLfast,pngtest,14,1624623102, 0, 1, 0.00
AFLfast,pngtest,14,1624623108, 0, 1, 0.00
AFLfast,pngtest,14,1624623113, 0, 1, 0.00
AFLfast,pngtest,14,1624623118, 0, 1, 0.00
AFLfast,pngtest,14,1624623123, 0, 1, 0.00
AFLfast,pngtest,14,1624623128, 0, 1, 0.00
AFLfast,pngtest,14,1624623133, 0, 1, 0.00
AFLfast,pngtest,14,1624623138, 0, 1, 0.00
AFLfast,pngtest,14,1624623143, 0, 1, 0.00
AFLfast,pngtest,14,1624623148, 0, 1, 0.00
AFLfast,pngtest,14,1624623154, 0, 1, 0.00
AFLfast,pngtest,14,1624623159, 0, 1, 0.00
AFLfast,pngtest,14,1624623164, 0, 1, 0.00
AFLfast,pngtest,14,1624623169, 0, 1, 0.00
AFLfast,pngtest,14,1624623174, 0, 1, 0.00
AFLfast,pngtest,14,1624623179, 0, 1, 0.00
AFLfast,pngtest,14,1624623184, 0, 1, 0.00
AFLfast,pngtest,14,1624623189, 0, 1, 0.00
AFLfast,pngtest,14,1624623195, 0, 1, 0.00
AFLfast,pngtest,14,1624623200, 0, 1, 0.00
AFLfast,pngtest,14,1624623205, 0, 1, 0.00
AFLfast,pngtest,14,1624623210, 0, 1, 0.00
AFLfast,pngtest,14,1624623215, 0, 1, 0.00
AFLfast,pngtest,14,1624623220, 0, 1, 0.00
AFLfast,pngtest,14,1624623225, 0, 1, 0.00
AFLfast,pngtest,14,1624623231, 0, 1, 0.00
AFLfast,pngtest,14,1624623236, 0, 1, 0.00
AFLfast,pngtest,14,1624623241, 0, 1, 0.00
AFLfast,pngtest,14,1624623246, 0, 1, 0.00
AFLfast,pngtest,14,1624623251, 0, 1, 0.00
AFLfast,pngtest,14,1624623256, 0, 1, 0.00
AFLfast,pngtest,14,1624623261, 0, 1, 0.00
AFLfast,pngtest,14,1624623266, 0, 1, 0.00
AFLfast,pngtest,14,1624623271, 0, 1, 0.00
AFLfast,pngtest,14,1624623277, 0, 1, 0.00
AFLfast,pngtest,14,1624623282, 0, 1, 0.00
AFLfast,pngtest,14,1624623287, 0, 1, 0.00
AFLfast,pngtest,14,1624623292, 0, 1, 0.00
AFLfast,pngtest,14,1624623297, 0, 1, 0.00
AFLfast,pngtest,14,1624623302, 0, 1, 0.00
AFLfast,pngtest,14,1624623307, 0, 1, 0.00
AFLfast,pngtest,14,1624623312, 0, 1, 0.00
AFLfast,pngtest,14,1624623318, 0, 1, 0.00
AFLfast,pngtest,14,1624623323, 0, 1, 0.00
AFLfast,pngtest,14,1624623328, 0, 1, 0.00
AFLfast,pngtest,14,1624623333, 0, 1, 0.00
AFLfast,pngtest,14,1624623338, 0, 1, 0.00
AFLfast,pngtest,14,1624623343, 0, 1, 0.00
AFLfast,pngtest,14,1624623348, 0, 1, 0.00
AFLfast,pngtest,14,1624623353, 0, 1, 0.00
AFLfast,pngtest,14,1624623358, 0, 1, 0.00
AFLfast,pngtest,14,1624623363, 0, 1, 0.00
AFLfast,pngtest,14,1624623369, 0, 1, 0.00
AFLfast,pngtest,14,1624623374, 0, 1, 0.00
AFLfast,pngtest,14,1624623379, 0, 1, 0.00
AFLfast,pngtest,14,1624623384, 0, 1, 0.00
AFLfast,pngtest,14,1624623389, 0, 1, 0.00
AFLfast,pngtest,14,1624623394, 0, 1, 0.00
AFLfast,pngtest,14,1624623399, 0, 1, 0.00
AFLfast,pngtest,14,1624623404, 0, 1, 0.00
AFLfast,pngtest,14,1624623410, 0, 1, 0.00
AFLfast,pngtest,14,1624623415, 0, 1, 0.00
AFLfast,pngtest,14,1624623420, 0, 1, 0.00
AFLfast,pngtest,14,1624623425, 0, 1, 0.00
AFLfast,pngtest,14,1624623430, 0, 1, 0.00
AFLfast,pngtest,14,1624623435, 0, 1, 0.00
AFLfast,pngtest,14,1624623440, 0, 1, 0.00
AFLfast,pngtest,14,1624623446, 0, 1, 0.00
AFLfast,pngtest,14,1624623451, 0, 1, 0.00
AFLfast,pngtest,14,1624623456, 0, 1, 0.00
AFLfast,pngtest,14,1624623461, 0, 1, 0.00
AFLfast,pngtest,14,1624623466, 0, 1, 0.00
AFLfast,pngtest,14,1624623471, 0, 1, 0.00
AFLfast,pngtest,14,1624623476, 0, 1, 0.00
AFLfast,pngtest,14,1624623481, 0, 1, 0.00
AFLfast,pngtest,14,1624623486, 0, 1, 0.00
AFLfast,pngtest,14,1624623492, 0, 1, 0.00
AFLfast,pngtest,14,1624623497, 0, 1, 0.00
AFLfast,pngtest,14,1624623502, 0, 1, 0.00
AFLfast,pngtest,14,1624623507, 0, 1, 0.00
AFLfast,pngtest,14,1624623512, 0, 1, 0.00
AFLfast,pngtest,14,1624623517, 0, 1, 0.00
AFLfast,pngtest,14,1624623522, 0, 1, 0.00
AFLfast,pngtest,14,1624623527, 0, 1, 0.00
AFLfast,pngtest,14,1624623532, 0, 1, 0.00
AFLfast,pngtest,14,1624623537, 0, 1, 0.00
AFLfast,pngtest,14,1624623542, 0, 1, 0.00
AFLfast,pngtest,14,1624623547, 0, 1, 0.00
AFLfast,pngtest,14,1624623552, 0, 1, 0.00
AFLfast,pngtest,14,1624623558, 0, 1, 0.00
AFLfast,pngtest,14,1624623563, 0, 1, 0.00
AFLfast,pngtest,14,1624623568, 0, 1, 0.00
AFLfast,pngtest,14,1624623573, 0, 1, 0.00
AFLfast,pngtest,14,1624623578, 0, 1, 0.00
AFLfast,pngtest,14,1624623583, 0, 1, 0.00
AFLfast,pngtest,14,1624623588, 0, 1, 0.00
AFLfast,pngtest,14,1624623594, 0, 1, 0.00
AFLfast,pngtest,14,1624623599, 0, 1, 0.00
AFLfast,pngtest,14,1624623604, 0, 1, 0.00
AFLfast,pngtest,14,1624623609, 0, 1, 0.00
AFLfast,pngtest,14,1624623614, 0, 1, 0.00
AFLfast,pngtest,14,1624623619, 0, 1, 0.00
AFLfast,pngtest,14,1624623625, 0, 1, 0.00
AFLfast,pngtest,14,1624623630, 0, 1, 0.00
AFLfast,pngtest,14,1624623635, 0, 1, 0.00
AFLfast,pngtest,14,1624623640, 0, 1, 0.00
AFLfast,pngtest,14,1624623645, 0, 1, 0.00
AFLfast,pngtest,14,1624623650, 0, 1, 0.00
AFLfast,pngtest,14,1624623655, 0, 1, 0.00
AFLfast,pngtest,14,1624623660, 0, 1, 0.00
AFLfast,pngtest,14,1624623666, 0, 1, 0.00
AFLfast,pngtest,14,1624623671, 0, 1, 0.00
AFLfast,pngtest,14,1624623676, 0, 1, 0.00
AFLfast,pngtest,14,1624623681, 0, 1, 0.00
AFLfast,pngtest,14,1624623686, 0, 1, 0.00
AFLfast,pngtest,14,1624623691, 0, 1, 0.00
AFLfast,pngtest,14,1624623697, 0, 1, 0.00
AFLfast,pngtest,14,1624623702, 0, 1, 0.00
AFLfast,pngtest,14,1624623707, 0, 1, 0.00
AFLfast,pngtest,14,1624623712, 0, 1, 0.00
AFLfast,pngtest,14,1624623717, 0, 1, 0.00
AFLfast,pngtest,14,1624623722, 0, 1, 0.00
AFLfast,pngtest,14,1624623728, 0, 1, 0.00
AFLfast,pngtest,14,1624623733, 0, 1, 0.00
AFLfast,pngtest,14,1624623738, 0, 1, 0.00
AFLfast,pngtest,14,1624623743, 0, 1, 0.00
AFLfast,pngtest,14,1624623748, 0, 1, 0.00
AFLfast,pngtest,14,1624623753, 0, 1, 0.00
AFLfast,pngtest,14,1624623758, 0, 1, 0.00
AFLfast,pngtest,14,1624623763, 0, 1, 0.00
AFLfast,pngtest,14,1624623769, 0, 1, 0.00
AFLfast,pngtest,14,1624623774, 0, 1, 0.00
AFLfast,pngtest,14,1624623779, 0, 1, 0.00
AFLfast,pngtest,14,1624623784, 0, 1, 0.00
AFLfast,pngtest,14,1624623789, 0, 1, 0.00
AFLfast,pngtest,14,1624623794, 0, 1, 0.00
AFLfast,pngtest,14,1624623800, 0, 1, 0.00
AFLfast,pngtest,14,1624623805, 0, 1, 0.00
AFLfast,pngtest,14,1624623810, 0, 1, 0.00
AFLfast,pngtest,14,1624623815, 0, 1, 0.00
AFLfast,pngtest,14,1624623820, 0, 1, 0.00
AFLfast,pngtest,14,1624623825, 0, 1, 0.00
AFLfast,pngtest,14,1624623830, 0, 1, 0.00
AFLfast,pngtest,14,1624623836, 0, 1, 0.00
AFLfast,pngtest,14,1624623841, 0, 1, 0.00
AFLfast,pngtest,14,1624623846, 0, 1, 0.00
AFLfast,pngtest,14,1624623851, 0, 1, 0.00
AFLfast,pngtest,14,1624623856, 0, 1, 0.00
AFLfast,pngtest,14,1624623861, 0, 1, 0.00
AFLfast,pngtest,14,1624623866, 0, 1, 0.00
AFLfast,pngtest,14,1624623872, 0, 1, 0.00
AFLfast,pngtest,14,1624623877, 0, 1, 0.00
AFLfast,pngtest,14,1624623882, 0, 1, 0.00
AFLfast,pngtest,14,1624623887, 0, 1, 0.00
AFLfast,pngtest,14,1624623892, 0, 1, 0.00
AFLfast,pngtest,14,1624623897, 0, 1, 0.00
AFLfast,pngtest,14,1624623902, 0, 1, 0.00
AFLfast,pngtest,14,1624623908, 0, 1, 0.00
AFLfast,pngtest,14,1624623913, 0, 1, 0.00
AFLfast,pngtest,14,1624623918, 0, 1, 0.00
AFLfast,pngtest,14,1624623923, 0, 1, 0.00
AFLfast,pngtest,14,1624623928, 0, 1, 0.00
AFLfast,pngtest,14,1624623933, 0, 1, 0.00
AFLfast,pngtest,14,1624623938, 0, 1, 0.00
AFLfast,pngtest,14,1624623943, 0, 1, 0.00
AFLfast,pngtest,14,1624623948, 0, 1, 0.00
AFLfast,pngtest,14,1624623953, 0, 1, 0.00
AFLfast,pngtest,14,1624623958, 0, 1, 0.00
AFLfast,pngtest,14,1624623963, 0, 1, 0.00
AFLfast,pngtest,14,1624623969, 0, 1, 0.00
AFLfast,pngtest,14,1624623974, 0, 1, 0.00
AFLfast,pngtest,14,1624623979, 0, 1, 0.00
AFLfast,pngtest,14,1624623984, 0, 1, 0.00
AFLfast,pngtest,14,1624623989, 0, 1, 0.00
AFLfast,pngtest,14,1624623994, 0, 1, 0.00
AFLfast,pngtest,14,1624623999, 0, 1, 0.00
AFLfast,pngtest,14,1624624004, 0, 1, 0.00
AFLfast,pngtest,14,1624624009, 0, 1, 0.00
AFLfast,pngtest,14,1624624014, 0, 1, 0.00
AFLfast,pngtest,14,1624624019, 0, 1, 0.00
AFLfast,pngtest,14,1624624025, 0, 1, 0.00
AFLfast,pngtest,14,1624624030, 0, 1, 0.00
AFLfast,pngtest,14,1624624035, 0, 1, 0.00
AFLfast,pngtest,14,1624624040, 0, 1, 0.00
AFLfast,pngtest,14,1624624045, 0, 1, 0.00
AFLfast,pngtest,14,1624624050, 0, 1, 0.00
AFLfast,pngtest,14,1624624056, 0, 1, 0.00
AFLfast,pngtest,14,1624624061, 0, 1, 0.00
AFLfast,pngtest,14,1624624066, 0, 1, 0.00
AFLfast,pngtest,14,1624624071, 0, 1, 0.00
AFLfast,pngtest,14,1624624076, 0, 1, 0.00
AFLfast,pngtest,14,1624624081, 0, 1, 0.00
AFLfast,pngtest,14,1624624086, 0, 1, 0.00
AFLfast,pngtest,14,1624624091, 0, 1, 0.00
AFLfast,pngtest,14,1624624097, 0, 1, 0.00
AFLfast,pngtest,14,1624624102, 0, 1, 0.00
AFLfast,pngtest,14,1624624107, 0, 1, 0.00
AFLfast,pngtest,14,1624624112, 0, 1, 0.00
AFLfast,pngtest,14,1624624117, 0, 1, 0.00
AFLfast,pngtest,14,1624624122, 0, 1, 0.00
AFLfast,pngtest,14,1624624127, 0, 1, 0.00
AFLfast,pngtest,14,1624624132, 0, 1, 0.00
AFLfast,pngtest,14,1624624137, 0, 1, 0.00
AFLfast,pngtest,14,1624624143, 0, 1, 0.00
AFLfast,pngtest,14,1624624148, 0, 1, 0.00
AFLfast,pngtest,14,1624624153, 0, 1, 0.00
AFLfast,pngtest,14,1624624158, 0, 1, 0.00
AFLfast,pngtest,14,1624624163, 0, 1, 0.00
AFLfast,pngtest,14,1624624168, 0, 1, 0.00
AFLfast,pngtest,14,1624624173, 0, 1, 0.00
AFLfast,pngtest,14,1624624178, 0, 1, 0.00
AFLfast,pngtest,14,1624624184, 0, 1, 0.00
AFLfast,pngtest,14,1624624189, 0, 1, 0.00
AFLfast,pngtest,14,1624624194, 0, 1, 0.00
AFLfast,pngtest,14,1624624199, 0, 1, 0.00
AFLfast,pngtest,14,1624624204, 0, 1, 0.00
AFLfast,pngtest,14,1624624209, 0, 1, 0.00
AFLfast,pngtest,14,1624624214, 0, 1, 0.00
AFLfast,pngtest,14,1624624219, 0, 1, 0.00
AFLfast,pngtest,14,1624624225, 0, 1, 0.00
AFLfast,pngtest,14,1624624230, 0, 1, 0.00
AFLfast,pngtest,14,1624624235, 0, 1, 0.00
AFLfast,pngtest,14,1624624240, 0, 1, 0.00
AFLfast,pngtest,14,1624624245, 0, 1, 0.00
AFLfast,pngtest,14,1624624250, 0, 1, 0.00
AFLfast,pngtest,14,1624624256, 0, 1, 0.00
AFLfast,pngtest,14,1624624261, 0, 1, 0.00
AFLfast,pngtest,14,1624624266, 0, 1, 0.00
AFLfast,pngtest,14,1624624271, 0, 1, 0.00
AFLfast,pngtest,14,1624624276, 0, 1, 0.00
AFLfast,pngtest,14,1624624282, 0, 1, 0.00
AFLfast,pngtest,14,1624624287, 0, 1, 0.00
AFLfast,pngtest,14,1624624292, 0, 1, 0.00
AFLfast,pngtest,14,1624624297, 0, 1, 0.00
AFLfast,pngtest,14,1624624302, 0, 1, 0.00
AFLfast,pngtest,14,1624624307, 0, 1, 0.00
AFLfast,pngtest,14,1624624312, 0, 1, 0.00
AFLfast,pngtest,14,1624624317, 0, 1, 0.00
AFLfast,pngtest,14,1624624323, 0, 1, 0.00
AFLfast,pngtest,14,1624624328, 0, 1, 0.00
AFLfast,pngtest,14,1624624333, 0, 1, 0.00
AFLfast,pngtest,14,1624624338, 0, 1, 0.00
AFLfast,pngtest,14,1624624343, 0, 1, 0.00
AFLfast,pngtest,14,1624624348, 0, 1, 0.00
AFLfast,pngtest,14,1624624353, 0, 1, 0.00
AFLfast,pngtest,14,1624624358, 0, 1, 0.00
AFLfast,pngtest,14,1624624363, 0, 1, 0.00
AFLfast,pngtest,14,1624624368, 0, 1, 0.00
AFLfast,pngtest,14,1624624373, 0, 1, 0.00
AFLfast,pngtest,14,1624624379, 0, 1, 0.00
AFLfast,pngtest,14,1624624384, 0, 1, 0.00
AFLfast,pngtest,14,1624624389, 0, 1, 0.00
AFLfast,pngtest,14,1624624394, 0, 1, 0.00
AFLfast,pngtest,14,1624624399, 0, 1, 0.00
AFLfast,pngtest,14,1624624404, 0, 1, 0.00
AFLfast,pngtest,14,1624624409, 0, 1, 0.00
AFLfast,pngtest,14,1624624415, 0, 1, 0.00
AFLfast,pngtest,14,1624624420, 0, 1, 0.00
AFLfast,pngtest,14,1624624425, 0, 1, 0.00
AFLfast,pngtest,14,1624624430, 0, 1, 0.00
AFLfast,pngtest,14,1624624435, 0, 1, 0.00
AFLfast,pngtest,14,1624624440, 0, 1, 0.00
AFLfast,pngtest,14,1624624445, 0, 1, 0.00
AFLfast,pngtest,14,1624624451, 0, 1, 0.00
AFLfast,pngtest,14,1624624456, 0, 1, 0.00
AFLfast,pngtest,14,1624624461, 0, 1, 0.00
AFLfast,pngtest,14,1624624466, 0, 1, 0.00
AFLfast,pngtest,14,1624624471, 0, 1, 0.00
AFLfast,pngtest,14,1624624477, 0, 1, 0.00
AFLfast,pngtest,14,1624624482, 0, 1, 0.00
AFLfast,pngtest,14,1624624487, 0, 1, 0.00
AFLfast,pngtest,14,1624624492, 0, 1, 0.00
AFLfast,pngtest,14,1624624497, 0, 1, 0.00
AFLfast,pngtest,14,1624624502, 0, 1, 0.00
AFLfast,pngtest,14,1624624507, 0, 1, 0.00
AFLfast,pngtest,14,1624624512, 0, 1, 0.00
AFLfast,pngtest,14,1624624517, 0, 1, 0.00
AFLfast,pngtest,14,1624624522, 0, 1, 0.00
AFLfast,pngtest,14,1624624527, 0, 1, 0.00
AFLfast,pngtest,14,1624624533, 0, 1, 0.00
AFLfast,pngtest,14,1624624538, 0, 1, 0.00
AFLfast,pngtest,14,1624624543, 0, 1, 0.00
AFLfast,pngtest,14,1624624548, 0, 1, 0.00
AFLfast,pngtest,14,1624624553, 0, 1, 0.00
AFLfast,pngtest,14,1624624558, 0, 1, 0.00
AFLfast,pngtest,14,1624624563, 0, 1, 0.00
AFLfast,pngtest,14,1624624568, 0, 1, 0.00
AFLfast,pngtest,14,1624624573, 0, 1, 0.00
AFLfast,pngtest,14,1624624579, 0, 1, 0.00
AFLfast,pngtest,14,1624624584, 0, 1, 0.00
AFLfast,pngtest,14,1624624589, 0, 1, 0.00
AFLfast,pngtest,14,1624624594, 0, 1, 0.00
AFLfast,pngtest,14,1624624599, 0, 1, 0.00
AFLfast,pngtest,14,1624624604, 0, 1, 0.00
AFLfast,pngtest,14,1624624609, 0, 1, 0.00
AFLfast,pngtest,14,1624624614, 0, 1, 0.00
AFLfast,pngtest,14,1624624619, 0, 1, 0.00
AFLfast,pngtest,14,1624624625, 0, 1, 0.00
AFLfast,pngtest,14,1624624630, 0, 1, 0.00
AFLfast,pngtest,14,1624624635, 0, 1, 0.00
AFLfast,pngtest,14,1624624640, 0, 1, 0.00
AFLfast,pngtest,14,1624624645, 0, 1, 0.00
AFLfast,pngtest,14,1624624650, 0, 1, 0.00
AFLfast,pngtest,14,1624624655, 0, 1, 0.00
AFLfast,pngtest,14,1624624660, 0, 1, 0.00
AFLfast,pngtest,14,1624624665, 0, 1, 0.00
AFLfast,pngtest,14,1624624670, 0, 1, 0.00
AFLfast,pngtest,14,1624624676, 0, 1, 0.00
AFLfast,pngtest,14,1624624681, 0, 1, 0.00
AFLfast,pngtest,14,1624624686, 0, 1, 0.00
AFLfast,pngtest,14,1624624691, 0, 1, 0.00
AFLfast,pngtest,14,1624624696, 0, 1, 0.00
AFLfast,pngtest,14,1624624702, 0, 1, 0.00
AFLfast,pngtest,14,1624624707, 0, 1, 0.00
AFLfast,pngtest,14,1624624712, 0, 1, 0.00
AFLfast,pngtest,14,1624624717, 0, 1, 0.00
AFLfast,pngtest,14,1624624722, 0, 1, 0.00
AFLfast,pngtest,14,1624624727, 0, 1, 0.00
AFLfast,pngtest,14,1624624732, 0, 1, 0.00
AFLfast,pngtest,14,1624624738, 0, 1, 0.00
AFLfast,pngtest,14,1624624743, 0, 1, 0.00
AFLfast,pngtest,14,1624624748, 0, 1, 0.00
AFLfast,pngtest,14,1624624753, 0, 1, 0.00
AFLfast,pngtest,14,1624624759, 0, 1, 0.00
AFLfast,pngtest,14,1624624764, 0, 1, 0.00
AFLfast,pngtest,14,1624624769, 0, 1, 0.00
AFLfast,pngtest,14,1624624774, 0, 1, 0.00
AFLfast,pngtest,14,1624624779, 0, 1, 0.00
AFLfast,pngtest,14,1624624784, 0, 1, 0.00
AFLfast,pngtest,14,1624624789, 0, 1, 0.00
AFLfast,pngtest,14,1624624794, 0, 1, 0.00
AFLfast,pngtest,14,1624624800, 0, 1, 0.00
AFLfast,pngtest,14,1624624805, 0, 1, 0.00
AFLfast,pngtest,14,1624624810, 0, 1, 0.00
AFLfast,pngtest,14,1624624815, 0, 1, 0.00
AFLfast,pngtest,14,1624624820, 0, 1, 0.00
AFLfast,pngtest,14,1624624825, 0, 1, 0.00
AFLfast,pngtest,14,1624624830, 0, 1, 0.00
AFLfast,pngtest,14,1624624835, 0, 1, 0.00
AFLfast,pngtest,14,1624624841, 0, 1, 0.00
AFLfast,pngtest,14,1624624846, 0, 1, 0.00
AFLfast,pngtest,14,1624624851, 0, 1, 0.00
AFLfast,pngtest,14,1624624856, 0, 1, 0.00
AFLfast,pngtest,14,1624624861, 0, 1, 0.00
AFLfast,pngtest,14,1624624866, 0, 1, 0.00
AFLfast,pngtest,14,1624624872, 0, 1, 0.00
AFLfast,pngtest,14,1624624877, 0, 1, 0.00
AFLfast,pngtest,14,1624624882, 0, 1, 0.00
AFLfast,pngtest,14,1624624887, 0, 1, 0.00
AFLfast,pngtest,14,1624624892, 0, 1, 0.00
AFLfast,pngtest,14,1624624897, 0, 1, 0.00
AFLfast,pngtest,14,1624624902, 0, 1, 0.00
AFLfast,pngtest,14,1624624907, 0, 1, 0.00
AFLfast,pngtest,14,1624624913, 0, 1, 0.00
AFLfast,pngtest,14,1624624918, 0, 1, 0.00
AFLfast,pngtest,14,1624624923, 0, 1, 0.00
AFLfast,pngtest,14,1624624928, 0, 1, 0.00
AFLfast,pngtest,14,1624624933, 0, 1, 0.00
AFLfast,pngtest,14,1624624938, 0, 1, 0.00
AFLfast,pngtest,14,1624624944, 0, 1, 0.00
AFLfast,pngtest,14,1624624949, 0, 1, 0.00
AFLfast,pngtest,14,1624624954, 0, 1, 0.00
AFLfast,pngtest,14,1624624959, 0, 1, 0.00
AFLfast,pngtest,14,1624624964, 0, 1, 0.00
AFLfast,pngtest,14,1624624969, 0, 1, 0.00
AFLfast,pngtest,14,1624624974, 0, 1, 0.00
AFLfast,pngtest,14,1624624979, 0, 1, 0.00
AFLfast,pngtest,14,1624624985, 0, 1, 0.00
AFLfast,pngtest,14,1624624990, 0, 1, 0.00
AFLfast,pngtest,14,1624624995, 0, 1, 0.00
AFLfast,pngtest,14,1624625000, 0, 1, 0.00
AFLfast,pngtest,14,1624625005, 0, 1, 0.00
AFLfast,pngtest,14,1624625010, 0, 1, 0.00
AFLfast,pngtest,14,1624625015, 0, 1, 0.00
AFLfast,pngtest,14,1624625020, 0, 1, 0.00
AFLfast,pngtest,14,1624625026, 0, 1, 0.00
AFLfast,pngtest,14,1624625031, 0, 1, 0.00
AFLfast,pngtest,14,1624625036, 0, 1, 0.00
AFLfast,pngtest,14,1624625041, 0, 1, 0.00
AFLfast,pngtest,14,1624625046, 0, 1, 0.00
AFLfast,pngtest,14,1624625051, 0, 1, 0.00
AFLfast,pngtest,14,1624625056, 0, 1, 0.00
AFLfast,pngtest,14,1624625062, 0, 1, 0.00
AFLfast,pngtest,14,1624625067, 0, 1, 0.00
AFLfast,pngtest,14,1624625072, 0, 1, 0.00
AFLfast,pngtest,14,1624625077, 0, 1, 0.00
AFLfast,pngtest,14,1624625082, 0, 1, 0.00
AFLfast,pngtest,14,1624625087, 0, 1, 0.00
AFLfast,pngtest,14,1624625092, 0, 1, 0.00
AFLfast,pngtest,14,1624625097, 0, 1, 0.00
AFLfast,pngtest,14,1624625102, 0, 1, 0.00
AFLfast,pngtest,14,1624625107, 0, 1, 0.00
AFLfast,pngtest,14,1624625112, 0, 1, 0.00
AFLfast,pngtest,14,1624625117, 0, 1, 0.00
AFLfast,pngtest,14,1624625123, 0, 1, 0.00
AFLfast,pngtest,14,1624625128, 0, 1, 0.00
AFLfast,pngtest,14,1624625133, 0, 1, 0.00
AFLfast,pngtest,14,1624625138, 0, 1, 0.00
AFLfast,pngtest,14,1624625143, 0, 1, 0.00
AFLfast,pngtest,14,1624625148, 0, 1, 0.00
AFLfast,pngtest,14,1624625154, 0, 1, 0.00
AFLfast,pngtest,14,1624625159, 0, 1, 0.00
AFLfast,pngtest,14,1624625164, 0, 1, 0.00
AFLfast,pngtest,14,1624625169, 0, 1, 0.00
AFLfast,pngtest,14,1624625174, 0, 1, 0.00
AFLfast,pngtest,14,1624625179, 0, 1, 0.00
AFLfast,pngtest,14,1624625184, 0, 1, 0.00
AFLfast,pngtest,14,1624625189, 0, 1, 0.00
AFLfast,pngtest,14,1624625195, 0, 1, 0.00
AFLfast,pngtest,14,1624625200, 0, 1, 0.00
AFLfast,pngtest,14,1624625205, 0, 1, 0.00
AFLfast,pngtest,14,1624625210, 0, 1, 0.00
AFLfast,pngtest,14,1624625215, 0, 1, 0.00
AFLfast,pngtest,14,1624625220, 0, 1, 0.00
AFLfast,pngtest,14,1624625225, 0, 1, 0.00
AFLfast,pngtest,14,1624625230, 0, 1, 0.00
AFLfast,pngtest,14,1624625235, 0, 1, 0.00
AFLfast,pngtest,14,1624625240, 0, 1, 0.00
AFLfast,pngtest,14,1624625246, 0, 1, 0.00
AFLfast,pngtest,14,1624625251, 0, 1, 0.00
AFLfast,pngtest,14,1624625256, 0, 1, 0.00
AFLfast,pngtest,14,1624625261, 0, 1, 0.00
AFLfast,pngtest,14,1624625266, 0, 1, 0.00
AFLfast,pngtest,14,1624625271, 0, 1, 0.00
AFLfast,pngtest,14,1624625276, 0, 1, 0.00
AFLfast,pngtest,14,1624625282, 0, 1, 0.00
AFLfast,pngtest,14,1624625287, 0, 1, 0.00
AFLfast,pngtest,14,1624625292, 0, 1, 0.00
AFLfast,pngtest,14,1624625297, 0, 1, 0.00
AFLfast,pngtest,14,1624625302, 0, 1, 0.00
AFLfast,pngtest,14,1624625307, 0, 1, 0.00
AFLfast,pngtest,14,1624625313, 0, 1, 0.00
AFLfast,pngtest,14,1624625318, 0, 1, 0.00
AFLfast,pngtest,14,1624625323, 0, 1, 0.00
AFLfast,pngtest,14,1624625328, 0, 1, 0.00
AFLfast,pngtest,14,1624625333, 0, 1, 0.00
AFLfast,pngtest,14,1624625338, 0, 1, 0.00
AFLfast,pngtest,14,1624625343, 0, 1, 0.00
AFLfast,pngtest,14,1624625348, 0, 1, 0.00
AFLfast,pngtest,14,1624625353, 0, 1, 0.00
AFLfast,pngtest,14,1624625358, 0, 1, 0.00
AFLfast,pngtest,14,1624625363, 0, 1, 0.00
AFLfast,pngtest,14,1624625368, 0, 1, 0.00
AFLfast,pngtest,14,1624625374, 0, 1, 0.00
AFLfast,pngtest,14,1624625379, 0, 1, 0.00
AFLfast,pngtest,14,1624625384, 0, 1, 0.00
AFLfast,pngtest,14,1624625389, 0, 1, 0.00
AFLfast,pngtest,14,1624625394, 0, 1, 0.00
AFLfast,pngtest,14,1624625399, 0, 1, 0.00
AFLfast,pngtest,14,1624625404, 0, 1, 0.00
AFLfast,pngtest,14,1624625410, 0, 1, 0.00
AFLfast,pngtest,14,1624625415, 0, 1, 0.00
AFLfast,pngtest,14,1624625420, 0, 1, 0.00
AFLfast,pngtest,14,1624625425, 0, 1, 0.00
AFLfast,pngtest,14,1624625430, 0, 1, 0.00
AFLfast,pngtest,14,1624625435, 0, 1, 0.00
AFLfast,pngtest,14,1624625440, 0, 1, 0.00
AFLfast,pngtest,14,1624625446, 0, 1, 0.00
AFLfast,pngtest,14,1624625451, 0, 1, 0.00
AFLfast,pngtest,14,1624625456, 0, 1, 0.00
AFLfast,pngtest,14,1624625461, 0, 1, 0.00
AFLfast,pngtest,14,1624625466, 0, 1, 0.00
AFLfast,pngtest,14,1624625471, 0, 1, 0.00
AFLfast,pngtest,14,1624625476, 0, 1, 0.00
AFLfast,pngtest,14,1624625481, 0, 1, 0.00
AFLfast,pngtest,14,1624625487, 0, 1, 0.00
AFLfast,pngtest,14,1624625492, 0, 1, 0.00
AFLfast,pngtest,14,1624625497, 0, 1, 0.00
AFLfast,pngtest,14,1624625502, 0, 1, 0.00
AFLfast,pngtest,14,1624625507, 0, 1, 0.00
AFLfast,pngtest,14,1624625512, 0, 1, 0.00
AFLfast,pngtest,14,1624625517, 0, 1, 0.00
AFLfast,pngtest,14,1624625522, 0, 1, 0.00
AFLfast,pngtest,14,1624625527, 0, 1, 0.00
AFLfast,pngtest,14,1624625532, 0, 1, 0.00
AFLfast,pngtest,14,1624625538, 0, 1, 0.00
AFLfast,pngtest,14,1624625543, 0, 1, 0.00
AFLfast,pngtest,14,1624625548, 0, 1, 0.00
AFLfast,pngtest,14,1624625553, 0, 1, 0.00
AFLfast,pngtest,14,1624625558, 0, 1, 0.00
AFLfast,pngtest,14,1624625563, 0, 1, 0.00
AFLfast,pngtest,14,1624625568, 0, 1, 0.00
AFLfast,pngtest,14,1624625573, 0, 1, 0.00
AFLfast,pngtest,14,1624625579, 0, 1, 0.00
AFLfast,pngtest,14,1624625584, 0, 1, 0.00
AFLfast,pngtest,14,1624625589, 0, 1, 0.00
AFLfast,pngtest,14,1624625594, 0, 1, 0.00
AFLfast,pngtest,14,1624625599, 0, 1, 0.00
AFLfast,pngtest,14,1624625604, 0, 1, 0.00
AFLfast,pngtest,14,1624625609, 0, 1, 0.00
AFLfast,pngtest,14,1624625614, 0, 1, 0.00
AFLfast,pngtest,14,1624625619, 0, 1, 0.00
AFLfast,pngtest,14,1624625624, 0, 1, 0.00
AFLfast,pngtest,14,1624625629, 0, 1, 0.00
AFLfast,pngtest,14,1624625634, 0, 1, 0.00
AFLfast,pngtest,14,1624625640, 0, 1, 0.00
AFLfast,pngtest,14,1624625645, 0, 1, 0.00
AFLfast,pngtest,14,1624625650, 0, 1, 0.00
AFLfast,pngtest,14,1624625655, 0, 1, 0.00
AFLfast,pngtest,14,1624625660, 0, 1, 0.00
AFLfast,pngtest,14,1624625665, 0, 1, 0.00
AFLfast,pngtest,14,1624625670, 0, 1, 0.00
AFLfast,pngtest,14,1624625675, 0, 1, 0.00
AFLfast,pngtest,14,1624625680, 0, 1, 0.00
AFLfast,pngtest,14,1624625685, 0, 1, 0.00
AFLfast,pngtest,14,1624625690, 0, 1, 0.00
AFLfast,pngtest,14,1624625695, 0, 1, 0.00
AFLfast,pngtest,14,1624625701, 0, 1, 0.00
AFLfast,pngtest,14,1624625706, 0, 1, 0.00
AFLfast,pngtest,14,1624625711, 0, 1, 0.00
AFLfast,pngtest,14,1624625716, 0, 1, 0.00
AFLfast,pngtest,14,1624625721, 0, 1, 0.00
AFLfast,pngtest,14,1624625727, 0, 1, 0.00
AFLfast,pngtest,14,1624625732, 0, 1, 0.00
AFLfast,pngtest,14,1624625737, 0, 1, 0.00
AFLfast,pngtest,14,1624625742, 0, 1, 0.00
AFLfast,pngtest,14,1624625747, 0, 1, 0.00
AFLfast,pngtest,14,1624625752, 0, 1, 0.00
AFLfast,pngtest,14,1624625757, 0, 1, 0.00
AFLfast,pngtest,14,1624625762, 0, 1, 0.00
AFLfast,pngtest,14,1624625767, 0, 1, 0.00
AFLfast,pngtest,14,1624625772, 0, 1, 0.00
AFLfast,pngtest,14,1624625778, 0, 1, 0.00
AFLfast,pngtest,14,1624625783, 0, 1, 0.00
AFLfast,pngtest,14,1624625788, 0, 1, 0.00
AFLfast,pngtest,14,1624625793, 0, 1, 0.00
AFLfast,pngtest,14,1624625798, 0, 1, 0.00
AFLfast,pngtest,14,1624625803, 0, 1, 0.00
AFLfast,pngtest,14,1624625808, 0, 1, 0.00
AFLfast,pngtest,14,1624625813, 0, 1, 0.00
AFLfast,pngtest,14,1624625818, 0, 1, 0.00
AFLfast,pngtest,14,1624625824, 0, 1, 0.00
AFLfast,pngtest,14,1624625829, 0, 1, 0.00
AFLfast,pngtest,14,1624625834, 0, 1, 0.00
AFLfast,pngtest,14,1624625839, 0, 1, 0.00
AFLfast,pngtest,14,1624625844, 0, 1, 0.00
AFLfast,pngtest,14,1624625849, 0, 1, 0.00
AFLfast,pngtest,14,1624625854, 0, 1, 0.00
AFLfast,pngtest,14,1624625859, 0, 1, 0.00
AFLfast,pngtest,14,1624625864, 0, 1, 0.00
AFLfast,pngtest,14,1624625870, 0, 1, 0.00
AFLfast,pngtest,14,1624625875, 0, 1, 0.00
AFLfast,pngtest,14,1624625880, 0, 1, 0.00
AFLfast,pngtest,14,1624625885, 0, 1, 0.00
AFLfast,pngtest,14,1624625890, 0, 1, 0.00
AFLfast,pngtest,14,1624625895, 0, 1, 0.00
AFLfast,pngtest,14,1624625900, 0, 1, 0.00
AFLfast,pngtest,14,1624625906, 0, 1, 0.00
AFLfast,pngtest,14,1624625911, 0, 1, 0.00
AFLfast,pngtest,14,1624625916, 0, 1, 0.00
AFLfast,pngtest,14,1624625921, 0, 1, 0.00
AFLfast,pngtest,14,1624625926, 0, 1, 0.00
AFLfast,pngtest,14,1624625932, 0, 1, 0.00
AFLfast,pngtest,14,1624625937, 0, 1, 0.00
AFLfast,pngtest,14,1624625942, 0, 1, 0.00
AFLfast,pngtest,14,1624625947, 0, 1, 0.00
AFLfast,pngtest,14,1624625952, 0, 1, 0.00
AFLfast,pngtest,14,1624625957, 0, 1, 0.00
AFLfast,pngtest,14,1624625962, 0, 1, 0.00
AFLfast,pngtest,14,1624625967, 0, 1, 0.00
AFLfast,pngtest,14,1624625973, 0, 1, 0.00
AFLfast,pngtest,14,1624625978, 0, 1, 0.00
AFLfast,pngtest,14,1624625983, 0, 1, 0.00
AFLfast,pngtest,14,1624625988, 0, 1, 0.00
AFLfast,pngtest,14,1624625993, 0, 1, 0.00
AFLfast,pngtest,14,1624625998, 0, 1, 0.00
AFLfast,pngtest,14,1624626003, 0, 1, 0.00
AFLfast,pngtest,14,1624626008, 0, 1, 0.00
AFLfast,pngtest,14,1624626013, 0, 1, 0.00
AFLfast,pngtest,14,1624626019, 0, 1, 0.00
AFLfast,pngtest,14,1624626024, 0, 1, 0.00
AFLfast,pngtest,14,1624626029, 0, 1, 0.00
AFLfast,pngtest,14,1624626034, 0, 1, 0.00
AFLfast,pngtest,14,1624626039, 0, 1, 0.00
AFLfast,pngtest,14,1624626044, 0, 1, 0.00
AFLfast,pngtest,14,1624626049, 0, 1, 0.00
AFLfast,pngtest,14,1624626054, 0, 1, 0.00
AFLfast,pngtest,14,1624626059, 0, 1, 0.00
AFLfast,pngtest,14,1624626065, 0, 1, 0.00
AFLfast,pngtest,14,1624626070, 0, 1, 0.00
AFLfast,pngtest,14,1624626075, 0, 1, 0.00
AFLfast,pngtest,14,1624626080, 0, 1, 0.00
AFLfast,pngtest,14,1624626085, 0, 1, 0.00
AFLfast,pngtest,14,1624626090, 0, 1, 0.00
AFLfast,pngtest,14,1624626095, 0, 1, 0.00
AFLfast,pngtest,14,1624626100, 0, 1, 0.00
AFLfast,pngtest,14,1624626105, 0, 1, 0.00
AFLfast,pngtest,14,1624626111, 0, 1, 0.00
AFLfast,pngtest,14,1624626116, 0, 1, 0.00
AFLfast,pngtest,14,1624626121, 0, 1, 0.00
AFLfast,pngtest,14,1624626126, 0, 1, 0.00
AFLfast,pngtest,14,1624626131, 0, 1, 0.00
AFLfast,pngtest,14,1624626136, 0, 1, 0.00
AFLfast,pngtest,14,1624626141, 0, 1, 0.00
AFLfast,pngtest,14,1624626147, 0, 1, 0.00
AFLfast,pngtest,14,1624626152, 0, 1, 0.00
AFLfast,pngtest,14,1624626157, 0, 1, 0.00
AFLfast,pngtest,14,1624626162, 0, 1, 0.00
AFLfast,pngtest,14,1624626167, 0, 1, 0.00
AFLfast,pngtest,14,1624626172, 0, 1, 0.00
AFLfast,pngtest,14,1624626177, 0, 1, 0.00
AFLfast,pngtest,14,1624626183, 0, 1, 0.00
AFLfast,pngtest,14,1624626188, 0, 1, 0.00
AFLfast,pngtest,14,1624626193, 0, 1, 0.00
AFLfast,pngtest,14,1624626198, 0, 1, 0.00
AFLfast,pngtest,14,1624626203, 0, 1, 0.00
AFLfast,pngtest,14,1624626208, 0, 1, 0.00
AFLfast,pngtest,14,1624626213, 0, 1, 0.00
AFLfast,pngtest,14,1624626219, 0, 1, 0.00
AFLfast,pngtest,14,1624626224, 0, 1, 0.00
AFLfast,pngtest,14,1624626229, 0, 1, 0.00
AFLfast,pngtest,14,1624626234, 0, 1, 0.00
AFLfast,pngtest,14,1624626239, 0, 1, 0.00
AFLfast,pngtest,14,1624626244, 0, 1, 0.00
AFLfast,pngtest,14,1624626249, 0, 1, 0.00
AFLfast,pngtest,14,1624626255, 0, 1, 0.00
AFLfast,pngtest,14,1624626260, 0, 1, 0.00
AFLfast,pngtest,14,1624626265, 0, 1, 0.00
AFLfast,pngtest,14,1624626270, 0, 1, 0.00
AFLfast,pngtest,14,1624626275, 0, 1, 0.00
AFLfast,pngtest,14,1624626280, 0, 1, 0.00
AFLfast,pngtest,14,1624626285, 0, 1, 0.00
AFLfast,pngtest,14,1624626290, 0, 1, 0.00
AFLfast,pngtest,14,1624626296, 0, 1, 0.00
AFLfast,pngtest,14,1624626301, 0, 1, 0.00
AFLfast,pngtest,14,1624626306, 0, 1, 0.00
AFLfast,pngtest,14,1624626311, 0, 1, 0.00
AFLfast,pngtest,14,1624626317, 0, 1, 0.00
AFLfast,pngtest,14,1624626322, 0, 1, 0.00
AFLfast,pngtest,14,1624626327, 0, 1, 0.00
AFLfast,pngtest,14,1624626332, 0, 1, 0.00
AFLfast,pngtest,14,1624626337, 0, 1, 0.00
AFLfast,pngtest,14,1624626343, 0, 1, 0.00
AFLfast,pngtest,14,1624626348, 0, 1, 0.00
AFLfast,pngtest,14,1624626353, 0, 1, 0.00
AFLfast,pngtest,14,1624626358, 0, 1, 0.00
AFLfast,pngtest,14,1624626363, 0, 1, 0.00
AFLfast,pngtest,14,1624626368, 0, 1, 0.00
AFLfast,pngtest,14,1624626373, 0, 1, 0.00
AFLfast,pngtest,14,1624626378, 0, 1, 0.00
AFLfast,pngtest,14,1624626384, 0, 1, 0.00
AFLfast,pngtest,14,1624626389, 0, 1, 0.00
AFLfast,pngtest,14,1624626394, 0, 1, 0.00
AFLfast,pngtest,14,1624626399, 0, 1, 0.00
AFLfast,pngtest,14,1624626404, 0, 1, 0.00
AFLfast,pngtest,14,1624626410, 0, 1, 0.00
AFLfast,pngtest,14,1624626415, 0, 1, 0.00
AFLfast,pngtest,14,1624626420, 0, 1, 0.00
AFLfast,pngtest,14,1624626425, 0, 1, 0.00
AFLfast,pngtest,14,1624626430, 0, 1, 0.00
AFLfast,pngtest,14,1624626435, 0, 1, 0.00
AFLfast,pngtest,14,1624626440, 0, 1, 0.00
AFLfast,pngtest,14,1624626445, 0, 1, 0.00
AFLfast,pngtest,14,1624626450, 0, 1, 0.00
AFLfast,pngtest,14,1624626455, 0, 1, 0.00
AFLfast,pngtest,14,1624626461, 0, 1, 0.00
AFLfast,pngtest,14,1624626466, 0, 1, 0.00
AFLfast,pngtest,14,1624626471, 0, 1, 0.00
AFLfast,pngtest,14,1624626476, 0, 1, 0.00
AFLfast,pngtest,14,1624626481, 0, 1, 0.00
AFLfast,pngtest,14,1624626486, 0, 1, 0.00
AFLfast,pngtest,14,1624626491, 0, 1, 0.00
AFLfast,pngtest,14,1624626496, 0, 1, 0.00
AFLfast,pngtest,14,1624626501, 0, 1, 0.00
AFLfast,pngtest,14,1624626506, 0, 1, 0.00
AFLfast,pngtest,14,1624626511, 0, 1, 0.00
AFLfast,pngtest,14,1624626517, 0, 1, 0.00
AFLfast,pngtest,14,1624626522, 0, 1, 0.00
AFLfast,pngtest,14,1624626527, 0, 1, 0.00
AFLfast,pngtest,14,1624626532, 0, 1, 0.00
AFLfast,pngtest,14,1624626537, 0, 1, 0.00
AFLfast,pngtest,14,1624626542, 0, 1, 0.00
AFLfast,pngtest,14,1624626547, 0, 1, 0.00
AFLfast,pngtest,14,1624626552, 0, 1, 0.00
AFLfast,pngtest,14,1624626557, 0, 1, 0.00
AFLfast,pngtest,14,1624626562, 0, 1, 0.00
AFLfast,pngtest,14,1624626568, 0, 1, 0.00
AFLfast,pngtest,14,1624626573, 0, 1, 0.00
AFLfast,pngtest,14,1624626578, 0, 1, 0.00
AFLfast,pngtest,14,1624626583, 0, 1, 0.00
AFLfast,pngtest,14,1624626588, 0, 1, 0.00
AFLfast,pngtest,14,1624626593, 0, 1, 0.00
AFLfast,pngtest,14,1624626598, 0, 1, 0.00
AFLfast,pngtest,14,1624626603, 0, 1, 0.00
AFLfast,pngtest,14,1624626608, 0, 1, 0.00
AFLfast,pngtest,14,1624626614, 0, 1, 0.00
AFLfast,pngtest,14,1624626619, 0, 1, 0.00
AFLfast,pngtest,14,1624626624, 0, 1, 0.00
AFLfast,pngtest,14,1624626629, 0, 1, 0.00
AFLfast,pngtest,14,1624626634, 0, 1, 0.00
AFLfast,pngtest,14,1624626639, 0, 1, 0.00
AFLfast,pngtest,14,1624626644, 0, 1, 0.00
AFLfast,pngtest,14,1624626650, 0, 1, 0.00
AFLfast,pngtest,14,1624626655, 0, 1, 0.00
AFLfast,pngtest,14,1624626660, 0, 1, 0.00
AFLfast,pngtest,14,1624626665, 0, 1, 0.00
AFLfast,pngtest,14,1624626670, 0, 1, 0.00
AFLfast,pngtest,14,1624626675, 0, 1, 0.00
AFLfast,pngtest,14,1624626680, 0, 1, 0.00
AFLfast,pngtest,14,1624626686, 0, 1, 0.00
AFLfast,pngtest,14,1624626691, 0, 1, 0.00
AFLfast,pngtest,14,1624626696, 0, 1, 0.00
AFLfast,pngtest,14,1624626701, 0, 1, 0.00
AFLfast,pngtest,14,1624626706, 0, 1, 0.00
AFLfast,pngtest,14,1624626711, 0, 1, 0.00
AFLfast,pngtest,14,1624626716, 0, 1, 0.00
AFLfast,pngtest,14,1624626721, 0, 1, 0.00
AFLfast,pngtest,14,1624626727, 0, 1, 0.00
AFLfast,pngtest,14,1624626732, 0, 1, 0.00
AFLfast,pngtest,14,1624626737, 0, 1, 0.00
AFLfast,pngtest,14,1624626742, 0, 1, 0.00
AFLfast,pngtest,14,1624626747, 0, 1, 0.00
AFLfast,pngtest,14,1624626752, 0, 1, 0.00
AFLfast,pngtest,14,1624626757, 0, 1, 0.00
AFLfast,pngtest,14,1624626762, 0, 1, 0.00
AFLfast,pngtest,14,1624626767, 0, 1, 0.00
AFLfast,pngtest,14,1624626773, 0, 1, 0.00
AFLfast,pngtest,14,1624626778, 0, 1, 0.00
AFLfast,pngtest,14,1624626783, 0, 1, 0.00
AFLfast,pngtest,14,1624626788, 0, 1, 0.00
AFLfast,pngtest,14,1624626793, 0, 1, 0.00
AFLfast,pngtest,14,1624626798, 0, 1, 0.00
AFLfast,pngtest,14,1624626803, 0, 1, 0.00
AFLfast,pngtest,14,1624626809, 0, 1, 0.00
AFLfast,pngtest,14,1624626814, 0, 1, 0.00
AFLfast,pngtest,14,1624626819, 0, 1, 0.00
AFLfast,pngtest,14,1624626824, 0, 1, 0.00
AFLfast,pngtest,14,1624626829, 0, 1, 0.00
AFLfast,pngtest,14,1624626834, 0, 1, 0.00
AFLfast,pngtest,14,1624626839, 0, 1, 0.00
AFLfast,pngtest,14,1624626844, 0, 1, 0.00
AFLfast,pngtest,14,1624626849, 0, 1, 0.00
AFLfast,pngtest,14,1624626854, 0, 1, 0.00
AFLfast,pngtest,14,1624626860, 0, 1, 0.00
AFLfast,pngtest,14,1624626865, 0, 1, 0.00
AFLfast,pngtest,14,1624626870, 0, 1, 0.00
AFLfast,pngtest,14,1624626875, 0, 1, 0.00
AFLfast,pngtest,14,1624626880, 0, 1, 0.00
AFLfast,pngtest,14,1624626885, 0, 1, 0.00
AFLfast,pngtest,14,1624626890, 0, 1, 0.00
AFLfast,pngtest,14,1624626896, 0, 1, 0.00
AFLfast,pngtest,14,1624626901, 0, 1, 0.00
AFLfast,pngtest,14,1624626906, 0, 1, 0.00
AFLfast,pngtest,14,1624626911, 0, 1, 0.00
AFLfast,pngtest,14,1624626916, 0, 1, 0.00
AFLfast,pngtest,14,1624626921, 0, 1, 0.00
AFLfast,pngtest,14,1624626926, 0, 1, 0.00
AFLfast,pngtest,14,1624626931, 0, 1, 0.00
AFLfast,pngtest,14,1624626936, 0, 1, 0.00
AFLfast,pngtest,14,1624626941, 0, 1, 0.00
AFLfast,pngtest,14,1624626947, 0, 1, 0.00
AFLfast,pngtest,14,1624626952, 0, 1, 0.00
AFLfast,pngtest,14,1624626957, 0, 1, 0.00
AFLfast,pngtest,14,1624626962, 0, 1, 0.00
AFLfast,pngtest,14,1624626967, 0, 1, 0.00
AFLfast,pngtest,14,1624626972, 0, 1, 0.00
AFLfast,pngtest,14,1624626977, 0, 1, 0.00
AFLfast,pngtest,14,1624626982, 0, 1, 0.00
AFLfast,pngtest,14,1624626987, 0, 1, 0.00
AFLfast,pngtest,14,1624626993, 0, 1, 0.00
AFLfast,pngtest,14,1624626998, 0, 1, 0.00
AFLfast,pngtest,14,1624627003, 0, 1, 0.00
AFLfast,pngtest,14,1624627008, 0, 1, 0.00
AFLfast,pngtest,14,1624627013, 0, 1, 0.00
AFLfast,pngtest,14,1624627018, 0, 1, 0.00
AFLfast,pngtest,14,1624627023, 0, 1, 0.00
AFLfast,pngtest,14,1624627028, 0, 1, 0.00
AFLfast,pngtest,14,1624627034, 0, 1, 0.00
AFLfast,pngtest,14,1624627039, 0, 1, 0.00
AFLfast,pngtest,14,1624627044, 0, 1, 0.00
AFLfast,pngtest,14,1624627049, 0, 1, 0.00
AFLfast,pngtest,14,1624627054, 0, 1, 0.00
AFLfast,pngtest,14,1624627059, 0, 1, 0.00
AFLfast,pngtest,14,1624627065, 0, 1, 0.00
AFLfast,pngtest,14,1624627070, 0, 1, 0.00
AFLfast,pngtest,14,1624627075, 0, 1, 0.00
AFLfast,pngtest,14,1624627080, 0, 1, 0.00
AFLfast,pngtest,14,1624627085, 0, 1, 0.00
AFLfast,pngtest,14,1624627090, 0, 1, 0.00
AFLfast,pngtest,14,1624627096, 0, 1, 0.00
AFLfast,pngtest,14,1624627101, 0, 1, 0.00
AFLfast,pngtest,14,1624627106, 0, 1, 0.00
AFLfast,pngtest,14,1624627111, 0, 1, 0.00
AFLfast,pngtest,14,1624627116, 0, 1, 0.00
AFLfast,pngtest,14,1624627121, 0, 1, 0.00
AFLfast,pngtest,14,1624627126, 0, 1, 0.00
AFLfast,pngtest,14,1624627131, 0, 1, 0.00
AFLfast,pngtest,14,1624627136, 0, 1, 0.00
AFLfast,pngtest,14,1624627142, 0, 1, 0.00
AFLfast,pngtest,14,1624627147, 0, 1, 0.00
AFLfast,pngtest,14,1624627152, 0, 1, 0.00
AFLfast,pngtest,14,1624627157, 0, 1, 0.00
AFLfast,pngtest,14,1624627163, 0, 1, 0.00
AFLfast,pngtest,14,1624627168, 0, 1, 0.00
AFLfast,pngtest,14,1624627173, 0, 1, 0.00
AFLfast,pngtest,14,1624627178, 0, 1, 0.00
AFLfast,pngtest,14,1624627183, 0, 1, 0.00
AFLfast,pngtest,14,1624627188, 0, 1, 0.00
AFLfast,pngtest,14,1624627193, 0, 1, 0.00
AFLfast,pngtest,14,1624627198, 0, 1, 0.00
AFLfast,pngtest,14,1624627204, 0, 1, 0.00
AFLfast,pngtest,14,1624627209, 0, 1, 0.00
AFLfast,pngtest,14,1624627214, 0, 1, 0.00
AFLfast,pngtest,14,1624627219, 0, 1, 0.00
AFLfast,pngtest,14,1624627224, 0, 1, 0.00
AFLfast,pngtest,14,1624627229, 0, 1, 0.00
AFLfast,pngtest,14,1624627234, 0, 1, 0.00
AFLfast,pngtest,14,1624627239, 0, 1, 0.00
AFLfast,pngtest,14,1624627244, 0, 1, 0.00
AFLfast,pngtest,14,1624627250, 0, 1, 0.00
AFLfast,pngtest,14,1624627255, 0, 1, 0.00
AFLfast,pngtest,14,1624627260, 0, 1, 0.00
AFLfast,pngtest,14,1624627265, 0, 1, 0.00
AFLfast,pngtest,14,1624627270, 0, 1, 0.00
AFLfast,pngtest,14,1624627275, 0, 1, 0.00
AFLfast,pngtest,14,1624627280, 0, 1, 0.00
AFLfast,pngtest,14,1624627286, 0, 1, 0.00
AFLfast,pngtest,14,1624627291, 0, 1, 0.00
AFLfast,pngtest,14,1624627296, 0, 1, 0.00
AFLfast,pngtest,14,1624627301, 0, 1, 0.00
AFLfast,pngtest,14,1624627306, 0, 1, 0.00
AFLfast,pngtest,14,1624627311, 0, 1, 0.00
AFLfast,pngtest,14,1624627316, 0, 1, 0.00
AFLfast,pngtest,14,1624627321, 0, 1, 0.00
AFLfast,pngtest,14,1624627327, 0, 1, 0.00
AFLfast,pngtest,14,1624627332, 0, 1, 0.00
AFLfast,pngtest,14,1624627337, 0, 1, 0.00
AFLfast,pngtest,14,1624627342, 0, 1, 0.00
AFLfast,pngtest,14,1624627347, 0, 1, 0.00
AFLfast,pngtest,14,1624627352, 0, 1, 0.00
AFLfast,pngtest,14,1624627357, 0, 1, 0.00
AFLfast,pngtest,14,1624627362, 0, 1, 0.00
AFLfast,pngtest,14,1624627367, 0, 1, 0.00
AFLfast,pngtest,14,1624627373, 0, 1, 0.00
AFLfast,pngtest,14,1624627378, 0, 1, 0.00
AFLfast,pngtest,14,1624627383, 0, 1, 0.00
AFLfast,pngtest,14,1624627388, 0, 1, 0.00
AFLfast,pngtest,14,1624627393, 0, 1, 0.00
AFLfast,pngtest,14,1624627398, 0, 1, 0.00
AFLfast,pngtest,14,1624627403, 0, 1, 0.00
AFLfast,pngtest,14,1624627408, 0, 1, 0.00
AFLfast,pngtest,14,1624627413, 0, 1, 0.00
AFLfast,pngtest,14,1624627418, 0, 1, 0.00
AFLfast,pngtest,14,1624627424, 0, 1, 0.00
AFLfast,pngtest,14,1624627429, 0, 1, 0.00
AFLfast,pngtest,14,1624627434, 0, 1, 0.00
AFLfast,pngtest,14,1624627439, 0, 1, 0.00
AFLfast,pngtest,14,1624627444, 0, 1, 0.00
AFLfast,pngtest,14,1624627449, 0, 1, 0.00
AFLfast,pngtest,14,1624627454, 0, 1, 0.00
AFLfast,pngtest,14,1624627460, 0, 1, 0.00
AFLfast,pngtest,14,1624627465, 0, 1, 0.00
AFLfast,pngtest,14,1624627470, 0, 1, 0.00
AFLfast,pngtest,14,1624627475, 0, 1, 0.00
AFLfast,pngtest,14,1624627480, 0, 1, 0.00
AFLfast,pngtest,14,1624627485, 0, 1, 0.00
AFLfast,pngtest,14,1624627490, 0, 1, 0.00
AFLfast,pngtest,14,1624627496, 0, 1, 0.00
AFLfast,pngtest,14,1624627501, 0, 1, 0.00
AFLfast,pngtest,14,1624627506, 0, 1, 0.00
AFLfast,pngtest,14,1624627511, 0, 1, 0.00
AFLfast,pngtest,14,1624627516, 0, 1, 0.00
AFLfast,pngtest,14,1624627521, 0, 1, 0.00
AFLfast,pngtest,14,1624627527, 0, 1, 0.00
AFLfast,pngtest,14,1624627532, 0, 1, 0.00
AFLfast,pngtest,14,1624627537, 0, 1, 0.00
AFLfast,pngtest,14,1624627542, 0, 1, 0.00
AFLfast,pngtest,14,1624627547, 0, 1, 0.00
AFLfast,pngtest,14,1624627552, 0, 1, 0.00
AFLfast,pngtest,14,1624627557, 0, 1, 0.00
AFLfast,pngtest,14,1624627562, 0, 1, 0.00
AFLfast,pngtest,14,1624627567, 0, 1, 0.00
AFLfast,pngtest,14,1624627573, 0, 1, 0.00
AFLfast,pngtest,14,1624627578, 0, 1, 0.00
AFLfast,pngtest,14,1624627583, 0, 1, 0.00
AFLfast,pngtest,14,1624627588, 0, 1, 0.00
AFLfast,pngtest,14,1624627593, 0, 1, 0.00
AFLfast,pngtest,14,1624627598, 0, 1, 0.00
AFLfast,pngtest,14,1624627603, 0, 1, 0.00
AFLfast,pngtest,14,1624627608, 0, 1, 0.00
AFLfast,pngtest,14,1624627614, 0, 1, 0.00
AFLfast,pngtest,14,1624627619, 0, 1, 0.00
AFLfast,pngtest,14,1624627624, 0, 1, 0.00
AFLfast,pngtest,14,1624627629, 0, 1, 0.00
AFLfast,pngtest,14,1624627634, 0, 1, 0.00
AFLfast,pngtest,14,1624627639, 0, 1, 0.00
AFLfast,pngtest,14,1624627645, 0, 1, 0.00
AFLfast,pngtest,14,1624627650, 0, 1, 0.00
AFLfast,pngtest,14,1624627655, 0, 1, 0.00
AFLfast,pngtest,14,1624627660, 0, 1, 0.00
AFLfast,pngtest,14,1624627665, 0, 1, 0.00
AFLfast,pngtest,14,1624627670, 0, 1, 0.00
AFLfast,pngtest,14,1624627675, 0, 1, 0.00
AFLfast,pngtest,14,1624627681, 0, 1, 0.00
AFLfast,pngtest,14,1624627686, 0, 1, 0.00
AFLfast,pngtest,14,1624627691, 0, 1, 0.00
AFLfast,pngtest,14,1624627696, 0, 1, 0.00
AFLfast,pngtest,14,1624627701, 0, 1, 0.00
AFLfast,pngtest,14,1624627706, 0, 1, 0.00
AFLfast,pngtest,14,1624627711, 0, 1, 0.00
AFLfast,pngtest,14,1624627717, 0, 1, 0.00
AFLfast,pngtest,14,1624627722, 0, 1, 0.00
AFLfast,pngtest,14,1624627727, 0, 1, 0.00
AFLfast,pngtest,14,1624627732, 0, 1, 0.00
AFLfast,pngtest,14,1624627737, 0, 1, 0.00
AFLfast,pngtest,14,1624627742, 0, 1, 0.00
AFLfast,pngtest,14,1624627747, 0, 1, 0.00
AFLfast,pngtest,14,1624627752, 0, 1, 0.00
AFLfast,pngtest,14,1624627757, 0, 1, 0.00
AFLfast,pngtest,14,1624627763, 0, 1, 0.00
AFLfast,pngtest,14,1624627768, 0, 1, 0.00
AFLfast,pngtest,14,1624627773, 0, 1, 0.00
AFLfast,pngtest,14,1624627778, 0, 1, 0.00
AFLfast,pngtest,14,1624627783, 0, 1, 0.00
AFLfast,pngtest,14,1624627788, 0, 1, 0.00
AFLfast,pngtest,14,1624627794, 0, 1, 0.00
AFLfast,pngtest,14,1624627799, 0, 1, 0.00
AFLfast,pngtest,14,1624627804, 0, 1, 0.00
AFLfast,pngtest,14,1624627809, 0, 1, 0.00
AFLfast,pngtest,14,1624627814, 0, 1, 0.00
AFLfast,pngtest,14,1624627819, 0, 1, 0.00
AFLfast,pngtest,14,1624627824, 0, 1, 0.00
AFLfast,pngtest,14,1624627829, 0, 1, 0.00
AFLfast,pngtest,14,1624627834, 0, 1, 0.00
AFLfast,pngtest,14,1624627839, 0, 1, 0.00
AFLfast,pngtest,14,1624627845, 0, 1, 0.00
AFLfast,pngtest,14,1624627850, 0, 1, 0.00
AFLfast,pngtest,14,1624627855, 0, 1, 0.00
AFLfast,pngtest,14,1624627860, 0, 1, 0.00
AFLfast,pngtest,14,1624627865, 0, 1, 0.00
AFLfast,pngtest,14,1624627870, 0, 1, 0.00
AFLfast,pngtest,14,1624627875, 0, 1, 0.00
AFLfast,pngtest,14,1624627881, 0, 1, 0.00
AFLfast,pngtest,14,1624627886, 0, 1, 0.00
AFLfast,pngtest,14,1624627891, 0, 1, 0.00
AFLfast,pngtest,14,1624627896, 0, 1, 0.00
AFLfast,pngtest,14,1624627901, 0, 1, 0.00
AFLfast,pngtest,14,1624627906, 0, 1, 0.00
AFLfast,pngtest,14,1624627911, 0, 1, 0.00
AFLfast,pngtest,14,1624627916, 0, 1, 0.00
AFLfast,pngtest,14,1624627921, 0, 1, 0.00
AFLfast,pngtest,14,1624627927, 0, 1, 0.00
AFLfast,pngtest,14,1624627932, 0, 1, 0.00
AFLfast,pngtest,14,1624627937, 0, 1, 0.00
AFLfast,pngtest,14,1624627942, 0, 1, 0.00
AFLfast,pngtest,14,1624627947, 0, 1, 0.00
AFLfast,pngtest,14,1624627952, 0, 1, 0.00
AFLfast,pngtest,14,1624627957, 0, 1, 0.00
AFLfast,pngtest,14,1624627962, 0, 1, 0.00
AFLfast,pngtest,14,1624627967, 0, 1, 0.00
AFLfast,pngtest,14,1624627973, 0, 1, 0.00
AFLfast,pngtest,14,1624627978, 0, 1, 0.00
AFLfast,pngtest,14,1624627983, 0, 1, 0.00
AFLfast,pngtest,14,1624627988, 0, 1, 0.00
AFLfast,pngtest,14,1624627993, 0, 1, 0.00
AFLfast,pngtest,14,1624627998, 0, 1, 0.00
AFLfast,pngtest,14,1624628003, 0, 1, 0.00
AFLfast,pngtest,14,1624628008, 0, 1, 0.00
AFLfast,pngtest,14,1624628013, 0, 1, 0.00
AFLfast,pngtest,14,1624628018, 0, 1, 0.00
AFLfast,pngtest,14,1624628024, 0, 1, 0.00
AFLfast,pngtest,14,1624628029, 0, 1, 0.00
AFLfast,pngtest,14,1624628034, 0, 1, 0.00
AFLfast,pngtest,14,1624628039, 0, 1, 0.00
AFLfast,pngtest,14,1624628044, 0, 1, 0.00
AFLfast,pngtest,14,1624628049, 0, 1, 0.00
AFLfast,pngtest,14,1624628055, 0, 1, 0.00
AFLfast,pngtest,14,1624628060, 0, 1, 0.00
AFLfast,pngtest,14,1624628065, 0, 1, 0.00
AFLfast,pngtest,14,1624628070, 0, 1, 0.00
AFLfast,pngtest,14,1624628075, 0, 1, 0.00
AFLfast,pngtest,14,1624628080, 0, 1, 0.00
AFLfast,pngtest,14,1624628085, 0, 1, 0.00
AFLfast,pngtest,14,1624628090, 0, 1, 0.00
AFLfast,pngtest,14,1624628096, 0, 1, 0.00
AFLfast,pngtest,14,1624628101, 0, 1, 0.00
AFLfast,pngtest,14,1624628106, 0, 1, 0.00
AFLfast,pngtest,14,1624628111, 0, 1, 0.00
AFLfast,pngtest,14,1624628116, 0, 1, 0.00
AFLfast,pngtest,14,1624628121, 0, 1, 0.00
AFLfast,pngtest,14,1624628126, 0, 1, 0.00
AFLfast,pngtest,14,1624628131, 0, 1, 0.00
AFLfast,pngtest,14,1624628136, 0, 1, 0.00
AFLfast,pngtest,14,1624628142, 0, 1, 0.00
AFLfast,pngtest,14,1624628147, 0, 1, 0.00
AFLfast,pngtest,14,1624628152, 0, 1, 0.00
AFLfast,pngtest,14,1624628157, 0, 1, 0.00
AFLfast,pngtest,14,1624628162, 0, 1, 0.00
AFLfast,pngtest,14,1624628167, 0, 1, 0.00
AFLfast,pngtest,14,1624628172, 0, 1, 0.00
AFLfast,pngtest,14,1624628177, 0, 1, 0.00
AFLfast,pngtest,14,1624628182, 0, 1, 0.00
AFLfast,pngtest,14,1624628187, 0, 1, 0.00
AFLfast,pngtest,14,1624628192, 0, 1, 0.00
AFLfast,pngtest,14,1624628198, 0, 1, 0.00
AFLfast,pngtest,14,1624628203, 0, 1, 0.00
AFLfast,pngtest,14,1624628208, 0, 1, 0.00
AFLfast,pngtest,14,1624628213, 0, 1, 0.00
AFLfast,pngtest,14,1624628218, 0, 1, 0.00
AFLfast,pngtest,14,1624628223, 0, 1, 0.00
AFLfast,pngtest,14,1624628229, 0, 1, 0.00
AFLfast,pngtest,14,1624628234, 0, 1, 0.00
AFLfast,pngtest,14,1624628239, 0, 1, 0.00
AFLfast,pngtest,14,1624628244, 0, 1, 0.00
AFLfast,pngtest,14,1624628249, 0, 1, 0.00
AFLfast,pngtest,14,1624628254, 0, 1, 0.00
AFLfast,pngtest,14,1624628259, 0, 1, 0.00
AFLfast,pngtest,14,1624628264, 0, 1, 0.00
AFLfast,pngtest,14,1624628269, 0, 1, 0.00
AFLfast,pngtest,14,1624628275, 0, 1, 0.00
AFLfast,pngtest,14,1624628280, 0, 1, 0.00
AFLfast,pngtest,14,1624628285, 0, 1, 0.00
AFLfast,pngtest,14,1624628290, 0, 1, 0.00
AFLfast,pngtest,14,1624628295, 0, 1, 0.00
AFLfast,pngtest,14,1624628300, 0, 1, 0.00
AFLfast,pngtest,14,1624628306, 0, 1, 0.00
AFLfast,pngtest,14,1624628311, 0, 1, 0.00
AFLfast,pngtest,14,1624628316, 0, 1, 0.00
AFLfast,pngtest,14,1624628321, 0, 1, 0.00
AFLfast,pngtest,14,1624628326, 0, 1, 0.00
AFLfast,pngtest,14,1624628331, 0, 1, 0.00
AFLfast,pngtest,14,1624628336, 0, 1, 0.00
AFLfast,pngtest,14,1624628342, 0, 1, 0.00
AFLfast,pngtest,14,1624628347, 0, 1, 0.00
AFLfast,pngtest,14,1624628352, 0, 1, 0.00
AFLfast,pngtest,14,1624628357, 0, 1, 0.00
AFLfast,pngtest,14,1624628362, 0, 1, 0.00
AFLfast,pngtest,14,1624628367, 0, 1, 0.00
AFLfast,pngtest,14,1624628372, 0, 1, 0.00
AFLfast,pngtest,14,1624628378, 0, 1, 0.00
AFLfast,pngtest,14,1624628383, 0, 1, 0.00
AFLfast,pngtest,14,1624628388, 0, 1, 0.00
AFLfast,pngtest,14,1624628393, 0, 1, 0.00
AFLfast,pngtest,14,1624628399, 0, 1, 0.00
AFLfast,pngtest,14,1624628404, 0, 1, 0.00
AFLfast,pngtest,14,1624628409, 0, 1, 0.00
AFLfast,pngtest,14,1624628414, 0, 1, 0.00
AFLfast,pngtest,14,1624628419, 0, 1, 0.00
AFLfast,pngtest,14,1624628424, 0, 1, 0.00
AFLfast,pngtest,14,1624628429, 0, 1, 0.00
AFLfast,pngtest,14,1624628435, 0, 1, 0.00
AFLfast,pngtest,14,1624628440, 0, 1, 0.00
AFLfast,pngtest,14,1624628445, 0, 1, 0.00
AFLfast,pngtest,14,1624628450, 0, 1, 0.00
AFLfast,pngtest,14,1624628455, 0, 1, 0.00
AFLfast,pngtest,14,1624628460, 0, 1, 0.00
AFLfast,pngtest,14,1624628465, 0, 1, 0.00
AFLfast,pngtest,14,1624628470, 0, 1, 0.00
AFLfast,pngtest,14,1624628475, 0, 1, 0.00
AFLfast,pngtest,14,1624628480, 0, 1, 0.00
AFLfast,pngtest,14,1624628485, 0, 1, 0.00
AFLfast,pngtest,14,1624628490, 0, 1, 0.00
AFLfast,pngtest,14,1624628496, 0, 1, 0.00
AFLfast,pngtest,14,1624628501, 0, 1, 0.00
AFLfast,pngtest,14,1624628506, 0, 1, 0.00
AFLfast,pngtest,14,1624628511, 0, 1, 0.00
AFLfast,pngtest,14,1624628516, 0, 1, 0.00
AFLfast,pngtest,14,1624628521, 0, 1, 0.00
AFLfast,pngtest,14,1624628527, 0, 1, 0.00
AFLfast,pngtest,14,1624628532, 0, 1, 0.00
AFLfast,pngtest,14,1624628537, 0, 1, 0.00
AFLfast,pngtest,14,1624628542, 0, 1, 0.00
AFLfast,pngtest,14,1624628547, 0, 1, 0.00
AFLfast,pngtest,14,1624628552, 0, 1, 0.00
AFLfast,pngtest,14,1624628557, 0, 1, 0.00
AFLfast,pngtest,14,1624628562, 0, 1, 0.00
AFLfast,pngtest,14,1624628567, 0, 1, 0.00
AFLfast,pngtest,14,1624628573, 0, 1, 0.00
AFLfast,pngtest,14,1624628578, 0, 1, 0.00
AFLfast,pngtest,14,1624628583, 0, 1, 0.00
AFLfast,pngtest,14,1624628588, 0, 1, 0.00
AFLfast,pngtest,14,1624628593, 0, 1, 0.00
AFLfast,pngtest,14,1624628598, 0, 1, 0.00
AFLfast,pngtest,14,1624628603, 0, 1, 0.00
AFLfast,pngtest,14,1624628609, 0, 1, 0.00
AFLfast,pngtest,14,1624628614, 0, 1, 0.00
AFLfast,pngtest,14,1624628619, 0, 1, 0.00
AFLfast,pngtest,14,1624628624, 0, 1, 0.00
AFLfast,pngtest,14,1624628629, 0, 1, 0.00
AFLfast,pngtest,14,1624628634, 0, 1, 0.00
AFLfast,pngtest,14,1624628639, 0, 1, 0.00
AFLfast,pngtest,14,1624628644, 0, 1, 0.00
AFLfast,pngtest,14,1624628649, 0, 1, 0.00
AFLfast,pngtest,14,1624628655, 0, 1, 0.00
AFLfast,pngtest,14,1624628660, 0, 1, 0.00
AFLfast,pngtest,14,1624628665, 0, 1, 0.00
AFLfast,pngtest,14,1624628670, 0, 1, 0.00
AFLfast,pngtest,14,1624628675, 0, 1, 0.00
AFLfast,pngtest,14,1624628680, 0, 1, 0.00
AFLfast,pngtest,14,1624628685, 0, 1, 0.00
AFLfast,pngtest,14,1624628690, 0, 1, 0.00
AFLfast,pngtest,14,1624628695, 0, 1, 0.00
AFLfast,pngtest,14,1624628700, 0, 1, 0.00
AFLfast,pngtest,14,1624628705, 0, 1, 0.00
AFLfast,pngtest,14,1624628711, 0, 1, 0.00
AFLfast,pngtest,14,1624628716, 0, 1, 0.00
AFLfast,pngtest,14,1624628721, 0, 1, 0.00
AFLfast,pngtest,14,1624628726, 0, 1, 0.00
AFLfast,pngtest,14,1624628731, 0, 1, 0.00
AFLfast,pngtest,14,1624628736, 0, 1, 0.00
AFLfast,pngtest,14,1624628741, 0, 1, 0.00
AFLfast,pngtest,14,1624628747, 0, 1, 0.00
AFLfast,pngtest,14,1624628752, 0, 1, 0.00
AFLfast,pngtest,14,1624628757, 0, 1, 0.00
AFLfast,pngtest,14,1624628762, 0, 1, 0.00
AFLfast,pngtest,14,1624628767, 0, 1, 0.00
AFLfast,pngtest,14,1624628772, 0, 1, 0.00
AFLfast,pngtest,14,1624628777, 0, 1, 0.00
AFLfast,pngtest,14,1624628783, 0, 1, 0.00
AFLfast,pngtest,14,1624628788, 0, 1, 0.00
AFLfast,pngtest,14,1624628793, 0, 1, 0.00
AFLfast,pngtest,14,1624628798, 0, 1, 0.00
AFLfast,pngtest,14,1624628803, 0, 1, 0.00
AFLfast,pngtest,14,1624628808, 0, 1, 0.00
AFLfast,pngtest,14,1624628813, 0, 1, 0.00
AFLfast,pngtest,14,1624628818, 0, 1, 0.00
AFLfast,pngtest,14,1624628824, 0, 1, 0.00
AFLfast,pngtest,14,1624628829, 0, 1, 0.00
AFLfast,pngtest,14,1624628834, 0, 1, 0.00
AFLfast,pngtest,14,1624628839, 0, 1, 0.00
AFLfast,pngtest,14,1624628844, 0, 1, 0.00
AFLfast,pngtest,14,1624628849, 0, 1, 0.00
AFLfast,pngtest,14,1624628854, 0, 1, 0.00
AFLfast,pngtest,14,1624628859, 0, 1, 0.00
AFLfast,pngtest,14,1624628865, 0, 1, 0.00
AFLfast,pngtest,14,1624628870, 0, 1, 0.00
AFLfast,pngtest,14,1624628875, 0, 1, 0.00
AFLfast,pngtest,14,1624628880, 0, 1, 0.00
AFLfast,pngtest,14,1624628885, 0, 1, 0.00
AFLfast,pngtest,14,1624628890, 0, 1, 0.00
AFLfast,pngtest,14,1624628895, 0, 1, 0.00
AFLfast,pngtest,14,1624628900, 0, 1, 0.00
AFLfast,pngtest,14,1624628905, 0, 1, 0.00
AFLfast,pngtest,14,1624628910, 0, 1, 0.00
AFLfast,pngtest,14,1624628915, 0, 1, 0.00
AFLfast,pngtest,14,1624628921, 0, 1, 0.00
AFLfast,pngtest,14,1624628926, 0, 1, 0.00
AFLfast,pngtest,14,1624628931, 0, 1, 0.00
AFLfast,pngtest,14,1624628936, 0, 1, 0.00
AFLfast,pngtest,14,1624628941, 0, 1, 0.00
AFLfast,pngtest,14,1624628946, 0, 1, 0.00
AFLfast,pngtest,14,1624628952, 0, 1, 0.00
AFLfast,pngtest,14,1624628957, 0, 1, 0.00
AFLfast,pngtest,14,1624628962, 0, 1, 0.00
AFLfast,pngtest,14,1624628967, 0, 1, 0.00
AFLfast,pngtest,14,1624628972, 0, 1, 0.00
AFLfast,pngtest,14,1624628977, 0, 1, 0.00
AFLfast,pngtest,14,1624628983, 0, 1, 0.00
AFLfast,pngtest,14,1624628988, 0, 1, 0.00
AFLfast,pngtest,14,1624628993, 0, 1, 0.00
AFLfast,pngtest,14,1624628998, 0, 1, 0.00
AFLfast,pngtest,14,1624629003, 0, 1, 0.00
AFLfast,pngtest,14,1624629008, 0, 1, 0.00
AFLfast,pngtest,14,1624629013, 0, 1, 0.00
AFLfast,pngtest,14,1624629019, 0, 1, 0.00
AFLfast,pngtest,14,1624629024, 0, 1, 0.00
AFLfast,pngtest,14,1624629029, 0, 1, 0.00
AFLfast,pngtest,14,1624629034, 0, 1, 0.00
AFLfast,pngtest,14,1624629039, 0, 1, 0.00
AFLfast,pngtest,14,1624629044, 0, 1, 0.00
AFLfast,pngtest,14,1624629049, 0, 1, 0.00
AFLfast,pngtest,14,1624629054, 0, 1, 0.00
AFLfast,pngtest,14,1624629059, 0, 1, 0.00
AFLfast,pngtest,14,1624629065, 0, 1, 0.00
AFLfast,pngtest,14,1624629070, 0, 1, 0.00
AFLfast,pngtest,14,1624629075, 0, 1, 0.00
AFLfast,pngtest,14,1624629080, 0, 1, 0.00
AFLfast,pngtest,14,1624629085, 0, 1, 0.00
AFLfast,pngtest,14,1624629090, 0, 1, 0.00
AFLfast,pngtest,14,1624629095, 0, 1, 0.00
AFLfast,pngtest,14,1624629100, 0, 1, 0.00
AFLfast,pngtest,14,1624629106, 0, 1, 0.00
AFLfast,pngtest,14,1624629111, 0, 1, 0.00
AFLfast,pngtest,14,1624629116, 0, 1, 0.00
AFLfast,pngtest,14,1624629121, 0, 1, 0.00
AFLfast,pngtest,14,1624629126, 0, 1, 0.00
AFLfast,pngtest,14,1624629131, 0, 1, 0.00
AFLfast,pngtest,14,1624629136, 0, 1, 0.00
AFLfast,pngtest,14,1624629141, 0, 1, 0.00
AFLfast,pngtest,14,1624629146, 0, 1, 0.00
AFLfast,pngtest,14,1624629152, 0, 1, 0.00
AFLfast,pngtest,14,1624629157, 0, 1, 0.00
AFLfast,pngtest,14,1624629162, 0, 1, 0.00
AFLfast,pngtest,14,1624629167, 0, 1, 0.00
AFLfast,pngtest,14,1624629172, 0, 1, 0.00
AFLfast,pngtest,14,1624629178, 0, 1, 0.00
AFLfast,pngtest,14,1624629183, 0, 1, 0.00
AFLfast,pngtest,14,1624629188, 0, 1, 0.00
AFLfast,pngtest,14,1624629193, 0, 1, 0.00
AFLfast,pngtest,14,1624629198, 0, 1, 0.00
AFLfast,pngtest,14,1624629203, 0, 1, 0.00
AFLfast,pngtest,14,1624629208, 0, 1, 0.00
AFLfast,pngtest,14,1624629213, 0, 1, 0.00
AFLfast,pngtest,14,1624629218, 0, 1, 0.00
AFLfast,pngtest,14,1624629224, 0, 1, 0.00
AFLfast,pngtest,14,1624629229, 0, 1, 0.00
AFLfast,pngtest,14,1624629234, 0, 1, 0.00
AFLfast,pngtest,14,1624629239, 0, 1, 0.00
AFLfast,pngtest,14,1624629244, 0, 1, 0.00
AFLfast,pngtest,14,1624629249, 0, 1, 0.00
AFLfast,pngtest,14,1624629254, 0, 1, 0.00
AFLfast,pngtest,14,1624629259, 0, 1, 0.00
AFLfast,pngtest,14,1624629264, 0, 1, 0.00
AFLfast,pngtest,14,1624629270, 0, 1, 0.00
AFLfast,pngtest,14,1624629275, 0, 1, 0.00
AFLfast,pngtest,14,1624629280, 0, 1, 0.00
AFLfast,pngtest,14,1624629285, 0, 1, 0.00
AFLfast,pngtest,14,1624629290, 0, 1, 0.00
AFLfast,pngtest,14,1624629295, 0, 1, 0.00
AFLfast,pngtest,14,1624629300, 0, 1, 0.00
AFLfast,pngtest,14,1624629305, 0, 1, 0.00
AFLfast,pngtest,14,1624629310, 0, 1, 0.00
AFLfast,pngtest,14,1624629316, 0, 1, 0.00
AFLfast,pngtest,14,1624629321, 0, 1, 0.00
AFLfast,pngtest,14,1624629326, 0, 1, 0.00
AFLfast,pngtest,14,1624629331, 0, 1, 0.00
AFLfast,pngtest,14,1624629336, 0, 1, 0.00
AFLfast,pngtest,14,1624629342, 0, 1, 0.00
AFLfast,pngtest,14,1624629347, 0, 1, 0.00
AFLfast,pngtest,14,1624629352, 0, 1, 0.00
AFLfast,pngtest,14,1624629357, 0, 1, 0.00
AFLfast,pngtest,14,1624629362, 0, 1, 0.00
AFLfast,pngtest,14,1624629367, 0, 1, 0.00
AFLfast,pngtest,14,1624629373, 0, 1, 0.00
AFLfast,pngtest,14,1624629378, 0, 1, 0.00
AFLfast,pngtest,14,1624629383, 0, 1, 0.00
AFLfast,pngtest,14,1624629388, 0, 1, 0.00
AFLfast,pngtest,14,1624629393, 0, 1, 0.00
AFLfast,pngtest,14,1624629398, 0, 1, 0.00
AFLfast,pngtest,14,1624629404, 0, 1, 0.00
AFLfast,pngtest,14,1624629409, 0, 1, 0.00
AFLfast,pngtest,14,1624629414, 0, 1, 0.00
AFLfast,pngtest,14,1624629419, 0, 1, 0.00
AFLfast,pngtest,14,1624629424, 0, 1, 0.00
AFLfast,pngtest,14,1624629429, 0, 1, 0.00
AFLfast,pngtest,14,1624629434, 0, 1, 0.00
AFLfast,pngtest,14,1624629440, 0, 1, 0.00
AFLfast,pngtest,14,1624629445, 0, 1, 0.00
AFLfast,pngtest,14,1624629450, 0, 1, 0.00
AFLfast,pngtest,14,1624629455, 0, 1, 0.00
AFLfast,pngtest,14,1624629460, 0, 1, 0.00
AFLfast,pngtest,14,1624629466, 0, 1, 0.00
AFLfast,pngtest,14,1624629471, 0, 1, 0.00
AFLfast,pngtest,14,1624629476, 0, 1, 0.00
AFLfast,pngtest,14,1624629481, 0, 1, 0.00
AFLfast,pngtest,14,1624629486, 0, 1, 0.00
AFLfast,pngtest,14,1624629491, 0, 1, 0.00
AFLfast,pngtest,14,1624629496, 0, 1, 0.00
AFLfast,pngtest,14,1624629502, 0, 1, 0.00
AFLfast,pngtest,14,1624629507, 0, 1, 0.00
AFLfast,pngtest,14,1624629512, 0, 1, 0.00
AFLfast,pngtest,14,1624629517, 0, 1, 0.00
AFLfast,pngtest,14,1624629522, 0, 1, 0.00
AFLfast,pngtest,14,1624629527, 0, 1, 0.00
AFLfast,pngtest,14,1624629532, 0, 1, 0.00
AFLfast,pngtest,14,1624629537, 0, 1, 0.00
AFLfast,pngtest,14,1624629543, 0, 1, 0.00
AFLfast,pngtest,14,1624629548, 0, 1, 0.00
AFLfast,pngtest,14,1624629553, 0, 1, 0.00
AFLfast,pngtest,14,1624629558, 0, 1, 0.00
AFLfast,pngtest,14,1624629563, 0, 1, 0.00
AFLfast,pngtest,14,1624629568, 0, 1, 0.00
AFLfast,pngtest,14,1624629573, 0, 1, 0.00
AFLfast,pngtest,14,1624629579, 0, 1, 0.00
AFLfast,pngtest,14,1624629584, 0, 1, 0.00
AFLfast,pngtest,14,1624629589, 0, 1, 0.00
AFLfast,pngtest,14,1624629594, 0, 1, 0.00
AFLfast,pngtest,14,1624629599, 0, 1, 0.00
AFLfast,pngtest,14,1624629604, 0, 1, 0.00
AFLfast,pngtest,14,1624629610, 0, 1, 0.00
AFLfast,pngtest,14,1624629615, 0, 1, 0.00
AFLfast,pngtest,14,1624629620, 0, 1, 0.00
AFLfast,pngtest,14,1624629625, 0, 1, 0.00
AFLfast,pngtest,14,1624629630, 0, 1, 0.00
AFLfast,pngtest,14,1624629636, 0, 1, 0.00
AFLfast,pngtest,14,1624629641, 0, 1, 0.00
AFLfast,pngtest,14,1624629646, 0, 1, 0.00
AFLfast,pngtest,14,1624629651, 0, 1, 0.00
AFLfast,pngtest,14,1624629656, 0, 1, 0.00
AFLfast,pngtest,14,1624629661, 0, 1, 0.00
AFLfast,pngtest,14,1624629666, 0, 1, 0.00
AFLfast,pngtest,14,1624629672, 0, 1, 0.00
AFLfast,pngtest,14,1624629677, 0, 1, 0.00
AFLfast,pngtest,14,1624629682, 0, 1, 0.00
AFLfast,pngtest,14,1624629687, 0, 1, 0.00
AFLfast,pngtest,14,1624629692, 0, 1, 0.00
AFLfast,pngtest,14,1624629697, 0, 1, 0.00
AFLfast,pngtest,14,1624629703, 0, 1, 0.00
AFLfast,pngtest,14,1624629708, 0, 1, 0.00
AFLfast,pngtest,14,1624629713, 0, 1, 0.00
AFLfast,pngtest,14,1624629718, 0, 1, 0.00
AFLfast,pngtest,14,1624629723, 0, 1, 0.00
AFLfast,pngtest,14,1624629728, 0, 1, 0.00
AFLfast,pngtest,14,1624629734, 0, 1, 0.00
AFLfast,pngtest,14,1624629739, 0, 1, 0.00
AFLfast,pngtest,14,1624629744, 0, 1, 0.00
AFLfast,pngtest,14,1624629749, 0, 1, 0.00
AFLfast,pngtest,14,1624629754, 0, 1, 0.00
AFLfast,pngtest,14,1624629759, 0, 1, 0.00
AFLfast,pngtest,14,1624629764, 0, 1, 0.00
AFLfast,pngtest,14,1624629769, 0, 1, 0.00
AFLfast,pngtest,14,1624629774, 0, 1, 0.00
AFLfast,pngtest,14,1624629779, 0, 1, 0.00
AFLfast,pngtest,14,1624629785, 0, 1, 0.00
AFLfast,pngtest,14,1624629790, 0, 1, 0.00
AFLfast,pngtest,14,1624629795, 0, 1, 0.00
AFLfast,pngtest,14,1624629800, 0, 1, 0.00
AFLfast,pngtest,14,1624629805, 0, 1, 0.00
AFLfast,pngtest,14,1624629810, 0, 1, 0.00
AFLfast,pngtest,14,1624629816, 0, 1, 0.00
AFLfast,pngtest,14,1624629821, 0, 1, 0.00
AFLfast,pngtest,14,1624629826, 0, 1, 0.00
AFLfast,pngtest,14,1624629831, 0, 1, 0.00
AFLfast,pngtest,14,1624629836, 0, 1, 0.00
AFLfast,pngtest,14,1624629842, 0, 1, 0.00
AFLfast,pngtest,14,1624629847, 0, 1, 0.00
AFLfast,pngtest,14,1624629852, 0, 1, 0.00
AFLfast,pngtest,14,1624629857, 0, 1, 0.00
AFLfast,pngtest,14,1624629862, 0, 1, 0.00
AFLfast,pngtest,14,1624629867, 0, 1, 0.00
AFLfast,pngtest,14,1624629872, 0, 1, 0.00
AFLfast,pngtest,14,1624629878, 0, 1, 0.00
AFLfast,pngtest,14,1624629883, 0, 1, 0.00
AFLfast,pngtest,14,1624629888, 0, 1, 0.00
AFLfast,pngtest,14,1624629893, 0, 1, 0.00
AFLfast,pngtest,14,1624629898, 0, 1, 0.00
AFLfast,pngtest,14,1624629903, 0, 1, 0.00
AFLfast,pngtest,14,1624629908, 0, 1, 0.00
AFLfast,pngtest,14,1624629914, 0, 1, 0.00
AFLfast,pngtest,14,1624629919, 0, 1, 0.00
AFLfast,pngtest,14,1624629924, 0, 1, 0.00
AFLfast,pngtest,14,1624629929, 0, 1, 0.00
AFLfast,pngtest,14,1624629934, 0, 1, 0.00
AFLfast,pngtest,14,1624629940, 0, 1, 0.00
AFLfast,pngtest,14,1624629945, 0, 1, 0.00
AFLfast,pngtest,14,1624629950, 0, 1, 0.00
AFLfast,pngtest,14,1624629955, 0, 1, 0.00
AFLfast,pngtest,14,1624629960, 0, 1, 0.00
AFLfast,pngtest,14,1624629965, 0, 1, 0.00
AFLfast,pngtest,14,1624629971, 0, 1, 0.00
AFLfast,pngtest,14,1624629976, 0, 1, 0.00
AFLfast,pngtest,14,1624629981, 0, 1, 0.00
AFLfast,pngtest,14,1624629986, 0, 1, 0.00
AFLfast,pngtest,14,1624629991, 0, 1, 0.00
AFLfast,pngtest,14,1624629996, 0, 1, 0.00
AFLfast,pngtest,14,1624630001, 0, 1, 0.00
AFLfast,pngtest,14,1624630006, 0, 1, 0.00
AFLfast,pngtest,14,1624630011, 0, 1, 0.00
AFLfast,pngtest,14,1624630016, 0, 1, 0.00
AFLfast,pngtest,14,1624630022, 0, 1, 0.00
AFLfast,pngtest,14,1624630027, 0, 1, 0.00
AFLfast,pngtest,14,1624630032, 0, 1, 0.00
AFLfast,pngtest,14,1624630037, 0, 1, 0.00
AFLfast,pngtest,14,1624630042, 0, 1, 0.00
AFLfast,pngtest,14,1624630047, 0, 1, 0.00
AFLfast,pngtest,14,1624630053, 0, 1, 0.00
AFLfast,pngtest,14,1624630058, 0, 1, 0.00
AFLfast,pngtest,14,1624630063, 0, 1, 0.00
AFLfast,pngtest,14,1624630068, 0, 1, 0.00
AFLfast,pngtest,14,1624630074, 0, 1, 0.00
AFLfast,pngtest,14,1624630079, 0, 1, 0.00
AFLfast,pngtest,14,1624630084, 0, 1, 0.00
AFLfast,pngtest,14,1624630089, 0, 1, 0.00
AFLfast,pngtest,14,1624630094, 0, 1, 0.00
AFLfast,pngtest,14,1624630099, 0, 1, 0.00
AFLfast,pngtest,14,1624630104, 0, 1, 0.00
AFLfast,pngtest,14,1624630110, 0, 1, 0.00
AFLfast,pngtest,14,1624630115, 0, 1, 0.00
AFLfast,pngtest,14,1624630120, 0, 1, 0.00
AFLfast,pngtest,14,1624630125, 0, 1, 0.00
AFLfast,pngtest,14,1624630130, 0, 1, 0.00
AFLfast,pngtest,14,1624630136, 0, 1, 0.00
AFLfast,pngtest,14,1624630141, 0, 1, 0.00
AFLfast,pngtest,14,1624630146, 0, 1, 0.00
AFLfast,pngtest,14,1624630151, 0, 1, 0.00
AFLfast,pngtest,14,1624630156, 0, 1, 0.00
AFLfast,pngtest,14,1624630161, 0, 1, 0.00
AFLfast,pngtest,14,1624630166, 0, 1, 0.00
AFLfast,pngtest,14,1624630172, 0, 1, 0.00
AFLfast,pngtest,14,1624630177, 0, 1, 0.00
AFLfast,pngtest,14,1624630182, 0, 1, 0.00
AFLfast,pngtest,14,1624630187, 0, 1, 0.00
AFLfast,pngtest,14,1624630192, 0, 1, 0.00
AFLfast,pngtest,14,1624630198, 0, 1, 0.00
AFLfast,pngtest,14,1624630203, 0, 1, 0.00
AFLfast,pngtest,14,1624630208, 0, 1, 0.00
AFLfast,pngtest,14,1624630213, 0, 1, 0.00
AFLfast,pngtest,14,1624630218, 0, 1, 0.00
AFLfast,pngtest,14,1624630223, 0, 1, 0.00
AFLfast,pngtest,14,1624630229, 0, 1, 0.00
AFLfast,pngtest,14,1624630234, 0, 1, 0.00
AFLfast,pngtest,14,1624630239, 0, 1, 0.00
AFLfast,pngtest,14,1624630244, 0, 1, 0.00
AFLfast,pngtest,14,1624630249, 0, 1, 0.00
AFLfast,pngtest,14,1624630254, 0, 1, 0.00
AFLfast,pngtest,14,1624630259, 0, 1, 0.00
AFLfast,pngtest,14,1624630264, 0, 1, 0.00
AFLfast,pngtest,14,1624630270, 0, 1, 0.00
AFLfast,pngtest,14,1624630275, 0, 1, 0.00
AFLfast,pngtest,14,1624630280, 0, 1, 0.00
AFLfast,pngtest,14,1624630285, 0, 1, 0.00
AFLfast,pngtest,14,1624630290, 0, 1, 0.00
AFLfast,pngtest,14,1624630295, 0, 1, 0.00
AFLfast,pngtest,14,1624630300, 0, 1, 0.00
AFLfast,pngtest,14,1624630305, 0, 1, 0.00
AFLfast,pngtest,14,1624630310, 0, 1, 0.00
AFLfast,pngtest,14,1624630316, 0, 1, 0.00
AFLfast,pngtest,14,1624630321, 0, 1, 0.00
AFLfast,pngtest,14,1624630326, 0, 1, 0.00
AFLfast,pngtest,14,1624630331, 0, 1, 0.00
AFLfast,pngtest,14,1624630336, 0, 1, 0.00
AFLfast,pngtest,14,1624630341, 0, 1, 0.00
AFLfast,pngtest,14,1624630346, 0, 1, 0.00
AFLfast,pngtest,14,1624630351, 0, 1, 0.00
AFLfast,pngtest,14,1624630357, 0, 1, 0.00
AFLfast,pngtest,14,1624630362, 0, 1, 0.00
AFLfast,pngtest,14,1624630367, 0, 1, 0.00
AFLfast,pngtest,14,1624630372, 0, 1, 0.00
AFLfast,pngtest,14,1624630377, 0, 1, 0.00
AFLfast,pngtest,14,1624630383, 0, 1, 0.00
AFLfast,pngtest,14,1624630388, 0, 1, 0.00
AFLfast,pngtest,14,1624630393, 0, 1, 0.00
AFLfast,pngtest,14,1624630398, 0, 1, 0.00
AFLfast,pngtest,14,1624630404, 0, 1, 0.00
AFLfast,pngtest,14,1624630409, 0, 1, 0.00
AFLfast,pngtest,14,1624630414, 0, 1, 0.00
AFLfast,pngtest,14,1624630419, 0, 1, 0.00
AFLfast,pngtest,14,1624630424, 0, 1, 0.00
AFLfast,pngtest,14,1624630430, 0, 1, 0.00
AFLfast,pngtest,14,1624630435, 0, 1, 0.00
AFLfast,pngtest,14,1624630440, 0, 1, 0.00
AFLfast,pngtest,14,1624630445, 0, 1, 0.00
AFLfast,pngtest,14,1624630450, 0, 1, 0.00
AFLfast,pngtest,14,1624630456, 0, 1, 0.00
AFLfast,pngtest,14,1624630461, 0, 1, 0.00
AFLfast,pngtest,14,1624630466, 0, 1, 0.00
AFLfast,pngtest,14,1624630471, 0, 1, 0.00
AFLfast,pngtest,14,1624630476, 0, 1, 0.00
AFLfast,pngtest,14,1624630482, 0, 1, 0.00
AFLfast,pngtest,14,1624630487, 0, 1, 0.00
AFLfast,pngtest,14,1624630492, 0, 1, 0.00
AFLfast,pngtest,14,1624630497, 0, 1, 0.00
AFLfast,pngtest,14,1624630503, 0, 1, 0.00
AFLfast,pngtest,14,1624630508, 0, 1, 0.00
AFLfast,pngtest,14,1624630513, 0, 1, 0.00
AFLfast,pngtest,14,1624630518, 0, 1, 0.00
AFLfast,pngtest,14,1624630523, 0, 1, 0.00
AFLfast,pngtest,14,1624630528, 0, 1, 0.00
AFLfast,pngtest,14,1624630534, 0, 1, 0.00
AFLfast,pngtest,14,1624630539, 0, 1, 0.00
AFLfast,pngtest,14,1624630544, 0, 1, 0.00
AFLfast,pngtest,14,1624630549, 0, 1, 0.00
AFLfast,pngtest,14,1624630554, 0, 1, 0.00
AFLfast,pngtest,14,1624630560, 0, 1, 0.00
AFLfast,pngtest,14,1624630565, 0, 1, 0.00
AFLfast,pngtest,14,1624630570, 0, 1, 0.00
AFLfast,pngtest,14,1624630575, 0, 1, 0.00
AFLfast,pngtest,14,1624630580, 0, 1, 0.00
AFLfast,pngtest,14,1624630585, 0, 1, 0.00
AFLfast,pngtest,14,1624630590, 0, 1, 0.00
AFLfast,pngtest,14,1624630595, 0, 1, 0.00
AFLfast,pngtest,14,1624630601, 0, 1, 0.00
AFLfast,pngtest,14,1624630606, 0, 1, 0.00
AFLfast,pngtest,14,1624630611, 0, 1, 0.00
AFLfast,pngtest,14,1624630616, 0, 1, 0.00
AFLfast,pngtest,14,1624630622, 0, 1, 0.00
AFLfast,pngtest,14,1624630627, 0, 1, 0.00
AFLfast,pngtest,14,1624630632, 0, 1, 0.00
AFLfast,pngtest,14,1624630637, 0, 1, 0.00
AFLfast,pngtest,14,1624630642, 0, 1, 0.00
AFLfast,pngtest,14,1624630647, 0, 1, 0.00
AFLfast,pngtest,14,1624630652, 0, 1, 0.00
AFLfast,pngtest,14,1624630657, 0, 1, 0.00
AFLfast,pngtest,14,1624630663, 0, 1, 0.00
AFLfast,pngtest,14,1624630668, 0, 1, 0.00
AFLfast,pngtest,14,1624630673, 0, 1, 0.00
AFLfast,pngtest,14,1624630678, 0, 1, 0.00
AFLfast,pngtest,14,1624630683, 0, 1, 0.00
AFLfast,pngtest,14,1624630688, 0, 1, 0.00
AFLfast,pngtest,14,1624630693, 0, 1, 0.00
AFLfast,pngtest,14,1624630698, 0, 1, 0.00
AFLfast,pngtest,14,1624630703, 0, 1, 0.00
AFLfast,pngtest,14,1624630709, 0, 1, 0.00
AFLfast,pngtest,14,1624630714, 0, 1, 0.00
AFLfast,pngtest,14,1624630719, 0, 1, 0.00
AFLfast,pngtest,14,1624630724, 0, 1, 0.00
AFLfast,pngtest,14,1624630729, 0, 1, 0.00
AFLfast,pngtest,14,1624630734, 0, 1, 0.00
AFLfast,pngtest,14,1624630739, 0, 1, 0.00
AFLfast,pngtest,14,1624630745, 0, 1, 0.00
AFLfast,pngtest,14,1624630750, 0, 1, 0.00
AFLfast,pngtest,14,1624630755, 0, 1, 0.00
AFLfast,pngtest,14,1624630760, 0, 1, 0.00
AFLfast,pngtest,14,1624630765, 0, 1, 0.00
AFLfast,pngtest,14,1624630770, 0, 1, 0.00
AFLfast,pngtest,14,1624630775, 0, 1, 0.00
AFLfast,pngtest,14,1624630781, 0, 1, 0.00
AFLfast,pngtest,14,1624630786, 0, 1, 0.00
AFLfast,pngtest,14,1624630791, 0, 1, 0.00
AFLfast,pngtest,14,1624630796, 0, 1, 0.00
AFLfast,pngtest,14,1624630801, 0, 1, 0.00
AFLfast,pngtest,14,1624630806, 0, 1, 0.00
AFLfast,pngtest,14,1624630812, 0, 1, 0.00
AFLfast,pngtest,14,1624630817, 0, 1, 0.00
AFLfast,pngtest,14,1624630822, 0, 1, 0.00
AFLfast,pngtest,14,1624630827, 0, 1, 0.00
AFLfast,pngtest,14,1624630832, 0, 1, 0.00
AFLfast,pngtest,14,1624630837, 0, 1, 0.00
AFLfast,pngtest,14,1624630843, 0, 1, 0.00
AFLfast,pngtest,14,1624630848, 0, 1, 0.00
AFLfast,pngtest,14,1624630853, 0, 1, 0.00
AFLfast,pngtest,14,1624630858, 0, 1, 0.00
AFLfast,pngtest,14,1624630863, 0, 1, 0.00
AFLfast,pngtest,14,1624630868, 0, 1, 0.00
AFLfast,pngtest,14,1624630874, 0, 1, 0.00
AFLfast,pngtest,14,1624630879, 0, 1, 0.00
AFLfast,pngtest,14,1624630884, 0, 1, 0.00
AFLfast,pngtest,14,1624630889, 0, 1, 0.00
AFLfast,pngtest,14,1624630894, 0, 1, 0.00
AFLfast,pngtest,14,1624630899, 0, 1, 0.00
AFLfast,pngtest,14,1624630904, 0, 1, 0.00
AFLfast,pngtest,14,1624630910, 0, 1, 0.00
AFLfast,pngtest,14,1624630915, 0, 1, 0.00
AFLfast,pngtest,14,1624630920, 0, 1, 0.00
AFLfast,pngtest,14,1624630925, 0, 1, 0.00
AFLfast,pngtest,14,1624630930, 0, 1, 0.00
AFLfast,pngtest,14,1624630935, 0, 1, 0.00
AFLfast,pngtest,14,1624630940, 0, 1, 0.00
AFLfast,pngtest,14,1624630946, 0, 1, 0.00
AFLfast,pngtest,14,1624630951, 0, 1, 0.00
AFLfast,pngtest,14,1624630956, 0, 1, 0.00
AFLfast,pngtest,14,1624630961, 0, 1, 0.00
AFLfast,pngtest,14,1624630966, 0, 1, 0.00
AFLfast,pngtest,14,1624630971, 0, 1, 0.00
AFLfast,pngtest,14,1624630977, 0, 1, 0.00
AFLfast,pngtest,14,1624630982, 0, 1, 0.00
AFLfast,pngtest,14,1624630987, 0, 1, 0.00
AFLfast,pngtest,14,1624630992, 0, 1, 0.00
AFLfast,pngtest,14,1624630997, 0, 1, 0.00
AFLfast,pngtest,14,1624631002, 0, 1, 0.00
AFLfast,pngtest,14,1624631007, 0, 1, 0.00
AFLfast,pngtest,14,1624631013, 0, 1, 0.00
AFLfast,pngtest,14,1624631018, 0, 1, 0.00
AFLfast,pngtest,14,1624631023, 0, 1, 0.00
AFLfast,pngtest,14,1624631028, 0, 1, 0.00
AFLfast,pngtest,14,1624631033, 0, 1, 0.00
AFLfast,pngtest,14,1624631038, 0, 1, 0.00
AFLfast,pngtest,14,1624631044, 0, 1, 0.00
AFLfast,pngtest,14,1624631049, 0, 1, 0.00
AFLfast,pngtest,14,1624631054, 0, 1, 0.00
AFLfast,pngtest,14,1624631059, 0, 1, 0.00
AFLfast,pngtest,14,1624631064, 0, 1, 0.00
AFLfast,pngtest,14,1624631070, 0, 1, 0.00
AFLfast,pngtest,14,1624631075, 0, 1, 0.00
AFLfast,pngtest,14,1624631080, 0, 1, 0.00
AFLfast,pngtest,14,1624631085, 0, 1, 0.00
AFLfast,pngtest,14,1624631090, 0, 1, 0.00
AFLfast,pngtest,14,1624631095, 0, 1, 0.00
AFLfast,pngtest,14,1624631101, 0, 1, 0.00
AFLfast,pngtest,14,1624631106, 0, 1, 0.00
AFLfast,pngtest,14,1624631111, 0, 1, 0.00
AFLfast,pngtest,14,1624631116, 0, 1, 0.00
AFLfast,pngtest,14,1624631121, 0, 1, 0.00
AFLfast,pngtest,14,1624631126, 0, 1, 0.00
AFLfast,pngtest,14,1624631132, 0, 1, 0.00
AFLfast,pngtest,14,1624631137, 0, 1, 0.00
AFLfast,pngtest,14,1624631142, 0, 1, 0.00
AFLfast,pngtest,14,1624631147, 0, 1, 0.00
AFLfast,pngtest,14,1624631152, 0, 1, 0.00
AFLfast,pngtest,14,1624631158, 0, 1, 0.00
AFLfast,pngtest,14,1624631163, 0, 1, 0.00
AFLfast,pngtest,14,1624631168, 0, 1, 0.00
AFLfast,pngtest,14,1624631173, 0, 1, 0.00
AFLfast,pngtest,14,1624631178, 0, 1, 0.00
AFLfast,pngtest,14,1624631183, 0, 1, 0.00
AFLfast,pngtest,14,1624631189, 0, 1, 0.00
AFLfast,pngtest,14,1624631194, 0, 1, 0.00
AFLfast,pngtest,14,1624631199, 0, 1, 0.00
AFLfast,pngtest,14,1624631204, 0, 1, 0.00
AFLfast,pngtest,14,1624631209, 0, 1, 0.00
AFLfast,pngtest,14,1624631215, 0, 1, 0.00
AFLfast,pngtest,14,1624631220, 0, 1, 0.00
AFLfast,pngtest,14,1624631225, 0, 1, 0.00
AFLfast,pngtest,14,1624631230, 0, 1, 0.00
AFLfast,pngtest,14,1624631235, 0, 1, 0.00
AFLfast,pngtest,14,1624631240, 0, 1, 0.00
AFLfast,pngtest,14,1624631245, 0, 1, 0.00
AFLfast,pngtest,14,1624631251, 0, 1, 0.00
AFLfast,pngtest,14,1624631256, 0, 1, 0.00
AFLfast,pngtest,14,1624631261, 0, 1, 0.00
AFLfast,pngtest,14,1624631266, 0, 1, 0.00
AFLfast,pngtest,14,1624631271, 0, 1, 0.00
AFLfast,pngtest,14,1624631277, 0, 1, 0.00
AFLfast,pngtest,14,1624631282, 0, 1, 0.00
AFLfast,pngtest,14,1624631287, 0, 1, 0.00
AFLfast,pngtest,14,1624631292, 0, 1, 0.00
AFLfast,pngtest,14,1624631297, 0, 1, 0.00
AFLfast,pngtest,14,1624631302, 0, 1, 0.00
AFLfast,pngtest,14,1624631307, 0, 1, 0.00
AFLfast,pngtest,14,1624631312, 0, 1, 0.00
AFLfast,pngtest,14,1624631317, 0, 1, 0.00
AFLfast,pngtest,14,1624631323, 0, 1, 0.00
AFLfast,pngtest,14,1624631328, 0, 1, 0.00
AFLfast,pngtest,14,1624631333, 0, 1, 0.00
AFLfast,pngtest,14,1624631338, 0, 1, 0.00
AFLfast,pngtest,14,1624631343, 0, 1, 0.00
AFLfast,pngtest,14,1624631349, 0, 1, 0.00
AFLfast,pngtest,14,1624631354, 0, 1, 0.00
AFLfast,pngtest,14,1624631359, 0, 1, 0.00
AFLfast,pngtest,14,1624631364, 0, 1, 0.00
AFLfast,pngtest,14,1624631369, 0, 1, 0.00
AFLfast,pngtest,14,1624631374, 0, 1, 0.00
AFLfast,pngtest,14,1624631380, 0, 1, 0.00
AFLfast,pngtest,14,1624631385, 0, 1, 0.00
AFLfast,pngtest,14,1624631390, 0, 1, 0.00
AFLfast,pngtest,14,1624631395, 0, 1, 0.00
AFLfast,pngtest,14,1624631400, 0, 1, 0.00
AFLfast,pngtest,14,1624631406, 0, 1, 0.00
AFLfast,pngtest,14,1624631411, 0, 1, 0.00
AFLfast,pngtest,14,1624631416, 0, 1, 0.00
AFLfast,pngtest,14,1624631421, 0, 1, 0.00
AFLfast,pngtest,14,1624631426, 0, 1, 0.00
AFLfast,pngtest,14,1624631432, 0, 1, 0.00
AFLfast,pngtest,14,1624631437, 0, 1, 0.00
AFLfast,pngtest,14,1624631442, 0, 1, 0.00
AFLfast,pngtest,14,1624631447, 0, 1, 0.00
AFLfast,pngtest,14,1624631452, 0, 1, 0.00
AFLfast,pngtest,14,1624631457, 0, 1, 0.00
AFLfast,pngtest,14,1624631462, 0, 1, 0.00
AFLfast,pngtest,14,1624631467, 0, 1, 0.00
AFLfast,pngtest,14,1624631473, 0, 1, 0.00
AFLfast,pngtest,14,1624631478, 0, 1, 0.00
AFLfast,pngtest,14,1624631483, 0, 1, 0.00
AFLfast,pngtest,14,1624631488, 0, 1, 0.00
AFLfast,pngtest,14,1624631493, 0, 1, 0.00
AFLfast,pngtest,14,1624631498, 0, 1, 0.00
AFLfast,pngtest,14,1624631504, 0, 1, 0.00
AFLfast,pngtest,14,1624631509, 0, 1, 0.00
AFLfast,pngtest,14,1624631514, 0, 1, 0.00
AFLfast,pngtest,14,1624631519, 0, 1, 0.00
AFLfast,pngtest,14,1624631524, 0, 1, 0.00
AFLfast,pngtest,14,1624631530, 0, 1, 0.00
AFLfast,pngtest,14,1624631535, 0, 1, 0.00
AFLfast,pngtest,14,1624631540, 0, 1, 0.00
AFLfast,pngtest,14,1624631545, 0, 1, 0.00
AFLfast,pngtest,14,1624631550, 0, 1, 0.00
AFLfast,pngtest,14,1624631555, 0, 1, 0.00
AFLfast,pngtest,14,1624631560, 0, 1, 0.00
AFLfast,pngtest,14,1624631565, 0, 1, 0.00
AFLfast,pngtest,14,1624631570, 0, 1, 0.00
AFLfast,pngtest,14,1624631576, 0, 1, 0.00
AFLfast,pngtest,14,1624631581, 0, 1, 0.00
AFLfast,pngtest,14,1624631586, 0, 1, 0.00
AFLfast,pngtest,14,1624631591, 0, 1, 0.00
AFLfast,pngtest,14,1624631596, 0, 1, 0.00
AFLfast,pngtest,14,1624631602, 0, 1, 0.00
AFLfast,pngtest,14,1624631607, 0, 1, 0.00
AFLfast,pngtest,14,1624631612, 0, 1, 0.00
AFLfast,pngtest,14,1624631617, 0, 1, 0.00
AFLfast,pngtest,14,1624631622, 0, 1, 0.00
AFLfast,pngtest,14,1624631628, 0, 1, 0.00
AFLfast,pngtest,14,1624631633, 0, 1, 0.00
AFLfast,pngtest,14,1624631638, 0, 1, 0.00
AFLfast,pngtest,14,1624631644, 0, 1, 0.00
AFLfast,pngtest,14,1624631649, 0, 1, 0.00
AFLfast,pngtest,14,1624631654, 0, 1, 0.00
AFLfast,pngtest,14,1624631659, 0, 1, 0.00
AFLfast,pngtest,14,1624631664, 0, 1, 0.00
AFLfast,pngtest,14,1624631670, 0, 1, 0.00
AFLfast,pngtest,14,1624631675, 0, 1, 0.00
AFLfast,pngtest,14,1624631680, 0, 1, 0.00
AFLfast,pngtest,14,1624631685, 0, 1, 0.00
AFLfast,pngtest,14,1624631690, 0, 1, 0.00
AFLfast,pngtest,14,1624631695, 0, 1, 0.00
AFLfast,pngtest,14,1624631700, 0, 1, 0.00
AFLfast,pngtest,14,1624631706, 0, 1, 0.00
AFLfast,pngtest,14,1624631711, 0, 1, 0.00
AFLfast,pngtest,14,1624631716, 0, 1, 0.00
AFLfast,pngtest,14,1624631721, 0, 1, 0.00
AFLfast,pngtest,14,1624631726, 0, 1, 0.00
AFLfast,pngtest,14,1624631732, 0, 1, 0.00
AFLfast,pngtest,14,1624631737, 0, 1, 0.00
AFLfast,pngtest,14,1624631742, 0, 1, 0.00
AFLfast,pngtest,14,1624631747, 0, 1, 0.00
AFLfast,pngtest,14,1624631753, 0, 1, 0.00
AFLfast,pngtest,14,1624631758, 0, 1, 0.00
AFLfast,pngtest,14,1624631763, 0, 1, 0.00
AFLfast,pngtest,14,1624631768, 0, 1, 0.00
AFLfast,pngtest,14,1624631773, 0, 1, 0.00
AFLfast,pngtest,14,1624631778, 0, 1, 0.00
AFLfast,pngtest,14,1624631783, 0, 1, 0.00
AFLfast,pngtest,14,1624631789, 0, 1, 0.00
AFLfast,pngtest,14,1624631794, 0, 1, 0.00
AFLfast,pngtest,14,1624631799, 0, 1, 0.00
AFLfast,pngtest,14,1624631804, 0, 1, 0.00
AFLfast,pngtest,14,1624631809, 0, 1, 0.00
AFLfast,pngtest,14,1624631814, 0, 1, 0.00
AFLfast,pngtest,14,1624631819, 0, 1, 0.00
AFLfast,pngtest,14,1624631825, 0, 1, 0.00
AFLfast,pngtest,14,1624631830, 0, 1, 0.00
AFLfast,pngtest,14,1624631835, 0, 1, 0.00
AFLfast,pngtest,14,1624631840, 0, 1, 0.00
AFLfast,pngtest,14,1624631845, 0, 1, 0.00
AFLfast,pngtest,14,1624631850, 0, 1, 0.00
AFLfast,pngtest,14,1624631855, 0, 1, 0.00
AFLfast,pngtest,14,1624631861, 0, 1, 0.00
AFLfast,pngtest,14,1624631866, 0, 1, 0.00
AFLfast,pngtest,14,1624631871, 0, 1, 0.00
AFLfast,pngtest,14,1624631876, 0, 1, 0.00
AFLfast,pngtest,14,1624631881, 0, 1, 0.00
AFLfast,pngtest,14,1624631886, 0, 1, 0.00
AFLfast,pngtest,14,1624631891, 0, 1, 0.00
AFLfast,pngtest,14,1624631897, 0, 1, 0.00
AFLfast,pngtest,14,1624631902, 0, 1, 0.00
AFLfast,pngtest,14,1624631907, 0, 1, 0.00
AFLfast,pngtest,14,1624631912, 0, 1, 0.00
AFLfast,pngtest,14,1624631917, 0, 1, 0.00
AFLfast,pngtest,14,1624631923, 0, 1, 0.00
AFLfast,pngtest,14,1624631928, 0, 1, 0.00
AFLfast,pngtest,14,1624631933, 0, 1, 0.00
AFLfast,pngtest,14,1624631938, 0, 1, 0.00
AFLfast,pngtest,14,1624631943, 0, 1, 0.00
AFLfast,pngtest,14,1624631948, 0, 1, 0.00
AFLfast,pngtest,14,1624631953, 0, 1, 0.00
AFLfast,pngtest,14,1624631958, 0, 1, 0.00
AFLfast,pngtest,14,1624631963, 0, 1, 0.00
AFLfast,pngtest,14,1624631968, 0, 1, 0.00
AFLfast,pngtest,14,1624631974, 0, 1, 0.00
AFLfast,pngtest,14,1624631979, 0, 1, 0.00
AFLfast,pngtest,14,1624631984, 0, 1, 0.00
AFLfast,pngtest,14,1624631989, 0, 1, 0.00
AFLfast,pngtest,14,1624631994, 0, 1, 0.00
AFLfast,pngtest,14,1624631999, 0, 1, 0.00
AFLfast,pngtest,14,1624632004, 0, 1, 0.00
AFLfast,pngtest,14,1624632010, 0, 1, 0.00
AFLfast,pngtest,14,1624632015, 0, 1, 0.00
AFLfast,pngtest,14,1624632020, 0, 1, 0.00
AFLfast,pngtest,14,1624632025, 0, 1, 0.00
AFLfast,pngtest,14,1624632030, 0, 1, 0.00
AFLfast,pngtest,14,1624632035, 0, 1, 0.00
AFLfast,pngtest,14,1624632040, 0, 1, 0.00
AFLfast,pngtest,14,1624632045, 0, 1, 0.00
AFLfast,pngtest,14,1624632051, 0, 1, 0.00
AFLfast,pngtest,14,1624632056, 0, 1, 0.00
AFLfast,pngtest,14,1624632061, 0, 1, 0.00
AFLfast,pngtest,14,1624632066, 0, 1, 0.00
AFLfast,pngtest,14,1624632071, 0, 1, 0.00
AFLfast,pngtest,14,1624632077, 0, 1, 0.00
AFLfast,pngtest,14,1624632082, 0, 1, 0.00
AFLfast,pngtest,14,1624632087, 0, 1, 0.00
AFLfast,pngtest,14,1624632092, 0, 1, 0.00
AFLfast,pngtest,14,1624632097, 0, 1, 0.00
AFLfast,pngtest,14,1624632102, 0, 1, 0.00
AFLfast,pngtest,14,1624632107, 0, 1, 0.00
AFLfast,pngtest,14,1624632112, 0, 1, 0.00
AFLfast,pngtest,14,1624632118, 0, 1, 0.00
AFLfast,pngtest,14,1624632123, 0, 1, 0.00
AFLfast,pngtest,14,1624632128, 0, 1, 0.00
AFLfast,pngtest,14,1624632133, 0, 1, 0.00
AFLfast,pngtest,14,1624632138, 0, 1, 0.00
AFLfast,pngtest,14,1624632143, 0, 1, 0.00
AFLfast,pngtest,14,1624632149, 0, 1, 0.00
AFLfast,pngtest,14,1624632154, 0, 1, 0.00
AFLfast,pngtest,14,1624632159, 0, 1, 0.00
AFLfast,pngtest,14,1624632164, 0, 1, 0.00
AFLfast,pngtest,14,1624632170, 0, 1, 0.00
AFLfast,pngtest,14,1624632175, 0, 1, 0.00
AFLfast,pngtest,14,1624632180, 0, 1, 0.00
AFLfast,pngtest,14,1624632185, 0, 1, 0.00
AFLfast,pngtest,14,1624632190, 0, 1, 0.00
AFLfast,pngtest,14,1624632195, 0, 1, 0.00
AFLfast,pngtest,14,1624632200, 0, 1, 0.00
AFLfast,pngtest,14,1624632206, 0, 1, 0.00
AFLfast,pngtest,14,1624632211, 0, 1, 0.00
AFLfast,pngtest,14,1624632216, 0, 1, 0.00
AFLfast,pngtest,14,1624632221, 0, 1, 0.00
AFLfast,pngtest,14,1624632226, 0, 1, 0.00
AFLfast,pngtest,14,1624632232, 0, 1, 0.00
AFLfast,pngtest,14,1624632237, 0, 1, 0.00
AFLfast,pngtest,14,1624632242, 0, 1, 0.00
AFLfast,pngtest,14,1624632247, 0, 1, 0.00
AFLfast,pngtest,14,1624632253, 0, 1, 0.00
AFLfast,pngtest,14,1624632258, 0, 1, 0.00
AFLfast,pngtest,14,1624632263, 0, 1, 0.00
AFLfast,pngtest,14,1624632268, 0, 1, 0.00
AFLfast,pngtest,14,1624632273, 0, 1, 0.00
AFLfast,pngtest,14,1624632278, 0, 1, 0.00
AFLfast,pngtest,14,1624632283, 0, 1, 0.00
AFLfast,pngtest,14,1624632288, 0, 1, 0.00
AFLfast,pngtest,14,1624632293, 0, 1, 0.00
AFLfast,pngtest,14,1624632298, 0, 1, 0.00
AFLfast,pngtest,14,1624632304, 0, 1, 0.00
AFLfast,pngtest,14,1624632309, 0, 1, 0.00
AFLfast,pngtest,14,1624632314, 0, 1, 0.00
AFLfast,pngtest,14,1624632319, 0, 1, 0.00
AFLfast,pngtest,14,1624632324, 0, 1, 0.00
AFLfast,pngtest,14,1624632329, 0, 1, 0.00
AFLfast,pngtest,14,1624632334, 0, 1, 0.00
AFLfast,pngtest,14,1624632340, 0, 1, 0.00
AFLfast,pngtest,14,1624632345, 0, 1, 0.00
AFLfast,pngtest,14,1624632350, 0, 1, 0.00
AFLfast,pngtest,14,1624632355, 0, 1, 0.00
AFLfast,pngtest,14,1624632360, 0, 1, 0.00
AFLfast,pngtest,14,1624632365, 0, 1, 0.00
AFLfast,pngtest,14,1624632370, 0, 1, 0.00
AFLfast,pngtest,14,1624632375, 0, 1, 0.00
AFLfast,pngtest,14,1624632381, 0, 1, 0.00
AFLfast,pngtest,14,1624632386, 0, 1, 0.00
AFLfast,pngtest,14,1624632391, 0, 1, 0.00
AFLfast,pngtest,14,1624632396, 0, 1, 0.00
AFLfast,pngtest,14,1624632401, 0, 1, 0.00
AFLfast,pngtest,14,1624632406, 0, 1, 0.00
AFLfast,pngtest,14,1624632411, 0, 1, 0.00
AFLfast,pngtest,14,1624632417, 0, 1, 0.00
AFLfast,pngtest,14,1624632422, 0, 1, 0.00
AFLfast,pngtest,14,1624632427, 0, 1, 0.00
AFLfast,pngtest,14,1624632432, 0, 1, 0.00
AFLfast,pngtest,14,1624632437, 0, 1, 0.00
AFLfast,pngtest,14,1624632443, 0, 1, 0.00
AFLfast,pngtest,14,1624632448, 0, 1, 0.00
AFLfast,pngtest,14,1624632453, 0, 1, 0.00
AFLfast,pngtest,14,1624632458, 0, 1, 0.00
AFLfast,pngtest,14,1624632463, 0, 1, 0.00
AFLfast,pngtest,14,1624632468, 0, 1, 0.00
AFLfast,pngtest,14,1624632473, 0, 1, 0.00
AFLfast,pngtest,14,1624632478, 0, 1, 0.00
AFLfast,pngtest,14,1624632484, 0, 1, 0.00
AFLfast,pngtest,14,1624632489, 0, 1, 0.00
AFLfast,pngtest,14,1624632494, 0, 1, 0.00
AFLfast,pngtest,14,1624632499, 0, 1, 0.00
AFLfast,pngtest,14,1624632505, 0, 1, 0.00
AFLfast,pngtest,14,1624632510, 0, 1, 0.00
AFLfast,pngtest,14,1624632515, 0, 1, 0.00
AFLfast,pngtest,14,1624632520, 0, 1, 0.00
AFLfast,pngtest,14,1624632525, 0, 1, 0.00
AFLfast,pngtest,14,1624632531, 0, 1, 0.00
AFLfast,pngtest,14,1624632536, 0, 1, 0.00
AFLfast,pngtest,14,1624632541, 0, 1, 0.00
AFLfast,pngtest,14,1624632546, 0, 1, 0.00
AFLfast,pngtest,14,1624632551, 0, 1, 0.00
AFLfast,pngtest,14,1624632556, 0, 1, 0.00
AFLfast,pngtest,14,1624632561, 0, 1, 0.00
AFLfast,pngtest,14,1624632567, 0, 1, 0.00
AFLfast,pngtest,14,1624632572, 0, 1, 0.00
AFLfast,pngtest,14,1624632577, 0, 1, 0.00
AFLfast,pngtest,14,1624632582, 0, 1, 0.00
AFLfast,pngtest,14,1624632587, 0, 1, 0.00
AFLfast,pngtest,14,1624632592, 0, 1, 0.00
AFLfast,pngtest,14,1624632597, 0, 1, 0.00
AFLfast,pngtest,14,1624632603, 0, 1, 0.00
AFLfast,pngtest,14,1624632608, 0, 1, 0.00
AFLfast,pngtest,14,1624632613, 0, 1, 0.00
AFLfast,pngtest,14,1624632618, 0, 1, 0.00
AFLfast,pngtest,14,1624632623, 0, 1, 0.00
AFLfast,pngtest,14,1624632628, 0, 1, 0.00
AFLfast,pngtest,14,1624632634, 0, 1, 0.00
AFLfast,pngtest,14,1624632639, 0, 1, 0.00
AFLfast,pngtest,14,1624632644, 0, 1, 0.00
AFLfast,pngtest,14,1624632649, 0, 1, 0.00
AFLfast,pngtest,14,1624632654, 0, 1, 0.00
AFLfast,pngtest,14,1624632659, 0, 1, 0.00
AFLfast,pngtest,14,1624632665, 0, 1, 0.00
AFLfast,pngtest,14,1624632670, 0, 1, 0.00
AFLfast,pngtest,14,1624632675, 0, 1, 0.00
AFLfast,pngtest,14,1624632680, 0, 1, 0.00
AFLfast,pngtest,14,1624632685, 0, 1, 0.00
AFLfast,pngtest,14,1624632690, 0, 1, 0.00
AFLfast,pngtest,14,1624632695, 0, 1, 0.00
AFLfast,pngtest,14,1624632701, 0, 1, 0.00
AFLfast,pngtest,14,1624632706, 0, 1, 0.00
AFLfast,pngtest,14,1624632711, 0, 1, 0.00
AFLfast,pngtest,14,1624632716, 0, 1, 0.00
AFLfast,pngtest,14,1624632721, 0, 1, 0.00
AFLfast,pngtest,14,1624632727, 0, 1, 0.00
AFLfast,pngtest,14,1624632732, 0, 1, 0.00
AFLfast,pngtest,14,1624632737, 0, 1, 0.00
AFLfast,pngtest,14,1624632742, 0, 1, 0.00
AFLfast,pngtest,14,1624632747, 0, 1, 0.00
AFLfast,pngtest,14,1624632752, 0, 1, 0.00
AFLfast,pngtest,14,1624632757, 0, 1, 0.00
AFLfast,pngtest,14,1624632762, 0, 1, 0.00
AFLfast,pngtest,14,1624632768, 0, 1, 0.00
AFLfast,pngtest,14,1624632773, 0, 1, 0.00
AFLfast,pngtest,14,1624632778, 0, 1, 0.00
AFLfast,pngtest,14,1624632783, 0, 1, 0.00
AFLfast,pngtest,14,1624632788, 0, 1, 0.00
AFLfast,pngtest,14,1624632793, 0, 1, 0.00
AFLfast,pngtest,14,1624632799, 0, 1, 0.00
AFLfast,pngtest,14,1624632804, 0, 1, 0.00
AFLfast,pngtest,14,1624632809, 0, 1, 0.00
AFLfast,pngtest,14,1624632814, 0, 1, 0.00
AFLfast,pngtest,14,1624632819, 0, 1, 0.00
AFLfast,pngtest,14,1624632824, 0, 1, 0.00
AFLfast,pngtest,14,1624632829, 0, 1, 0.00
AFLfast,pngtest,14,1624632835, 0, 1, 0.00
AFLfast,pngtest,14,1624632840, 0, 1, 0.00
AFLfast,pngtest,14,1624632845, 0, 1, 0.00
AFLfast,pngtest,14,1624632850, 0, 1, 0.00
AFLfast,pngtest,14,1624632855, 0, 1, 0.00
AFLfast,pngtest,14,1624632860, 0, 1, 0.00
AFLfast,pngtest,14,1624632865, 0, 1, 0.00
AFLfast,pngtest,14,1624632870, 0, 1, 0.00
AFLfast,pngtest,14,1624632876, 0, 1, 0.00
AFLfast,pngtest,14,1624632881, 0, 1, 0.00
AFLfast,pngtest,14,1624632886, 0, 1, 0.00
AFLfast,pngtest,14,1624632891, 0, 1, 0.00
AFLfast,pngtest,14,1624632896, 0, 1, 0.00
AFLfast,pngtest,14,1624632901, 0, 1, 0.00
AFLfast,pngtest,14,1624632906, 0, 1, 0.00
AFLfast,pngtest,14,1624632912, 0, 1, 0.00
AFLfast,pngtest,14,1624632917, 0, 1, 0.00
AFLfast,pngtest,14,1624632922, 0, 1, 0.00
AFLfast,pngtest,14,1624632927, 0, 1, 0.00
AFLfast,pngtest,14,1624632932, 0, 1, 0.00
AFLfast,pngtest,14,1624632938, 0, 1, 0.00
AFLfast,pngtest,14,1624632943, 0, 1, 0.00
AFLfast,pngtest,14,1624632948, 0, 1, 0.00
AFLfast,pngtest,14,1624632953, 0, 1, 0.00
AFLfast,pngtest,14,1624632958, 0, 1, 0.00
AFLfast,pngtest,14,1624632963, 0, 1, 0.00
AFLfast,pngtest,14,1624632969, 0, 1, 0.00
AFLfast,pngtest,14,1624632974, 0, 1, 0.00
AFLfast,pngtest,14,1624632979, 0, 1, 0.00
AFLfast,pngtest,14,1624632984, 0, 1, 0.00
AFLfast,pngtest,14,1624632989, 0, 1, 0.00
AFLfast,pngtest,14,1624632994, 0, 1, 0.00
AFLfast,pngtest,14,1624632999, 0, 1, 0.00
AFLfast,pngtest,14,1624633004, 0, 1, 0.00
AFLfast,pngtest,14,1624633010, 0, 1, 0.00
AFLfast,pngtest,14,1624633015, 0, 1, 0.00
AFLfast,pngtest,14,1624633020, 0, 1, 0.00
AFLfast,pngtest,14,1624633025, 0, 1, 0.00
AFLfast,pngtest,14,1624633030, 0, 1, 0.00
AFLfast,pngtest,14,1624633035, 0, 1, 0.00
AFLfast,pngtest,14,1624633041, 0, 1, 0.00
AFLfast,pngtest,14,1624633046, 0, 1, 0.00
AFLfast,pngtest,14,1624633051, 0, 1, 0.00
AFLfast,pngtest,14,1624633056, 0, 1, 0.00
AFLfast,pngtest,14,1624633061, 0, 1, 0.00
AFLfast,pngtest,14,1624633066, 0, 1, 0.00
AFLfast,pngtest,14,1624633071, 0, 1, 0.00
AFLfast,pngtest,14,1624633076, 0, 1, 0.00
AFLfast,pngtest,14,1624633082, 0, 1, 0.00
AFLfast,pngtest,14,1624633087, 0, 1, 0.00
AFLfast,pngtest,14,1624633092, 0, 1, 0.00
AFLfast,pngtest,14,1624633098, 0, 1, 0.00
AFLfast,pngtest,14,1624633103, 0, 1, 0.00
AFLfast,pngtest,14,1624633108, 0, 1, 0.00
AFLfast,pngtest,14,1624633113, 0, 1, 0.00
AFLfast,pngtest,14,1624633118, 0, 1, 0.00
AFLfast,pngtest,14,1624633123, 0, 1, 0.00
AFLfast,pngtest,14,1624633128, 0, 1, 0.00
AFLfast,pngtest,14,1624633134, 0, 1, 0.00
AFLfast,pngtest,14,1624633139, 0, 1, 0.00
AFLfast,pngtest,14,1624633144, 0, 1, 0.00
AFLfast,pngtest,14,1624633149, 0, 1, 0.00
AFLfast,pngtest,14,1624633154, 0, 1, 0.00
AFLfast,pngtest,14,1624633159, 0, 1, 0.00
AFLfast,pngtest,14,1624633164, 0, 1, 0.00
AFLfast,pngtest,14,1624633169, 0, 1, 0.00
AFLfast,pngtest,14,1624633175, 0, 1, 0.00
AFLfast,pngtest,14,1624633180, 0, 1, 0.00
AFLfast,pngtest,14,1624633185, 0, 1, 0.00
AFLfast,pngtest,14,1624633190, 0, 1, 0.00
AFLfast,pngtest,14,1624633195, 0, 1, 0.00
AFLfast,pngtest,14,1624633200, 0, 1, 0.00
AFLfast,pngtest,14,1624633206, 0, 1, 0.00
AFLfast,pngtest,14,1624633211, 0, 1, 0.00
AFLfast,pngtest,14,1624633216, 0, 1, 0.00
AFLfast,pngtest,14,1624633221, 0, 1, 0.00
AFLfast,pngtest,14,1624633226, 0, 1, 0.00
AFLfast,pngtest,14,1624633231, 0, 1, 0.00
AFLfast,pngtest,14,1624633236, 0, 1, 0.00
AFLfast,pngtest,14,1624633241, 0, 1, 0.00
AFLfast,pngtest,14,1624633247, 0, 1, 0.00
AFLfast,pngtest,14,1624633252, 0, 1, 0.00
AFLfast,pngtest,14,1624633257, 0, 1, 0.00
AFLfast,pngtest,14,1624633262, 0, 1, 0.00
AFLfast,pngtest,14,1624633267, 0, 1, 0.00
AFLfast,pngtest,14,1624633272, 0, 1, 0.00
AFLfast,pngtest,14,1624633278, 0, 1, 0.00
AFLfast,pngtest,14,1624633283, 0, 1, 0.00
AFLfast,pngtest,14,1624633288, 0, 1, 0.00
AFLfast,pngtest,14,1624633293, 0, 1, 0.00
AFLfast,pngtest,14,1624633298, 0, 1, 0.00
AFLfast,pngtest,14,1624633303, 0, 1, 0.00
AFLfast,pngtest,14,1624633309, 0, 1, 0.00
AFLfast,pngtest,14,1624633314, 0, 1, 0.00
AFLfast,pngtest,14,1624633319, 0, 1, 0.00
AFLfast,pngtest,14,1624633324, 0, 1, 0.00
AFLfast,pngtest,14,1624633329, 0, 1, 0.00
AFLfast,pngtest,14,1624633334, 0, 1, 0.00
AFLfast,pngtest,14,1624633340, 0, 1, 0.00
AFLfast,pngtest,14,1624633345, 0, 1, 0.00
AFLfast,pngtest,14,1624633350, 0, 1, 0.00
AFLfast,pngtest,14,1624633355, 0, 1, 0.00
AFLfast,pngtest,14,1624633360, 0, 1, 0.00
AFLfast,pngtest,14,1624633366, 0, 1, 0.00
AFLfast,pngtest,14,1624633371, 0, 1, 0.00
AFLfast,pngtest,14,1624633376, 0, 1, 0.00
AFLfast,pngtest,14,1624633381, 0, 1, 0.00
AFLfast,pngtest,14,1624633387, 0, 1, 0.00
AFLfast,pngtest,14,1624633392, 0, 1, 0.00
AFLfast,pngtest,14,1624633397, 0, 1, 0.00
AFLfast,pngtest,14,1624633402, 0, 1, 0.00
AFLfast,pngtest,14,1624633407, 0, 1, 0.00
AFLfast,pngtest,14,1624633412, 0, 1, 0.00
AFLfast,pngtest,14,1624633418, 0, 1, 0.00
AFLfast,pngtest,14,1624633423, 0, 1, 0.00
AFLfast,pngtest,14,1624633428, 0, 1, 0.00
AFLfast,pngtest,14,1624633433, 0, 1, 0.00
AFLfast,pngtest,14,1624633438, 0, 1, 0.00
AFLfast,pngtest,14,1624633443, 0, 1, 0.00
AFLfast,pngtest,14,1624633448, 0, 1, 0.00
AFLfast,pngtest,14,1624633454, 0, 1, 0.00
AFLfast,pngtest,14,1624633459, 0, 1, 0.00
AFLfast,pngtest,14,1624633464, 0, 1, 0.00
AFLfast,pngtest,14,1624633469, 0, 1, 0.00
AFLfast,pngtest,14,1624633474, 0, 1, 0.00
AFLfast,pngtest,14,1624633479, 0, 1, 0.00
AFLfast,pngtest,14,1624633484, 0, 1, 0.00
AFLfast,pngtest,14,1624633490, 0, 1, 0.00
AFLfast,pngtest,14,1624633495, 0, 1, 0.00
AFLfast,pngtest,14,1624633500, 0, 1, 0.00
AFLfast,pngtest,14,1624633505, 0, 1, 0.00
AFLfast,pngtest,14,1624633510, 0, 1, 0.00
AFLfast,pngtest,14,1624633515, 0, 1, 0.00
AFLfast,pngtest,14,1624633521, 0, 1, 0.00
AFLfast,pngtest,14,1624633526, 0, 1, 0.00
AFLfast,pngtest,14,1624633531, 0, 1, 0.00
AFLfast,pngtest,14,1624633536, 0, 1, 0.00
AFLfast,pngtest,14,1624633541, 0, 1, 0.00
AFLfast,pngtest,14,1624633546, 0, 1, 0.00
AFLfast,pngtest,14,1624633552, 0, 1, 0.00
AFLfast,pngtest,14,1624633557, 0, 1, 0.00
AFLfast,pngtest,14,1624633562, 0, 1, 0.00
AFLfast,pngtest,14,1624633567, 0, 1, 0.00
AFLfast,pngtest,14,1624633572, 0, 1, 0.00
AFLfast,pngtest,14,1624633577, 0, 1, 0.00
AFLfast,pngtest,14,1624633583, 0, 1, 0.00
AFLfast,pngtest,14,1624633588, 0, 1, 0.00
AFLfast,pngtest,14,1624633593, 0, 1, 0.00
AFLfast,pngtest,14,1624633598, 0, 1, 0.00
AFLfast,pngtest,14,1624633603, 0, 1, 0.00
AFLfast,pngtest,14,1624633609, 0, 1, 0.00
AFLfast,pngtest,14,1624633614, 0, 1, 0.00
AFLfast,pngtest,14,1624633619, 0, 1, 0.00
AFLfast,pngtest,14,1624633624, 0, 1, 0.00
AFLfast,pngtest,14,1624633629, 0, 1, 0.00
AFLfast,pngtest,14,1624633634, 0, 1, 0.00
AFLfast,pngtest,14,1624633639, 0, 1, 0.00
AFLfast,pngtest,14,1624633645, 0, 1, 0.00
AFLfast,pngtest,14,1624633650, 0, 1, 0.00
AFLfast,pngtest,14,1624633655, 0, 1, 0.00
AFLfast,pngtest,14,1624633660, 0, 1, 0.00
AFLfast,pngtest,14,1624633665, 0, 1, 0.00
AFLfast,pngtest,14,1624633670, 0, 1, 0.00
AFLfast,pngtest,14,1624633676, 0, 1, 0.00
AFLfast,pngtest,14,1624633681, 0, 1, 0.00
AFLfast,pngtest,14,1624633686, 0, 1, 0.00
AFLfast,pngtest,14,1624633691, 0, 1, 0.00
AFLfast,pngtest,14,1624633696, 0, 1, 0.00
AFLfast,pngtest,14,1624633702, 0, 1, 0.00
AFLfast,pngtest,14,1624633707, 0, 1, 0.00
AFLfast,pngtest,14,1624633712, 0, 1, 0.00
AFLfast,pngtest,14,1624633717, 0, 1, 0.00
AFLfast,pngtest,14,1624633722, 0, 1, 0.00
AFLfast,pngtest,14,1624633727, 0, 1, 0.00
AFLfast,pngtest,14,1624633732, 0, 1, 0.00
AFLfast,pngtest,14,1624633738, 0, 1, 0.00
AFLfast,pngtest,14,1624633743, 0, 1, 0.00
AFLfast,pngtest,14,1624633748, 0, 1, 0.00
AFLfast,pngtest,14,1624633753, 0, 1, 0.00
AFLfast,pngtest,14,1624633758, 0, 1, 0.00
AFLfast,pngtest,14,1624633764, 0, 1, 0.00
AFLfast,pngtest,14,1624633769, 0, 1, 0.00
AFLfast,pngtest,14,1624633774, 0, 1, 0.00
AFLfast,pngtest,14,1624633779, 0, 1, 0.00
AFLfast,pngtest,14,1624633784, 0, 1, 0.00
AFLfast,pngtest,14,1624633789, 0, 1, 0.00
AFLfast,pngtest,14,1624633794, 0, 1, 0.00
AFLfast,pngtest,14,1624633800, 0, 1, 0.00
AFLfast,pngtest,14,1624633805, 0, 1, 0.00
AFLfast,pngtest,14,1624633810, 0, 1, 0.00
AFLfast,pngtest,14,1624633815, 0, 1, 0.00
AFLfast,pngtest,14,1624633820, 0, 1, 0.00
AFLfast,pngtest,14,1624633825, 0, 1, 0.00
AFLfast,pngtest,14,1624633830, 0, 1, 0.00
AFLfast,pngtest,14,1624633835, 0, 1, 0.00
AFLfast,pngtest,14,1624633841, 0, 1, 0.00
AFLfast,pngtest,14,1624633846, 0, 1, 0.00
AFLfast,pngtest,14,1624633851, 0, 1, 0.00
AFLfast,pngtest,14,1624633856, 0, 1, 0.00
AFLfast,pngtest,14,1624633861, 0, 1, 0.00
AFLfast,pngtest,14,1624633866, 0, 1, 0.00
AFLfast,pngtest,14,1624633871, 0, 1, 0.00
AFLfast,pngtest,14,1624633877, 0, 1, 0.00
AFLfast,pngtest,14,1624633882, 0, 1, 0.00
AFLfast,pngtest,14,1624633887, 0, 1, 0.00
AFLfast,pngtest,14,1624633893, 0, 1, 0.00
AFLfast,pngtest,14,1624633898, 0, 1, 0.00
AFLfast,pngtest,14,1624633903, 0, 1, 0.00
AFLfast,pngtest,14,1624633908, 0, 1, 0.00
AFLfast,pngtest,14,1624633914, 0, 1, 0.00
AFLfast,pngtest,14,1624633919, 0, 1, 0.00
AFLfast,pngtest,14,1624633924, 0, 1, 0.00
AFLfast,pngtest,14,1624633929, 0, 1, 0.00
AFLfast,pngtest,14,1624633934, 0, 1, 0.00
AFLfast,pngtest,14,1624633939, 0, 1, 0.00
AFLfast,pngtest,14,1624633945, 0, 1, 0.00
AFLfast,pngtest,14,1624633950, 0, 1, 0.00
AFLfast,pngtest,14,1624633955, 0, 1, 0.00
AFLfast,pngtest,14,1624633960, 0, 1, 0.00
AFLfast,pngtest,14,1624633965, 0, 1, 0.00
AFLfast,pngtest,14,1624633970, 0, 1, 0.00
AFLfast,pngtest,14,1624633975, 0, 1, 0.00
AFLfast,pngtest,14,1624633980, 0, 1, 0.00
AFLfast,pngtest,14,1624633986, 0, 1, 0.00
AFLfast,pngtest,14,1624633991, 0, 1, 0.00
AFLfast,pngtest,14,1624633996, 0, 1, 0.00
AFLfast,pngtest,14,1624634001, 0, 1, 0.00
AFLfast,pngtest,14,1624634006, 0, 1, 0.00
AFLfast,pngtest,14,1624634011, 0, 1, 0.00
AFLfast,pngtest,14,1624634016, 0, 1, 0.00
AFLfast,pngtest,14,1624634022, 0, 1, 0.00
AFLfast,pngtest,14,1624634027, 0, 1, 0.00
AFLfast,pngtest,14,1624634032, 0, 1, 0.00
AFLfast,pngtest,14,1624634037, 0, 1, 0.00
AFLfast,pngtest,14,1624634042, 0, 1, 0.00
AFLfast,pngtest,14,1624634047, 0, 1, 0.00
AFLfast,pngtest,14,1624634052, 0, 1, 0.00
AFLfast,pngtest,14,1624634058, 0, 1, 0.00
AFLfast,pngtest,14,1624634063, 0, 1, 0.00
AFLfast,pngtest,14,1624634068, 0, 1, 0.00
AFLfast,pngtest,14,1624634073, 0, 1, 0.00
AFLfast,pngtest,14,1624634078, 0, 1, 0.00
AFLfast,pngtest,14,1624634083, 0, 1, 0.00
AFLfast,pngtest,14,1624634089, 0, 1, 0.00
AFLfast,pngtest,14,1624634094, 0, 1, 0.00
AFLfast,pngtest,14,1624634099, 0, 1, 0.00
AFLfast,pngtest,14,1624634104, 0, 1, 0.00
AFLfast,pngtest,14,1624634110, 0, 1, 0.00
AFLfast,pngtest,14,1624634115, 0, 1, 0.00
AFLfast,pngtest,14,1624634120, 0, 1, 0.00
AFLfast,pngtest,14,1624634125, 0, 1, 0.00
AFLfast,pngtest,14,1624634130, 0, 1, 0.00
AFLfast,pngtest,14,1624634135, 0, 1, 0.00
AFLfast,pngtest,14,1624634140, 0, 1, 0.00
AFLfast,pngtest,14,1624634146, 0, 1, 0.00
AFLfast,pngtest,14,1624634151, 0, 1, 0.00
AFLfast,pngtest,14,1624634156, 0, 1, 0.00
AFLfast,pngtest,14,1624634161, 0, 1, 0.00
AFLfast,pngtest,14,1624634166, 0, 1, 0.00
AFLfast,pngtest,14,1624634171, 0, 1, 0.00
AFLfast,pngtest,14,1624634177, 0, 1, 0.00
AFLfast,pngtest,14,1624634182, 0, 1, 0.00
AFLfast,pngtest,14,1624634187, 0, 1, 0.00
AFLfast,pngtest,14,1624634192, 0, 1, 0.00
AFLfast,pngtest,14,1624634198, 0, 1, 0.00
AFLfast,pngtest,14,1624634203, 0, 1, 0.00
AFLfast,pngtest,14,1624634208, 0, 1, 0.00
AFLfast,pngtest,14,1624634213, 0, 1, 0.00
AFLfast,pngtest,14,1624634218, 0, 1, 0.00
AFLfast,pngtest,14,1624634223, 0, 1, 0.00
AFLfast,pngtest,14,1624634229, 0, 1, 0.00
AFLfast,pngtest,14,1624634234, 0, 1, 0.00
AFLfast,pngtest,14,1624634239, 0, 1, 0.00
AFLfast,pngtest,14,1624634244, 0, 1, 0.00
AFLfast,pngtest,14,1624634249, 0, 1, 0.00
AFLfast,pngtest,14,1624634255, 0, 1, 0.00
AFLfast,pngtest,14,1624634260, 0, 1, 0.00
AFLfast,pngtest,14,1624634265, 0, 1, 0.00
AFLfast,pngtest,14,1624634270, 0, 1, 0.00
AFLfast,pngtest,14,1624634276, 0, 1, 0.00
AFLfast,pngtest,14,1624634281, 0, 1, 0.00
AFLfast,pngtest,14,1624634286, 0, 1, 0.00
AFLfast,pngtest,14,1624634291, 0, 1, 0.00
AFLfast,pngtest,14,1624634296, 0, 1, 0.00
AFLfast,pngtest,14,1624634302, 0, 1, 0.00
AFLfast,pngtest,14,1624634307, 0, 1, 0.00
AFLfast,pngtest,14,1624634312, 0, 1, 0.00
AFLfast,pngtest,14,1624634317, 0, 1, 0.00
AFLfast,pngtest,14,1624634322, 0, 1, 0.00
AFLfast,pngtest,14,1624634327, 0, 1, 0.00
AFLfast,pngtest,14,1624634332, 0, 1, 0.00
AFLfast,pngtest,14,1624634337, 0, 1, 0.00
AFLfast,pngtest,14,1624634343, 0, 1, 0.00
AFLfast,pngtest,14,1624634348, 0, 1, 0.00
AFLfast,pngtest,14,1624634353, 0, 1, 0.00
AFLfast,pngtest,14,1624634358, 0, 1, 0.00
AFLfast,pngtest,14,1624634363, 0, 1, 0.00
AFLfast,pngtest,14,1624634368, 0, 1, 0.00
AFLfast,pngtest,14,1624634374, 0, 1, 0.00
AFLfast,pngtest,14,1624634379, 0, 1, 0.00
AFLfast,pngtest,14,1624634384, 0, 1, 0.00
AFLfast,pngtest,14,1624634390, 0, 1, 0.00
AFLfast,pngtest,14,1624634395, 0, 1, 0.00
AFLfast,pngtest,14,1624634400, 0, 1, 0.00
AFLfast,pngtest,14,1624634405, 0, 1, 0.00
AFLfast,pngtest,14,1624634410, 0, 1, 0.00
AFLfast,pngtest,14,1624634415, 0, 1, 0.00
AFLfast,pngtest,14,1624634420, 0, 1, 0.00
AFLfast,pngtest,14,1624634426, 0, 1, 0.00
AFLfast,pngtest,14,1624634431, 0, 1, 0.00
AFLfast,pngtest,14,1624634436, 0, 1, 0.00
AFLfast,pngtest,14,1624634441, 0, 1, 0.00
AFLfast,pngtest,14,1624634447, 0, 1, 0.00
AFLfast,pngtest,14,1624634452, 0, 1, 0.00
AFLfast,pngtest,14,1624634457, 0, 1, 0.00
AFLfast,pngtest,14,1624634462, 0, 1, 0.00
AFLfast,pngtest,14,1624634467, 0, 1, 0.00
AFLfast,pngtest,14,1624634472, 0, 1, 0.00
AFLfast,pngtest,14,1624634478, 0, 1, 0.00
AFLfast,pngtest,14,1624634483, 0, 1, 0.00
AFLfast,pngtest,14,1624634488, 0, 1, 0.00
AFLfast,pngtest,14,1624634493, 0, 1, 0.00
AFLfast,pngtest,14,1624634499, 0, 1, 0.00
AFLfast,pngtest,14,1624634504, 0, 1, 0.00
AFLfast,pngtest,14,1624634509, 0, 1, 0.00
AFLfast,pngtest,14,1624634514, 0, 1, 0.00
AFLfast,pngtest,14,1624634519, 0, 1, 0.00
AFLfast,pngtest,14,1624634525, 0, 1, 0.00
AFLfast,pngtest,14,1624634530, 0, 1, 0.00
AFLfast,pngtest,14,1624634535, 0, 1, 0.00
AFLfast,pngtest,14,1624634540, 0, 1, 0.00
AFLfast,pngtest,14,1624634545, 0, 1, 0.00
AFLfast,pngtest,14,1624634550, 0, 1, 0.00
AFLfast,pngtest,14,1624634556, 0, 1, 0.00
AFLfast,pngtest,14,1624634561, 0, 1, 0.00
AFLfast,pngtest,14,1624634566, 0, 1, 0.00
AFLfast,pngtest,14,1624634571, 0, 1, 0.00
AFLfast,pngtest,14,1624634576, 0, 1, 0.00
AFLfast,pngtest,14,1624634582, 0, 1, 0.00
AFLfast,pngtest,14,1624634587, 0, 1, 0.00
AFLfast,pngtest,14,1624634592, 0, 1, 0.00
AFLfast,pngtest,14,1624634598, 0, 1, 0.00
AFLfast,pngtest,14,1624634603, 0, 1, 0.00
AFLfast,pngtest,14,1624634608, 0, 1, 0.00
AFLfast,pngtest,14,1624634613, 0, 1, 0.00
AFLfast,pngtest,14,1624634618, 0, 1, 0.00
AFLfast,pngtest,14,1624634624, 0, 1, 0.00
AFLfast,pngtest,14,1624634629, 0, 1, 0.00
AFLfast,pngtest,14,1624634634, 0, 1, 0.00
AFLfast,pngtest,14,1624634639, 0, 1, 0.00
AFLfast,pngtest,14,1624634644, 0, 1, 0.00
AFLfast,pngtest,14,1624634650, 0, 1, 0.00
AFLfast,pngtest,14,1624634655, 0, 1, 0.00
AFLfast,pngtest,14,1624634660, 0, 1, 0.00
AFLfast,pngtest,14,1624634665, 0, 1, 0.00
AFLfast,pngtest,14,1624634670, 0, 1, 0.00
AFLfast,pngtest,14,1624634675, 0, 1, 0.00
AFLfast,pngtest,14,1624634680, 0, 1, 0.00
AFLfast,pngtest,14,1624634685, 0, 1, 0.00
AFLfast,pngtest,14,1624634690, 0, 1, 0.00
AFLfast,pngtest,14,1624634696, 0, 1, 0.00
AFLfast,pngtest,14,1624634701, 0, 1, 0.00
AFLfast,pngtest,14,1624634706, 0, 1, 0.00
AFLfast,pngtest,14,1624634711, 0, 1, 0.00
AFLfast,pngtest,14,1624634716, 0, 1, 0.00
AFLfast,pngtest,14,1624634721, 0, 1, 0.00
AFLfast,pngtest,14,1624634726, 0, 1, 0.00
AFLfast,pngtest,14,1624634731, 0, 1, 0.00
AFLfast,pngtest,14,1624634736, 0, 1, 0.00
AFLfast,pngtest,14,1624634742, 0, 1, 0.00
AFLfast,pngtest,14,1624634747, 0, 1, 0.00
AFLfast,pngtest,14,1624634752, 0, 1, 0.00
AFLfast,pngtest,14,1624634757, 0, 1, 0.00
AFLfast,pngtest,14,1624634762, 0, 1, 0.00
AFLfast,pngtest,14,1624634768, 0, 1, 0.00
AFLfast,pngtest,14,1624634773, 0, 1, 0.00
AFLfast,pngtest,14,1624634778, 0, 1, 0.00
AFLfast,pngtest,14,1624634783, 0, 1, 0.00
AFLfast,pngtest,14,1624634788, 0, 1, 0.00
AFLfast,pngtest,14,1624634793, 0, 1, 0.00
AFLfast,pngtest,14,1624634798, 0, 1, 0.00
AFLfast,pngtest,14,1624634803, 0, 1, 0.00
AFLfast,pngtest,14,1624634809, 0, 1, 0.00
AFLfast,pngtest,14,1624634814, 0, 1, 0.00
AFLfast,pngtest,14,1624634819, 0, 1, 0.00
AFLfast,pngtest,14,1624634824, 0, 1, 0.00
AFLfast,pngtest,14,1624634829, 0, 1, 0.00
AFLfast,pngtest,14,1624634834, 0, 1, 0.00
AFLfast,pngtest,14,1624634839, 0, 1, 0.00
AFLfast,pngtest,14,1624634845, 0, 1, 0.00
AFLfast,pngtest,14,1624634850, 0, 1, 0.00
AFLfast,pngtest,14,1624634855, 0, 1, 0.00
AFLfast,pngtest,14,1624634860, 0, 1, 0.00
AFLfast,pngtest,14,1624634865, 0, 1, 0.00
AFLfast,pngtest,14,1624634870, 0, 1, 0.00
AFLfast,pngtest,14,1624634876, 0, 1, 0.00
AFLfast,pngtest,14,1624634881, 0, 1, 0.00
AFLfast,pngtest,14,1624634886, 0, 1, 0.00
AFLfast,pngtest,14,1624634891, 0, 1, 0.00
AFLfast,pngtest,14,1624634897, 0, 1, 0.00
AFLfast,pngtest,14,1624634902, 0, 1, 0.00
AFLfast,pngtest,14,1624634907, 0, 1, 0.00
AFLfast,pngtest,14,1624634912, 0, 1, 0.00
AFLfast,pngtest,14,1624634917, 0, 1, 0.00
AFLfast,pngtest,14,1624634922, 0, 1, 0.00
AFLfast,pngtest,14,1624634927, 0, 1, 0.00
AFLfast,pngtest,14,1624634932, 0, 1, 0.00
AFLfast,pngtest,14,1624634937, 0, 1, 0.00
AFLfast,pngtest,14,1624634943, 0, 1, 0.00
AFLfast,pngtest,14,1624634948, 0, 1, 0.00
AFLfast,pngtest,14,1624634953, 0, 1, 0.00
AFLfast,pngtest,14,1624634958, 0, 1, 0.00
AFLfast,pngtest,14,1624634964, 0, 1, 0.00
AFLfast,pngtest,14,1624634969, 0, 1, 0.00
AFLfast,pngtest,14,1624634974, 0, 1, 0.00
AFLfast,pngtest,14,1624634979, 0, 1, 0.00
AFLfast,pngtest,14,1624634984, 0, 1, 0.00
AFLfast,pngtest,14,1624634989, 0, 1, 0.00
AFLfast,pngtest,14,1624634994, 0, 1, 0.00
AFLfast,pngtest,14,1624634999, 0, 1, 0.00
AFLfast,pngtest,14,1624635005, 0, 1, 0.00
AFLfast,pngtest,14,1624635010, 0, 1, 0.00
AFLfast,pngtest,14,1624635015, 0, 1, 0.00
AFLfast,pngtest,14,1624635020, 0, 1, 0.00
AFLfast,pngtest,14,1624635025, 0, 1, 0.00
AFLfast,pngtest,14,1624635031, 0, 1, 0.00
AFLfast,pngtest,14,1624635036, 0, 1, 0.00
AFLfast,pngtest,14,1624635041, 0, 1, 0.00
AFLfast,pngtest,14,1624635046, 0, 1, 0.00
AFLfast,pngtest,14,1624635051, 0, 1, 0.00
AFLfast,pngtest,14,1624635056, 0, 1, 0.00
AFLfast,pngtest,14,1624635062, 0, 1, 0.00
AFLfast,pngtest,14,1624635067, 0, 1, 0.00
AFLfast,pngtest,14,1624635072, 0, 1, 0.00
AFLfast,pngtest,14,1624635077, 0, 1, 0.00
AFLfast,pngtest,14,1624635082, 0, 1, 0.00
AFLfast,pngtest,14,1624635088, 0, 1, 0.00
AFLfast,pngtest,14,1624635093, 0, 1, 0.00
AFLfast,pngtest,14,1624635098, 0, 1, 0.00
AFLfast,pngtest,14,1624635103, 0, 1, 0.00
AFLfast,pngtest,14,1624635108, 0, 1, 0.00
AFLfast,pngtest,14,1624635113, 0, 1, 0.00
AFLfast,pngtest,14,1624635119, 0, 1, 0.00
AFLfast,pngtest,14,1624635124, 0, 1, 0.00
AFLfast,pngtest,14,1624635129, 0, 1, 0.00
AFLfast,pngtest,14,1624635134, 0, 1, 0.00
AFLfast,pngtest,14,1624635139, 0, 1, 0.00
AFLfast,pngtest,14,1624635144, 0, 1, 0.00
AFLfast,pngtest,14,1624635149, 0, 1, 0.00
AFLfast,pngtest,14,1624635154, 0, 1, 0.00
AFLfast,pngtest,14,1624635159, 0, 1, 0.00
AFLfast,pngtest,14,1624635165, 0, 1, 0.00
AFLfast,pngtest,14,1624635170, 0, 1, 0.00
AFLfast,pngtest,14,1624635175, 0, 1, 0.00
AFLfast,pngtest,14,1624635180, 0, 1, 0.00
AFLfast,pngtest,14,1624635185, 0, 1, 0.00
AFLfast,pngtest,14,1624635191, 0, 1, 0.00
AFLfast,pngtest,14,1624635196, 0, 1, 0.00
AFLfast,pngtest,14,1624635201, 0, 1, 0.00
AFLfast,pngtest,14,1624635206, 0, 1, 0.00
AFLfast,pngtest,14,1624635211, 0, 1, 0.00
AFLfast,pngtest,14,1624635217, 0, 1, 0.00
AFLfast,pngtest,14,1624635222, 0, 1, 0.00
AFLfast,pngtest,14,1624635227, 0, 1, 0.00
AFLfast,pngtest,14,1624635232, 0, 1, 0.00
AFLfast,pngtest,14,1624635237, 0, 1, 0.00
AFLfast,pngtest,14,1624635242, 0, 1, 0.00
AFLfast,pngtest,14,1624635247, 0, 1, 0.00
AFLfast,pngtest,14,1624635253, 0, 1, 0.00
AFLfast,pngtest,14,1624635258, 0, 1, 0.00
AFLfast,pngtest,14,1624635263, 0, 1, 0.00
AFLfast,pngtest,14,1624635268, 0, 1, 0.00
AFLfast,pngtest,14,1624635273, 0, 1, 0.00
AFLfast,pngtest,14,1624635279, 0, 1, 0.00
AFLfast,pngtest,14,1624635284, 0, 1, 0.00
AFLfast,pngtest,14,1624635289, 0, 1, 0.00
AFLfast,pngtest,14,1624635294, 0, 1, 0.00
AFLfast,pngtest,14,1624635299, 0, 1, 0.00
AFLfast,pngtest,14,1624635304, 0, 1, 0.00
AFLfast,pngtest,14,1624635310, 0, 1, 0.00
AFLfast,pngtest,14,1624635315, 0, 1, 0.00
AFLfast,pngtest,14,1624635320, 0, 1, 0.00
AFLfast,pngtest,14,1624635325, 0, 1, 0.00
AFLfast,pngtest,14,1624635330, 0, 1, 0.00
AFLfast,pngtest,14,1624635336, 0, 1, 0.00
AFLfast,pngtest,14,1624635341, 0, 1, 0.00
AFLfast,pngtest,14,1624635346, 0, 1, 0.00
AFLfast,pngtest,14,1624635351, 0, 1, 0.00
AFLfast,pngtest,14,1624635356, 0, 1, 0.00
AFLfast,pngtest,14,1624635361, 0, 1, 0.00
AFLfast,pngtest,14,1624635366, 0, 1, 0.00
AFLfast,pngtest,14,1624635372, 0, 1, 0.00
AFLfast,pngtest,14,1624635377, 0, 1, 0.00
AFLfast,pngtest,14,1624635382, 0, 1, 0.00
AFLfast,pngtest,14,1624635387, 0, 1, 0.00
AFLfast,pngtest,14,1624635392, 0, 1, 0.00
AFLfast,pngtest,14,1624635397, 0, 1, 0.00
AFLfast,pngtest,14,1624635402, 0, 1, 0.00
AFLfast,pngtest,14,1624635407, 0, 1, 0.00
AFLfast,pngtest,14,1624635413, 0, 1, 0.00
AFLfast,pngtest,14,1624635418, 0, 1, 0.00
AFLfast,pngtest,14,1624635423, 0, 1, 0.00
AFLfast,pngtest,14,1624635428, 0, 1, 0.00
AFLfast,pngtest,14,1624635433, 0, 1, 0.00
AFLfast,pngtest,14,1624635438, 0, 1, 0.00
AFLfast,pngtest,14,1624635443, 0, 1, 0.00
AFLfast,pngtest,14,1624635448, 0, 1, 0.00
AFLfast,pngtest,14,1624635454, 0, 1, 0.00
AFLfast,pngtest,14,1624635459, 0, 1, 0.00
AFLfast,pngtest,14,1624635464, 0, 1, 0.00
AFLfast,pngtest,14,1624635469, 0, 1, 0.00
AFLfast,pngtest,14,1624635474, 0, 1, 0.00
AFLfast,pngtest,14,1624635479, 0, 1, 0.00
AFLfast,pngtest,14,1624635484, 0, 1, 0.00
AFLfast,pngtest,14,1624635490, 0, 1, 0.00
AFLfast,pngtest,14,1624635495, 0, 1, 0.00
AFLfast,pngtest,14,1624635500, 0, 1, 0.00
AFLfast,pngtest,14,1624635505, 0, 1, 0.00
AFLfast,pngtest,14,1624635510, 0, 1, 0.00
AFLfast,pngtest,14,1624635515, 0, 1, 0.00
AFLfast,pngtest,14,1624635520, 0, 1, 0.00
AFLfast,pngtest,14,1624635526, 0, 1, 0.00
AFLfast,pngtest,14,1624635531, 0, 1, 0.00
AFLfast,pngtest,14,1624635536, 0, 1, 0.00
AFLfast,pngtest,14,1624635541, 0, 1, 0.00
AFLfast,pngtest,14,1624635546, 0, 1, 0.00
AFLfast,pngtest,14,1624635552, 0, 1, 0.00
AFLfast,pngtest,14,1624635557, 0, 1, 0.00
AFLfast,pngtest,14,1624635562, 0, 1, 0.00
AFLfast,pngtest,14,1624635567, 0, 1, 0.00
AFLfast,pngtest,14,1624635572, 0, 1, 0.00
AFLfast,pngtest,14,1624635577, 0, 1, 0.00
AFLfast,pngtest,14,1624635582, 0, 1, 0.00
AFLfast,pngtest,14,1624635588, 0, 1, 0.00
AFLfast,pngtest,14,1624635593, 0, 1, 0.00
AFLfast,pngtest,14,1624635598, 0, 1, 0.00
AFLfast,pngtest,14,1624635603, 0, 1, 0.00
AFLfast,pngtest,14,1624635608, 0, 1, 0.00
AFLfast,pngtest,14,1624635613, 0, 1, 0.00
AFLfast,pngtest,14,1624635618, 0, 1, 0.00
AFLfast,pngtest,14,1624635624, 0, 1, 0.00
AFLfast,pngtest,14,1624635629, 0, 1, 0.00
AFLfast,pngtest,14,1624635634, 0, 1, 0.00
AFLfast,pngtest,14,1624635640, 0, 1, 0.00
AFLfast,pngtest,14,1624635645, 0, 1, 0.00
AFLfast,pngtest,14,1624635650, 0, 1, 0.00
AFLfast,pngtest,14,1624635655, 0, 1, 0.00
AFLfast,pngtest,14,1624635660, 0, 1, 0.00
AFLfast,pngtest,14,1624635665, 0, 1, 0.00
AFLfast,pngtest,14,1624635670, 0, 1, 0.00
AFLfast,pngtest,14,1624635675, 0, 1, 0.00
AFLfast,pngtest,14,1624635680, 0, 1, 0.00
AFLfast,pngtest,14,1624635686, 0, 1, 0.00
AFLfast,pngtest,14,1624635691, 0, 1, 0.00
AFLfast,pngtest,14,1624635696, 0, 1, 0.00
AFLfast,pngtest,14,1624635701, 0, 1, 0.00
AFLfast,pngtest,14,1624635706, 0, 1, 0.00
AFLfast,pngtest,14,1624635711, 0, 1, 0.00
AFLfast,pngtest,14,1624635717, 0, 1, 0.00
AFLfast,pngtest,14,1624635722, 0, 1, 0.00
AFLfast,pngtest,14,1624635727, 0, 1, 0.00
AFLfast,pngtest,14,1624635732, 0, 1, 0.00
AFLfast,pngtest,14,1624635738, 0, 1, 0.00
AFLfast,pngtest,14,1624635743, 0, 1, 0.00
AFLfast,pngtest,14,1624635748, 0, 1, 0.00
AFLfast,pngtest,14,1624635753, 0, 1, 0.00
AFLfast,pngtest,14,1624635758, 0, 1, 0.00
AFLfast,pngtest,14,1624635763, 0, 1, 0.00
AFLfast,pngtest,14,1624635769, 0, 1, 0.00
AFLfast,pngtest,14,1624635774, 0, 1, 0.00
AFLfast,pngtest,14,1624635779, 0, 1, 0.00
AFLfast,pngtest,14,1624635784, 0, 1, 0.00
AFLfast,pngtest,14,1624635789, 0, 1, 0.00
AFLfast,pngtest,14,1624635795, 0, 1, 0.00
AFLfast,pngtest,14,1624635800, 0, 1, 0.00
AFLfast,pngtest,14,1624635805, 0, 1, 0.00
AFLfast,pngtest,14,1624635810, 0, 1, 0.00
AFLfast,pngtest,14,1624635815, 0, 1, 0.00
AFLfast,pngtest,14,1624635821, 0, 1, 0.00
AFLfast,pngtest,14,1624635826, 0, 1, 0.00
AFLfast,pngtest,14,1624635831, 0, 1, 0.00
AFLfast,pngtest,14,1624635836, 0, 1, 0.00
AFLfast,pngtest,14,1624635841, 0, 1, 0.00
AFLfast,pngtest,14,1624635846, 0, 1, 0.00
AFLfast,pngtest,14,1624635852, 0, 1, 0.00
AFLfast,pngtest,14,1624635857, 0, 1, 0.00
AFLfast,pngtest,14,1624635862, 0, 1, 0.00
AFLfast,pngtest,14,1624635867, 0, 1, 0.00
AFLfast,pngtest,14,1624635873, 0, 1, 0.00
AFLfast,pngtest,14,1624635878, 0, 1, 0.00
AFLfast,pngtest,14,1624635883, 0, 1, 0.00
AFLfast,pngtest,14,1624635888, 0, 1, 0.00
AFLfast,pngtest,14,1624635893, 0, 1, 0.00
AFLfast,pngtest,14,1624635898, 0, 1, 0.00
AFLfast,pngtest,14,1624635903, 0, 1, 0.00
AFLfast,pngtest,14,1624635909, 0, 1, 0.00
AFLfast,pngtest,14,1624635914, 0, 1, 0.00
AFLfast,pngtest,14,1624635919, 0, 1, 0.00
AFLfast,pngtest,14,1624635924, 0, 1, 0.00
AFLfast,pngtest,14,1624635929, 0, 1, 0.00
AFLfast,pngtest,14,1624635934, 0, 1, 0.00
AFLfast,pngtest,14,1624635940, 0, 1, 0.00
AFLfast,pngtest,14,1624635945, 0, 1, 0.00
AFLfast,pngtest,14,1624635950, 0, 1, 0.00
AFLfast,pngtest,14,1624635955, 0, 1, 0.00
AFLfast,pngtest,14,1624635960, 0, 1, 0.00
AFLfast,pngtest,14,1624635966, 0, 1, 0.00
AFLfast,pngtest,14,1624635971, 0, 1, 0.00
AFLfast,pngtest,14,1624635976, 0, 1, 0.00
AFLfast,pngtest,14,1624635981, 0, 1, 0.00
AFLfast,pngtest,14,1624635986, 0, 1, 0.00
AFLfast,pngtest,14,1624635991, 0, 1, 0.00
AFLfast,pngtest,14,1624635997, 0, 1, 0.00
AFLfast,pngtest,14,1624636002, 0, 1, 0.00
AFLfast,pngtest,14,1624636007, 0, 1, 0.00
AFLfast,pngtest,14,1624636012, 0, 1, 0.00
AFLfast,pngtest,14,1624636017, 0, 1, 0.00
AFLfast,pngtest,14,1624636023, 0, 1, 0.00
AFLfast,pngtest,14,1624636028, 0, 1, 0.00
AFLfast,pngtest,14,1624636033, 0, 1, 0.00
AFLfast,pngtest,14,1624636038, 0, 1, 0.00
AFLfast,pngtest,14,1624636043, 0, 1, 0.00
AFLfast,pngtest,14,1624636048, 0, 1, 0.00
AFLfast,pngtest,14,1624636053, 0, 1, 0.00
AFLfast,pngtest,14,1624636058, 0, 1, 0.00
AFLfast,pngtest,14,1624636064, 0, 1, 0.00
AFLfast,pngtest,14,1624636069, 0, 1, 0.00
AFLfast,pngtest,14,1624636074, 0, 1, 0.00
AFLfast,pngtest,14,1624636079, 0, 1, 0.00
AFLfast,pngtest,14,1624636084, 0, 1, 0.00
AFLfast,pngtest,14,1624636089, 0, 1, 0.00
AFLfast,pngtest,14,1624636094, 0, 1, 0.00
AFLfast,pngtest,14,1624636100, 0, 1, 0.00
AFLfast,pngtest,14,1624636105, 0, 1, 0.00
AFLfast,pngtest,14,1624636110, 0, 1, 0.00
AFLfast,pngtest,14,1624636115, 0, 1, 0.00
AFLfast,pngtest,14,1624636120, 0, 1, 0.00
AFLfast,pngtest,14,1624636125, 0, 1, 0.00
AFLfast,pngtest,14,1624636130, 0, 1, 0.00
AFLfast,pngtest,14,1624636135, 0, 1, 0.00
AFLfast,pngtest,14,1624636141, 0, 1, 0.00
AFLfast,pngtest,14,1624636146, 0, 1, 0.00
AFLfast,pngtest,14,1624636151, 0, 1, 0.00
AFLfast,pngtest,14,1624636156, 0, 1, 0.00
AFLfast,pngtest,14,1624636161, 0, 1, 0.00
AFLfast,pngtest,14,1624636167, 0, 1, 0.00
AFLfast,pngtest,14,1624636172, 0, 1, 0.00
AFLfast,pngtest,14,1624636177, 0, 1, 0.00
AFLfast,pngtest,14,1624636183, 0, 1, 0.00
AFLfast,pngtest,14,1624636188, 0, 1, 0.00
AFLfast,pngtest,14,1624636193, 0, 1, 0.00
AFLfast,pngtest,14,1624636198, 0, 1, 0.00
AFLfast,pngtest,14,1624636203, 0, 1, 0.00
AFLfast,pngtest,14,1624636208, 0, 1, 0.00
AFLfast,pngtest,14,1624636214, 0, 1, 0.00
AFLfast,pngtest,14,1624636219, 0, 1, 0.00
AFLfast,pngtest,14,1624636224, 0, 1, 0.00
AFLfast,pngtest,14,1624636229, 0, 1, 0.00
AFLfast,pngtest,14,1624636234, 0, 1, 0.00
AFLfast,pngtest,14,1624636239, 0, 1, 0.00
AFLfast,pngtest,14,1624636245, 0, 1, 0.00
AFLfast,pngtest,14,1624636250, 0, 1, 0.00
AFLfast,pngtest,14,1624636255, 0, 1, 0.00
AFLfast,pngtest,14,1624636260, 0, 1, 0.00
AFLfast,pngtest,14,1624636265, 0, 1, 0.00
AFLfast,pngtest,14,1624636271, 0, 1, 0.00
AFLfast,pngtest,14,1624636276, 0, 1, 0.00
AFLfast,pngtest,14,1624636281, 0, 1, 0.00
AFLfast,pngtest,14,1624636286, 0, 1, 0.00
AFLfast,pngtest,14,1624636291, 0, 1, 0.00
AFLfast,pngtest,14,1624636296, 0, 1, 0.00
AFLfast,pngtest,14,1624636301, 0, 1, 0.00
AFLfast,pngtest,14,1624636306, 0, 1, 0.00
AFLfast,pngtest,14,1624636312, 0, 1, 0.00
AFLfast,pngtest,14,1624636317, 0, 1, 0.00
AFLfast,pngtest,14,1624636322, 0, 1, 0.00
AFLfast,pngtest,14,1624636327, 0, 1, 0.00
AFLfast,pngtest,14,1624636332, 0, 1, 0.00
AFLfast,pngtest,14,1624636338, 0, 1, 0.00
AFLfast,pngtest,14,1624636343, 0, 1, 0.00
AFLfast,pngtest,14,1624636348, 0, 1, 0.00
AFLfast,pngtest,14,1624636353, 0, 1, 0.00
AFLfast,pngtest,14,1624636358, 0, 1, 0.00
AFLfast,pngtest,14,1624636363, 0, 1, 0.00
AFLfast,pngtest,14,1624636368, 0, 1, 0.00
AFLfast,pngtest,14,1624636374, 0, 1, 0.00
AFLfast,pngtest,14,1624636379, 0, 1, 0.00
AFLfast,pngtest,14,1624636384, 0, 1, 0.00
AFLfast,pngtest,14,1624636389, 0, 1, 0.00
AFLfast,pngtest,14,1624636394, 0, 1, 0.00
AFLfast,pngtest,14,1624636399, 0, 1, 0.00
AFLfast,pngtest,14,1624636405, 0, 1, 0.00
AFLfast,pngtest,14,1624636410, 0, 1, 0.00
AFLfast,pngtest,14,1624636415, 0, 1, 0.00
AFLfast,pngtest,14,1624636420, 0, 1, 0.00
AFLfast,pngtest,14,1624636425, 0, 1, 0.00
AFLfast,pngtest,14,1624636430, 0, 1, 0.00
AFLfast,pngtest,14,1624636435, 0, 1, 0.00
AFLfast,pngtest,14,1624636441, 0, 1, 0.00
AFLfast,pngtest,14,1624636446, 0, 1, 0.00
AFLfast,pngtest,14,1624636451, 0, 1, 0.00
AFLfast,pngtest,14,1624636456, 0, 1, 0.00
AFLfast,pngtest,14,1624636461, 0, 1, 0.00
AFLfast,pngtest,14,1624636466, 0, 1, 0.00
AFLfast,pngtest,14,1624636471, 0, 1, 0.00
AFLfast,pngtest,14,1624636477, 0, 1, 0.00
AFLfast,pngtest,14,1624636482, 0, 1, 0.00
AFLfast,pngtest,14,1624636487, 0, 1, 0.00
AFLfast,pngtest,14,1624636492, 0, 1, 0.00
AFLfast,pngtest,14,1624636497, 0, 1, 0.00
AFLfast,pngtest,14,1624636503, 0, 1, 0.00
AFLfast,pngtest,14,1624636508, 0, 1, 0.00
AFLfast,pngtest,14,1624636513, 0, 1, 0.00
AFLfast,pngtest,14,1624636518, 0, 1, 0.00
AFLfast,pngtest,14,1624636523, 0, 1, 0.00
AFLfast,pngtest,14,1624636529, 0, 1, 0.00
AFLfast,pngtest,14,1624636534, 0, 1, 0.00
AFLfast,pngtest,14,1624636539, 0, 1, 0.00
AFLfast,pngtest,14,1624636544, 0, 1, 0.00
AFLfast,pngtest,14,1624636549, 0, 1, 0.00
AFLfast,pngtest,14,1624636554, 0, 1, 0.00
AFLfast,pngtest,14,1624636559, 0, 1, 0.00
AFLfast,pngtest,14,1624636564, 0, 1, 0.00
AFLfast,pngtest,14,1624636570, 0, 1, 0.00
AFLfast,pngtest,14,1624636575, 0, 1, 0.00
AFLfast,pngtest,14,1624636580, 0, 1, 0.00
AFLfast,pngtest,14,1624636585, 0, 1, 0.00
AFLfast,pngtest,14,1624636590, 0, 1, 0.00
AFLfast,pngtest,14,1624636596, 0, 1, 0.00
AFLfast,pngtest,14,1624636601, 0, 1, 0.00
AFLfast,pngtest,14,1624636606, 0, 1, 0.00
AFLfast,pngtest,14,1624636611, 0, 1, 0.00
AFLfast,pngtest,14,1624636616, 0, 1, 0.00
AFLfast,pngtest,14,1624636621, 0, 1, 0.00
AFLfast,pngtest,14,1624636627, 0, 1, 0.00
AFLfast,pngtest,14,1624636632, 0, 1, 0.00
AFLfast,pngtest,14,1624636637, 0, 1, 0.00
AFLfast,pngtest,14,1624636642, 0, 1, 0.00
AFLfast,pngtest,14,1624636647, 0, 1, 0.00
AFLfast,pngtest,14,1624636652, 0, 1, 0.00
AFLfast,pngtest,14,1624636657, 0, 1, 0.00
AFLfast,pngtest,14,1624636662, 0, 1, 0.00
AFLfast,pngtest,14,1624636668, 0, 1, 0.00
AFLfast,pngtest,14,1624636673, 0, 1, 0.00
AFLfast,pngtest,14,1624636678, 0, 1, 0.00
AFLfast,pngtest,14,1624636683, 0, 1, 0.00
AFLfast,pngtest,14,1624636688, 0, 1, 0.00
AFLfast,pngtest,14,1624636693, 0, 1, 0.00
AFLfast,pngtest,14,1624636698, 0, 1, 0.00
AFLfast,pngtest,14,1624636704, 0, 1, 0.00
AFLfast,pngtest,14,1624636709, 0, 1, 0.00
AFLfast,pngtest,14,1624636714, 0, 1, 0.00
AFLfast,pngtest,14,1624636719, 0, 1, 0.00
AFLfast,pngtest,14,1624636724, 0, 1, 0.00
AFLfast,pngtest,14,1624636729, 0, 1, 0.00
AFLfast,pngtest,14,1624636735, 0, 1, 0.00
AFLfast,pngtest,14,1624636740, 0, 1, 0.00
AFLfast,pngtest,14,1624636745, 0, 1, 0.00
AFLfast,pngtest,14,1624636750, 0, 1, 0.00
AFLfast,pngtest,14,1624636755, 0, 1, 0.00
AFLfast,pngtest,14,1624636760, 0, 1, 0.00
AFLfast,pngtest,14,1624636766, 0, 1, 0.00
AFLfast,pngtest,14,1624636771, 0, 1, 0.00
AFLfast,pngtest,14,1624636776, 0, 1, 0.00
AFLfast,pngtest,14,1624636781, 0, 1, 0.00
AFLfast,pngtest,14,1624636786, 0, 1, 0.00
AFLfast,pngtest,14,1624636792, 0, 1, 0.00
AFLfast,pngtest,14,1624636797, 0, 1, 0.00
AFLfast,pngtest,14,1624636802, 0, 1, 0.00
AFLfast,pngtest,14,1624636807, 0, 1, 0.00
AFLfast,pngtest,14,1624636812, 0, 1, 0.00
AFLfast,pngtest,14,1624636817, 0, 1, 0.00
AFLfast,pngtest,14,1624636823, 0, 1, 0.00
AFLfast,pngtest,14,1624636828, 0, 1, 0.00
AFLfast,pngtest,14,1624636833, 0, 1, 0.00
AFLfast,pngtest,14,1624636838, 0, 1, 0.00
AFLfast,pngtest,14,1624636843, 0, 1, 0.00
AFLfast,pngtest,14,1624636848, 0, 1, 0.00
AFLfast,pngtest,14,1624636853, 0, 1, 0.00
AFLfast,pngtest,14,1624636858, 0, 1, 0.00
AFLfast,pngtest,14,1624636864, 0, 1, 0.00
AFLfast,pngtest,14,1624636869, 0, 1, 0.00
AFLfast,pngtest,14,1624636874, 0, 1, 0.00
AFLfast,pngtest,14,1624636879, 0, 1, 0.00
AFLfast,pngtest,14,1624636884, 0, 1, 0.00
AFLfast,pngtest,14,1624636890, 0, 1, 0.00
AFLfast,pngtest,14,1624636895, 0, 1, 0.00
AFLfast,pngtest,14,1624636900, 0, 1, 0.00
AFLfast,pngtest,14,1624636905, 0, 1, 0.00
AFLfast,pngtest,14,1624636911, 0, 1, 0.00
AFLfast,pngtest,14,1624636916, 0, 1, 0.00
AFLfast,pngtest,14,1624636921, 0, 1, 0.00
AFLfast,pngtest,14,1624636926, 0, 1, 0.00
AFLfast,pngtest,14,1624636931, 0, 1, 0.00
AFLfast,pngtest,14,1624636936, 0, 1, 0.00
AFLfast,pngtest,14,1624636941, 0, 1, 0.00
AFLfast,pngtest,14,1624636946, 0, 1, 0.00
AFLfast,pngtest,14,1624636952, 0, 1, 0.00
AFLfast,pngtest,14,1624636957, 0, 1, 0.00
AFLfast,pngtest,14,1624636962, 0, 1, 0.00
AFLfast,pngtest,14,1624636967, 0, 1, 0.00
AFLfast,pngtest,14,1624636973, 0, 1, 0.00
AFLfast,pngtest,14,1624636978, 0, 1, 0.00
AFLfast,pngtest,14,1624636983, 0, 1, 0.00
AFLfast,pngtest,14,1624636988, 0, 1, 0.00
AFLfast,pngtest,14,1624636993, 0, 1, 0.00
AFLfast,pngtest,14,1624636998, 0, 1, 0.00
AFLfast,pngtest,14,1624637004, 0, 1, 0.00
AFLfast,pngtest,14,1624637009, 0, 1, 0.00
AFLfast,pngtest,14,1624637014, 0, 1, 0.00
AFLfast,pngtest,14,1624637019, 0, 1, 0.00
AFLfast,pngtest,14,1624637025, 0, 1, 0.00
AFLfast,pngtest,14,1624637030, 0, 1, 0.00
AFLfast,pngtest,14,1624637035, 0, 1, 0.00
AFLfast,pngtest,14,1624637040, 0, 1, 0.00
AFLfast,pngtest,14,1624637046, 0, 1, 0.00
AFLfast,pngtest,14,1624637051, 0, 1, 0.00
AFLfast,pngtest,14,1624637056, 0, 1, 0.00
AFLfast,pngtest,14,1624637061, 0, 1, 0.00
AFLfast,pngtest,14,1624637066, 0, 1, 0.00
AFLfast,pngtest,14,1624637071, 0, 1, 0.00
AFLfast,pngtest,14,1624637076, 0, 1, 0.00
AFLfast,pngtest,14,1624637081, 0, 1, 0.00
AFLfast,pngtest,14,1624637087, 0, 1, 0.00
AFLfast,pngtest,14,1624637092, 0, 1, 0.00
AFLfast,pngtest,14,1624637097, 0, 1, 0.00
AFLfast,pngtest,14,1624637102, 0, 1, 0.00
AFLfast,pngtest,14,1624637108, 0, 1, 0.00
AFLfast,pngtest,14,1624637113, 0, 1, 0.00
AFLfast,pngtest,14,1624637118, 0, 1, 0.00
AFLfast,pngtest,14,1624637123, 0, 1, 0.00
AFLfast,pngtest,14,1624637128, 0, 1, 0.00
AFLfast,pngtest,14,1624637133, 0, 1, 0.00
AFLfast,pngtest,14,1624637139, 0, 1, 0.00
AFLfast,pngtest,14,1624637144, 0, 1, 0.00
AFLfast,pngtest,14,1624637149, 0, 1, 0.00
AFLfast,pngtest,14,1624637154, 0, 1, 0.00
AFLfast,pngtest,14,1624637159, 0, 1, 0.00
AFLfast,pngtest,14,1624637164, 0, 1, 0.00
AFLfast,pngtest,14,1624637169, 0, 1, 0.00
AFLfast,pngtest,14,1624637175, 0, 1, 0.00
AFLfast,pngtest,14,1624637180, 0, 1, 0.00
AFLfast,pngtest,14,1624637185, 0, 1, 0.00
AFLfast,pngtest,14,1624637190, 0, 1, 0.00
AFLfast,pngtest,14,1624637195, 0, 1, 0.00
AFLfast,pngtest,14,1624637200, 0, 1, 0.00
AFLfast,pngtest,14,1624637206, 0, 1, 0.00
AFLfast,pngtest,14,1624637211, 0, 1, 0.00
AFLfast,pngtest,14,1624637216, 0, 1, 0.00
AFLfast,pngtest,14,1624637221, 0, 1, 0.00
AFLfast,pngtest,14,1624637226, 0, 1, 0.00
AFLfast,pngtest,14,1624637231, 0, 1, 0.00
AFLfast,pngtest,14,1624637237, 0, 1, 0.00
AFLfast,pngtest,14,1624637242, 0, 1, 0.00
AFLfast,pngtest,14,1624637247, 0, 1, 0.00
AFLfast,pngtest,14,1624637252, 0, 1, 0.00
AFLfast,pngtest,14,1624637257, 0, 1, 0.00
AFLfast,pngtest,14,1624637262, 0, 1, 0.00
AFLfast,pngtest,14,1624637268, 0, 1, 0.00
AFLfast,pngtest,14,1624637273, 0, 1, 0.00
AFLfast,pngtest,14,1624637278, 0, 1, 0.00
AFLfast,pngtest,14,1624637283, 0, 1, 0.00
AFLfast,pngtest,14,1624637288, 0, 1, 0.00
AFLfast,pngtest,14,1624637293, 0, 1, 0.00
AFLfast,pngtest,14,1624637299, 0, 1, 0.00
AFLfast,pngtest,14,1624637304, 0, 1, 0.00
AFLfast,pngtest,14,1624637309, 0, 1, 0.00
AFLfast,pngtest,14,1624637314, 0, 1, 0.00
AFLfast,pngtest,14,1624637319, 0, 1, 0.00
AFLfast,pngtest,14,1624637324, 0, 1, 0.00
AFLfast,pngtest,14,1624637329, 0, 1, 0.00
AFLfast,pngtest,14,1624637334, 0, 1, 0.00
AFLfast,pngtest,14,1624637339, 0, 1, 0.00
AFLfast,pngtest,14,1624637344, 0, 1, 0.00
AFLfast,pngtest,14,1624637350, 0, 1, 0.00
AFLfast,pngtest,14,1624637355, 0, 1, 0.00
AFLfast,pngtest,14,1624637360, 0, 1, 0.00
AFLfast,pngtest,14,1624637365, 0, 1, 0.00
AFLfast,pngtest,14,1624637370, 0, 1, 0.00
AFLfast,pngtest,14,1624637375, 0, 1, 0.00
AFLfast,pngtest,14,1624637380, 0, 1, 0.00
AFLfast,pngtest,14,1624637385, 0, 1, 0.00
AFLfast,pngtest,14,1624637391, 0, 1, 0.00
AFLfast,pngtest,14,1624637396, 0, 1, 0.00
AFLfast,pngtest,14,1624637401, 0, 1, 0.00
AFLfast,pngtest,14,1624637406, 0, 1, 0.00
AFLfast,pngtest,14,1624637411, 0, 1, 0.00
AFLfast,pngtest,14,1624637416, 0, 1, 0.00
AFLfast,pngtest,14,1624637421, 0, 1, 0.00
AFLfast,pngtest,14,1624637427, 0, 1, 0.00
AFLfast,pngtest,14,1624637432, 0, 1, 0.00
AFLfast,pngtest,14,1624637437, 0, 1, 0.00
AFLfast,pngtest,14,1624637442, 0, 1, 0.00
AFLfast,pngtest,14,1624637447, 0, 1, 0.00
AFLfast,pngtest,14,1624637452, 0, 1, 0.00
AFLfast,pngtest,14,1624637458, 0, 1, 0.00
AFLfast,pngtest,14,1624637463, 0, 1, 0.00
AFLfast,pngtest,14,1624637468, 0, 1, 0.00
