alg,SUT,rep,# unix_time, cycles_done, cur_path, paths_total, pending_total, pending_favs, map_size, unique_crashes, unique_hangs, max_depth, execs_per_sec, total_execs
AFLfast,xmllint,12,1623614534, 1, 0, 30, 30, 23, 7.65%, 0, 0, 1, 30.96, 240
AFLfast,xmllint,12,1623614539, 1, 0, 50, 50, 23, 8.26%, 0, 0, 2, 35.81, 438
AFLfast,xmllint,12,1623614544, 1, 0, 69, 69, 23, 8.42%, 0, 0, 2, 35.82, 628
AFLfast,xmllint,12,1623614550, 1, 0, 87, 87, 23, 8.47%, 0, 0, 2, 35.62, 820
AFLfast,xmllint,12,1623614555, 1, 0, 101, 101, 23, 8.51%, 0, 0, 2, 34.96, 998
AFLfast,xmllint,12,1623614560, 1, 0, 115, 115, 23, 8.54%, 0, 0, 2, 35.94, 1183
AFLfast,xmllint,12,1623614565, 1, 0, 128, 128, 23, 8.55%, 0, 0, 2, 35.56, 1372
AFLfast,xmllint,12,1623614570, 1, 0, 141, 141, 23, 8.74%, 0, 0, 2, 35.30, 1553
AFLfast,xmllint,12,1623614575, 1, 0, 153, 153, 23, 8.80%, 0, 0, 2, 36.17, 1739
AFLfast,xmllint,12,1623614580, 1, 0, 161, 161, 23, 8.82%, 0, 0, 2, 27.12, 1854
AFLfast,xmllint,12,1623614586, 1, 0, 163, 163, 23, 8.82%, 0, 0, 2, 22.61, 1962
AFLfast,xmllint,12,1623614591, 1, 0, 169, 169, 23, 8.82%, 0, 0, 2, 20.66, 2066
AFLfast,xmllint,12,1623614596, 1, 0, 172, 172, 23, 8.83%, 0, 0, 2, 19.51, 2167
AFLfast,xmllint,12,1623614601, 1, 0, 177, 177, 23, 8.85%, 0, 0, 2, 19.41, 2270
AFLfast,xmllint,12,1623614607, 1, 0, 180, 180, 23, 8.85%, 0, 0, 2, 18.52, 2363
AFLfast,xmllint,12,1623614612, 1, 0, 185, 185, 23, 8.86%, 0, 0, 2, 19.33, 2468
AFLfast,xmllint,12,1623614619, 1, 0, 191, 191, 23, 8.87%, 0, 0, 2, 1.44, 2570
AFLfast,xmllint,12,1623614624, 1, 0, 196, 196, 23, 8.88%, 0, 0, 2, 17.59, 2664
AFLfast,xmllint,12,1623614629, 1, 0, 202, 202, 23, 8.88%, 0, 0, 2, 18.70, 2764
AFLfast,xmllint,12,1623614634, 1, 0, 206, 206, 23, 8.88%, 0, 0, 2, 19.50, 2867
AFLfast,xmllint,12,1623614640, 1, 0, 211, 211, 23, 8.90%, 0, 0, 2, 19.26, 2966
AFLfast,xmllint,12,1623614645, 1, 0, 216, 216, 23, 8.90%, 0, 0, 2, 18.84, 3061
AFLfast,xmllint,12,1623614650, 1, 0, 222, 222, 23, 8.90%, 0, 0, 2, 18.01, 3154
AFLfast,xmllint,12,1623614655, 1, 0, 226, 226, 23, 8.94%, 0, 0, 2, 17.83, 3248
AFLfast,xmllint,12,1623614660, 1, 0, 230, 230, 23, 8.94%, 0, 0, 2, 18.22, 3344
AFLfast,xmllint,12,1623614665, 1, 0, 235, 235, 23, 8.95%, 0, 0, 2, 19.10, 3442
AFLfast,xmllint,12,1623614670, 1, 0, 240, 240, 23, 8.95%, 0, 0, 2, 19.43, 3539
AFLfast,xmllint,12,1623614675, 1, 0, 246, 246, 23, 8.95%, 0, 0, 2, 19.87, 3644
AFLfast,xmllint,12,1623614681, 1, 0, 252, 252, 23, 8.96%, 0, 0, 2, 20.08, 3750
AFLfast,xmllint,12,1623614686, 1, 0, 256, 256, 23, 8.96%, 0, 0, 2, 19.49, 3848
AFLfast,xmllint,12,1623614691, 1, 0, 259, 259, 23, 8.97%, 0, 0, 2, 18.48, 3943
AFLfast,xmllint,12,1623614696, 1, 0, 263, 263, 23, 8.97%, 0, 0, 2, 18.92, 4039
AFLfast,xmllint,12,1623614701, 1, 0, 266, 266, 23, 8.97%, 0, 0, 2, 18.23, 4130
AFLfast,xmllint,12,1623614709, 1, 0, 269, 269, 23, 8.99%, 0, 0, 2, 2.02, 4226
AFLfast,xmllint,12,1623614714, 1, 0, 271, 271, 23, 8.99%, 0, 0, 2, 16.68, 4321
AFLfast,xmllint,12,1623614719, 1, 0, 273, 273, 23, 8.99%, 0, 0, 2, 18.79, 4424
AFLfast,xmllint,12,1623614724, 1, 0, 275, 275, 23, 8.99%, 0, 0, 2, 18.37, 4516
AFLfast,xmllint,12,1623614729, 1, 0, 278, 278, 23, 8.99%, 0, 0, 2, 18.41, 4610
AFLfast,xmllint,12,1623614734, 1, 0, 280, 280, 23, 8.99%, 0, 0, 2, 18.49, 4710
AFLfast,xmllint,12,1623614740, 1, 0, 283, 283, 23, 8.99%, 0, 0, 2, 18.57, 4810
AFLfast,xmllint,12,1623614745, 1, 0, 287, 287, 23, 8.99%, 0, 0, 2, 18.50, 4906
AFLfast,xmllint,12,1623614750, 1, 0, 290, 290, 23, 9.00%, 0, 0, 2, 19.23, 5007
AFLfast,xmllint,12,1623614755, 1, 0, 292, 292, 23, 9.00%, 0, 0, 2, 18.32, 5102
AFLfast,xmllint,12,1623614760, 1, 0, 296, 296, 23, 9.01%, 0, 0, 2, 19.14, 5204
AFLfast,xmllint,12,1623614766, 1, 0, 298, 298, 23, 9.02%, 0, 0, 2, 17.47, 5289
AFLfast,xmllint,12,1623614771, 1, 0, 300, 300, 23, 9.02%, 0, 0, 2, 9.68, 5388
AFLfast,xmllint,12,1623614776, 1, 0, 304, 304, 23, 9.03%, 0, 0, 2, 15.49, 5480
AFLfast,xmllint,12,1623614781, 1, 0, 305, 305, 23, 9.03%, 0, 0, 2, 18.40, 5539
AFLfast,xmllint,12,1623614786, 1, 0, 307, 307, 23, 9.03%, 0, 0, 2, 18.63, 5633
AFLfast,xmllint,12,1623614791, 1, 0, 309, 309, 23, 9.04%, 0, 0, 2, 18.24, 5725
AFLfast,xmllint,12,1623614796, 1, 0, 314, 314, 23, 9.06%, 0, 0, 2, 17.73, 5817
AFLfast,xmllint,12,1623614802, 1, 0, 316, 316, 23, 9.06%, 0, 0, 2, 18.03, 5914
AFLfast,xmllint,12,1623614807, 1, 0, 319, 319, 23, 9.06%, 0, 0, 2, 18.38, 6013
AFLfast,xmllint,12,1623614812, 1, 0, 321, 321, 23, 9.07%, 0, 0, 2, 18.16, 6105
AFLfast,xmllint,12,1623614817, 1, 0, 325, 325, 23, 9.07%, 0, 0, 2, 18.93, 6205
AFLfast,xmllint,12,1623614822, 1, 0, 328, 328, 23, 9.09%, 0, 0, 2, 18.55, 6301
AFLfast,xmllint,12,1623614827, 1, 0, 329, 329, 23, 9.09%, 0, 0, 2, 18.95, 6399
AFLfast,xmllint,12,1623614832, 1, 0, 332, 332, 23, 9.10%, 0, 0, 2, 19.02, 6495
AFLfast,xmllint,12,1623614838, 1, 0, 334, 334, 23, 9.10%, 0, 0, 2, 19.42, 6598
AFLfast,xmllint,12,1623614843, 1, 0, 335, 335, 23, 9.10%, 0, 0, 2, 19.13, 6697
AFLfast,xmllint,12,1623614848, 1, 0, 336, 336, 23, 9.10%, 0, 0, 2, 19.13, 6793
AFLfast,xmllint,12,1623614858, 1, 0, 337, 337, 23, 9.10%, 0, 0, 2, 18.92, 6934
AFLfast,xmllint,12,1623614864, 1, 0, 338, 338, 23, 9.10%, 0, 0, 2, 18.49, 7029
AFLfast,xmllint,12,1623614869, 1, 0, 340, 340, 23, 9.10%, 0, 0, 2, 19.27, 7131
AFLfast,xmllint,12,1623614879, 1, 0, 342, 342, 23, 9.10%, 0, 0, 2, 18.14, 7318
AFLfast,xmllint,12,1623614884, 1, 0, 344, 344, 23, 9.10%, 0, 0, 2, 17.51, 7408
AFLfast,xmllint,12,1623614890, 1, 0, 347, 347, 23, 9.10%, 0, 0, 2, 17.63, 7500
AFLfast,xmllint,12,1623614900, 1, 0, 351, 351, 23, 9.11%, 0, 0, 2, 18.54, 7692
AFLfast,xmllint,12,1623614905, 1, 0, 352, 352, 23, 9.11%, 0, 0, 2, 18.60, 7785
AFLfast,xmllint,12,1623614910, 1, 0, 353, 353, 23, 9.11%, 0, 0, 2, 18.40, 7884
AFLfast,xmllint,12,1623614915, 1, 0, 354, 354, 23, 9.11%, 0, 0, 2, 17.14, 7967
AFLfast,xmllint,12,1623614921, 1, 0, 357, 357, 23, 9.12%, 0, 0, 2, 16.85, 8055
AFLfast,xmllint,12,1623614926, 1, 0, 360, 360, 23, 9.12%, 0, 0, 2, 17.31, 8144
AFLfast,xmllint,12,1623614931, 1, 0, 361, 361, 23, 9.12%, 0, 0, 2, 17.70, 8237
AFLfast,xmllint,12,1623614941, 1, 0, 363, 363, 23, 9.12%, 0, 0, 2, 17.69, 8420
AFLfast,xmllint,12,1623614947, 1, 0, 366, 366, 23, 9.12%, 0, 0, 2, 18.09, 8515
AFLfast,xmllint,12,1623614952, 1, 0, 367, 367, 23, 9.12%, 0, 0, 2, 18.29, 8612
AFLfast,xmllint,12,1623614957, 1, 0, 369, 369, 23, 9.12%, 0, 0, 2, 18.11, 8706
AFLfast,xmllint,12,1623614962, 1, 0, 371, 371, 23, 9.12%, 0, 0, 2, 18.33, 8800
AFLfast,xmllint,12,1623614967, 1, 0, 372, 372, 23, 9.12%, 0, 0, 2, 17.79, 8889
AFLfast,xmllint,12,1623614978, 1, 0, 374, 374, 23, 9.12%, 0, 0, 2, 18.42, 9078
AFLfast,xmllint,12,1623614983, 1, 0, 375, 375, 23, 9.13%, 0, 0, 2, 17.61, 9168
AFLfast,xmllint,12,1623615003, 1, 0, 376, 376, 23, 9.13%, 0, 0, 2, 17.99, 9498
AFLfast,xmllint,12,1623615010, 1, 1, 378, 377, 142, 9.13%, 0, 0, 2, 16.91, 9577
AFLfast,xmllint,12,1623615015, 1, 1, 379, 378, 142, 9.14%, 0, 0, 2, 18.47, 9679
AFLfast,xmllint,12,1623615020, 1, 1, 381, 380, 142, 9.14%, 0, 0, 2, 17.48, 9766
AFLfast,xmllint,12,1623615025, 1, 1, 383, 382, 142, 9.14%, 0, 0, 2, 17.38, 9855
AFLfast,xmllint,12,1623615030, 1, 1, 385, 384, 142, 9.15%, 0, 0, 2, 16.96, 9940
AFLfast,xmllint,12,1623615041, 1, 1, 388, 387, 142, 9.15%, 0, 0, 2, 18.07, 10126
AFLfast,xmllint,12,1623615046, 1, 1, 389, 388, 142, 9.15%, 0, 0, 2, 17.97, 10219
AFLfast,xmllint,12,1623615051, 1, 1, 390, 389, 142, 9.16%, 0, 0, 2, 17.20, 10304
AFLfast,xmllint,12,1623615056, 1, 1, 391, 390, 142, 9.16%, 0, 0, 2, 17.28, 10392
AFLfast,xmllint,12,1623615066, 1, 1, 392, 391, 142, 9.16%, 0, 0, 2, 17.50, 10573
AFLfast,xmllint,12,1623615072, 1, 1, 395, 394, 142, 9.16%, 0, 0, 2, 17.13, 10663
AFLfast,xmllint,12,1623615082, 1, 1, 396, 395, 142, 9.16%, 0, 0, 2, 14.57, 10804
AFLfast,xmllint,12,1623615087, 1, 1, 397, 396, 142, 9.16%, 0, 0, 2, 17.10, 10900
AFLfast,xmllint,12,1623615092, 1, 1, 401, 400, 142, 9.16%, 0, 0, 2, 16.82, 10988
AFLfast,xmllint,12,1623615103, 1, 1, 402, 401, 142, 9.16%, 0, 0, 2, 17.29, 11171
AFLfast,xmllint,12,1623615113, 1, 1, 406, 405, 142, 9.17%, 0, 0, 2, 17.37, 11347
AFLfast,xmllint,12,1623615118, 1, 1, 407, 406, 142, 9.17%, 0, 0, 2, 17.06, 11434
AFLfast,xmllint,12,1623615123, 1, 1, 408, 407, 142, 9.17%, 0, 0, 2, 17.07, 11527
AFLfast,xmllint,12,1623615129, 1, 1, 410, 409, 142, 9.17%, 0, 0, 2, 17.70, 11623
AFLfast,xmllint,12,1623615139, 1, 1, 413, 412, 142, 9.17%, 0, 0, 2, 18.27, 11801
AFLfast,xmllint,12,1623615154, 1, 1, 414, 413, 142, 9.17%, 0, 0, 2, 16.55, 12022
AFLfast,xmllint,12,1623615159, 1, 1, 416, 415, 142, 9.19%, 0, 0, 2, 17.54, 12113
AFLfast,xmllint,12,1623615165, 1, 1, 419, 418, 142, 9.19%, 0, 0, 2, 17.29, 12202
AFLfast,xmllint,12,1623615170, 1, 1, 420, 419, 142, 9.19%, 0, 0, 2, 18.02, 12295
AFLfast,xmllint,12,1623615175, 1, 1, 421, 420, 142, 9.19%, 0, 0, 2, 18.23, 12388
AFLfast,xmllint,12,1623615190, 1, 1, 422, 421, 142, 9.19%, 0, 0, 2, 17.12, 12652
AFLfast,xmllint,12,1623615201, 1, 1, 423, 422, 142, 9.19%, 0, 0, 2, 17.42, 12832
AFLfast,xmllint,12,1623615206, 1, 1, 424, 423, 142, 9.19%, 0, 0, 2, 17.52, 12920
AFLfast,xmllint,12,1623615216, 1, 1, 426, 425, 142, 9.19%, 0, 0, 2, 11.98, 13065
AFLfast,xmllint,12,1623615222, 1, 1, 427, 426, 142, 9.19%, 0, 0, 2, 16.18, 13161
AFLfast,xmllint,12,1623615227, 1, 1, 428, 427, 142, 9.24%, 0, 0, 2, 16.76, 13252
AFLfast,xmllint,12,1623615232, 1, 1, 432, 431, 142, 9.24%, 0, 0, 2, 17.15, 13342
AFLfast,xmllint,12,1623615237, 1, 1, 433, 432, 142, 9.24%, 0, 0, 2, 17.68, 13435
AFLfast,xmllint,12,1623615242, 1, 1, 434, 433, 142, 9.24%, 0, 0, 2, 17.61, 13529
AFLfast,xmllint,12,1623615248, 1, 1, 435, 434, 142, 9.24%, 0, 0, 2, 16.98, 13614
AFLfast,xmllint,12,1623615253, 1, 1, 436, 435, 142, 9.24%, 0, 0, 2, 16.68, 13698
AFLfast,xmllint,12,1623615258, 1, 1, 438, 437, 142, 9.24%, 0, 0, 2, 17.61, 13792
AFLfast,xmllint,12,1623615263, 1, 1, 439, 438, 142, 9.24%, 0, 0, 2, 16.94, 13876
AFLfast,xmllint,12,1623615299, 1, 1, 440, 439, 142, 9.24%, 0, 0, 2, 18.04, 14479
AFLfast,xmllint,12,1623615310, 1, 1, 442, 441, 142, 9.25%, 0, 0, 2, 18.44, 14664
AFLfast,xmllint,12,1623615320, 1, 1, 444, 443, 142, 9.26%, 0, 0, 2, 16.88, 14836
AFLfast,xmllint,12,1623615326, 1, 1, 446, 445, 142, 9.26%, 0, 0, 2, 17.70, 14936
AFLfast,xmllint,12,1623615331, 1, 1, 448, 447, 142, 9.26%, 0, 0, 2, 16.29, 15018
AFLfast,xmllint,12,1623615341, 1, 1, 450, 449, 142, 9.27%, 0, 0, 2, 17.02, 15193
AFLfast,xmllint,12,1623615352, 1, 1, 452, 451, 142, 9.27%, 0, 0, 2, 16.43, 15335
AFLfast,xmllint,12,1623615357, 1, 1, 453, 452, 142, 9.27%, 0, 0, 2, 16.98, 15424
AFLfast,xmllint,12,1623615362, 1, 1, 454, 453, 142, 9.27%, 0, 0, 2, 17.88, 15520
AFLfast,xmllint,12,1623615367, 1, 1, 455, 454, 142, 9.27%, 0, 0, 2, 17.86, 15608
AFLfast,xmllint,12,1623615377, 1, 1, 456, 455, 142, 9.27%, 0, 0, 2, 17.06, 15791
AFLfast,xmllint,12,1623615383, 1, 1, 457, 456, 142, 9.28%, 0, 0, 2, 17.15, 15883
AFLfast,xmllint,12,1623615388, 1, 1, 458, 457, 142, 9.28%, 0, 0, 2, 16.84, 15973
AFLfast,xmllint,12,1623615393, 1, 1, 459, 458, 142, 9.28%, 0, 0, 2, 17.26, 16064
AFLfast,xmllint,12,1623615398, 1, 1, 460, 459, 142, 9.28%, 0, 0, 2, 17.31, 16152
AFLfast,xmllint,12,1623615404, 1, 1, 461, 460, 142, 9.28%, 0, 0, 2, 18.05, 16251
AFLfast,xmllint,12,1623615409, 1, 1, 462, 461, 142, 9.28%, 0, 0, 2, 18.05, 16350
AFLfast,xmllint,12,1623615421, 1, 1, 464, 463, 142, 9.28%, 0, 0, 2, 14.28, 16503
AFLfast,xmllint,12,1623615426, 1, 1, 465, 464, 142, 9.28%, 0, 0, 2, 15.99, 16591
AFLfast,xmllint,12,1623615431, 1, 1, 467, 466, 142, 9.28%, 0, 0, 2, 17.61, 16684
AFLfast,xmllint,12,1623615442, 1, 2, 467, 465, 157, 9.28%, 0, 0, 2, 0.46, 16844
AFLfast,xmllint,12,1623615448, 1, 2, 472, 470, 157, 9.40%, 0, 0, 2, 18.70, 16940
AFLfast,xmllint,12,1623615453, 1, 2, 479, 477, 157, 9.47%, 0, 0, 2, 18.03, 17035
AFLfast,xmllint,12,1623615458, 1, 2, 482, 480, 157, 9.47%, 0, 0, 2, 17.48, 17125
AFLfast,xmllint,12,1623615463, 1, 2, 488, 486, 157, 9.49%, 0, 0, 2, 17.85, 17221
AFLfast,xmllint,12,1623615469, 1, 2, 491, 489, 157, 9.50%, 0, 0, 2, 17.52, 17316
AFLfast,xmllint,12,1623615474, 1, 2, 496, 494, 157, 9.52%, 0, 0, 2, 17.69, 17409
AFLfast,xmllint,12,1623615479, 1, 2, 500, 498, 157, 9.55%, 0, 0, 2, 17.98, 17501
AFLfast,xmllint,12,1623615484, 1, 2, 502, 500, 157, 9.55%, 0, 0, 2, 17.04, 17586
AFLfast,xmllint,12,1623615489, 1, 2, 503, 501, 157, 9.55%, 0, 0, 2, 17.07, 17676
AFLfast,xmllint,12,1623615494, 1, 2, 506, 504, 157, 9.56%, 0, 0, 2, 17.58, 17767
AFLfast,xmllint,12,1623615500, 1, 2, 512, 510, 157, 9.57%, 0, 0, 2, 18.70, 17869
AFLfast,xmllint,12,1623615505, 1, 2, 514, 512, 157, 9.57%, 0, 0, 2, 18.25, 17965
AFLfast,xmllint,12,1623615510, 1, 2, 517, 515, 157, 9.57%, 0, 0, 2, 17.59, 18058
AFLfast,xmllint,12,1623615515, 1, 2, 519, 517, 157, 9.57%, 0, 0, 2, 17.65, 18147
AFLfast,xmllint,12,1623615521, 1, 2, 521, 519, 157, 9.57%, 0, 0, 2, 18.08, 18238
AFLfast,xmllint,12,1623615531, 1, 2, 523, 521, 157, 9.57%, 0, 0, 2, 15.34, 18389
AFLfast,xmllint,12,1623615536, 1, 2, 526, 524, 157, 9.58%, 0, 0, 2, 16.91, 18480
AFLfast,xmllint,12,1623615541, 1, 2, 528, 526, 157, 9.58%, 0, 0, 2, 17.43, 18569
AFLfast,xmllint,12,1623615547, 1, 2, 531, 529, 157, 9.59%, 0, 0, 2, 17.32, 18661
AFLfast,xmllint,12,1623615552, 1, 2, 534, 532, 157, 9.59%, 0, 0, 2, 17.32, 18750
AFLfast,xmllint,12,1623615557, 1, 2, 535, 533, 157, 9.59%, 0, 0, 2, 16.75, 18834
AFLfast,xmllint,12,1623615562, 1, 2, 536, 534, 157, 9.60%, 0, 0, 2, 17.52, 18928
AFLfast,xmllint,12,1623615567, 1, 2, 538, 536, 157, 9.60%, 0, 0, 2, 17.21, 19016
AFLfast,xmllint,12,1623615572, 1, 2, 540, 538, 157, 9.60%, 0, 0, 2, 8.76, 19098
AFLfast,xmllint,12,1623615577, 1, 2, 541, 539, 157, 9.60%, 0, 0, 2, 13.91, 19184
AFLfast,xmllint,12,1623615582, 1, 2, 544, 542, 157, 9.62%, 0, 0, 2, 16.14, 19276
AFLfast,xmllint,12,1623615588, 1, 2, 545, 543, 157, 9.62%, 0, 0, 2, 17.32, 19371
AFLfast,xmllint,12,1623615598, 1, 2, 546, 544, 157, 9.62%, 0, 0, 2, 17.56, 19554
AFLfast,xmllint,12,1623615608, 1, 2, 550, 548, 157, 9.63%, 0, 0, 2, 18.04, 19680
AFLfast,xmllint,12,1623615613, 1, 2, 553, 551, 157, 9.63%, 0, 0, 2, 17.27, 19769
AFLfast,xmllint,12,1623615618, 1, 2, 554, 552, 157, 9.63%, 0, 0, 2, 17.93, 19860
AFLfast,xmllint,12,1623615623, 1, 2, 557, 555, 157, 9.63%, 0, 0, 2, 17.21, 19944
AFLfast,xmllint,12,1623615634, 1, 2, 560, 558, 157, 9.64%, 0, 0, 2, 17.82, 20126
AFLfast,xmllint,12,1623615639, 1, 2, 561, 559, 157, 9.64%, 0, 0, 2, 17.43, 20213
AFLfast,xmllint,12,1623615644, 1, 2, 563, 561, 157, 9.65%, 0, 0, 2, 17.61, 20305
AFLfast,xmllint,12,1623615649, 1, 2, 565, 563, 157, 9.65%, 0, 0, 2, 16.85, 20387
AFLfast,xmllint,12,1623615654, 1, 2, 569, 567, 157, 9.65%, 0, 0, 2, 16.76, 20473
AFLfast,xmllint,12,1623615659, 1, 2, 571, 569, 157, 9.65%, 0, 0, 2, 16.89, 20564
AFLfast,xmllint,12,1623615677, 1, 2, 572, 570, 157, 9.65%, 0, 0, 2, 1.14, 20799
AFLfast,xmllint,12,1623615697, 1, 2, 573, 571, 157, 9.65%, 0, 0, 2, 16.94, 21145
AFLfast,xmllint,12,1623615702, 1, 2, 575, 573, 157, 9.66%, 0, 0, 2, 16.51, 21228
AFLfast,xmllint,12,1623615713, 1, 2, 578, 576, 157, 9.66%, 0, 0, 2, 17.02, 21411
AFLfast,xmllint,12,1623615718, 1, 2, 579, 577, 157, 9.66%, 0, 0, 2, 17.45, 21501
AFLfast,xmllint,12,1623615723, 1, 2, 580, 578, 157, 9.66%, 0, 0, 2, 16.49, 21582
AFLfast,xmllint,12,1623615728, 1, 2, 581, 579, 157, 9.67%, 0, 0, 2, 16.68, 21669
AFLfast,xmllint,12,1623615733, 1, 2, 582, 580, 157, 9.67%, 0, 0, 2, 16.93, 21754
AFLfast,xmllint,12,1623615745, 1, 2, 583, 581, 157, 9.67%, 0, 0, 2, 0.31, 21911
AFLfast,xmllint,12,1623615751, 1, 2, 585, 583, 157, 9.67%, 0, 0, 2, 14.63, 22003
AFLfast,xmllint,12,1623615761, 1, 2, 587, 585, 157, 9.67%, 0, 0, 2, 16.64, 22179
AFLfast,xmllint,12,1623615771, 1, 2, 588, 586, 157, 9.67%, 0, 0, 2, 16.64, 22350
AFLfast,xmllint,12,1623615776, 1, 2, 589, 587, 157, 9.67%, 0, 0, 2, 16.69, 22431
AFLfast,xmllint,12,1623615781, 1, 2, 590, 588, 157, 9.67%, 0, 0, 2, 16.60, 22516
AFLfast,xmllint,12,1623615792, 1, 2, 592, 590, 157, 9.67%, 0, 0, 2, 17.67, 22705
AFLfast,xmllint,12,1623615797, 1, 2, 593, 591, 157, 9.67%, 0, 0, 2, 17.72, 22800
AFLfast,xmllint,12,1623615803, 1, 3, 593, 590, 200, 9.67%, 0, 0, 2, 16.72, 22844
AFLfast,xmllint,12,1623615808, 1, 3, 600, 597, 200, 9.71%, 0, 0, 2, 17.71, 22938
AFLfast,xmllint,12,1623615813, 1, 3, 605, 602, 200, 9.72%, 0, 0, 2, 17.44, 23030
AFLfast,xmllint,12,1623615818, 1, 3, 608, 605, 200, 9.74%, 0, 0, 2, 16.88, 23114
AFLfast,xmllint,12,1623615823, 1, 3, 610, 607, 200, 9.75%, 0, 0, 2, 16.95, 23201
AFLfast,xmllint,12,1623615828, 1, 3, 613, 610, 200, 9.77%, 0, 0, 2, 16.66, 23288
AFLfast,xmllint,12,1623615834, 1, 3, 614, 611, 200, 9.77%, 0, 0, 2, 16.75, 23378
AFLfast,xmllint,12,1623615839, 1, 3, 617, 614, 200, 9.78%, 0, 0, 2, 16.67, 23467
AFLfast,xmllint,12,1623615844, 1, 3, 618, 615, 200, 9.78%, 0, 0, 2, 17.52, 23563
AFLfast,xmllint,12,1623615849, 1, 3, 619, 616, 200, 9.78%, 0, 0, 2, 17.50, 23651
AFLfast,xmllint,12,1623615860, 1, 3, 620, 617, 200, 9.78%, 0, 0, 2, 17.64, 23838
AFLfast,xmllint,12,1623615865, 1, 3, 622, 619, 200, 9.79%, 0, 0, 2, 17.68, 23930
AFLfast,xmllint,12,1623615870, 1, 3, 623, 620, 200, 9.79%, 0, 0, 2, 17.07, 24016
AFLfast,xmllint,12,1623615875, 1, 3, 625, 622, 200, 9.80%, 0, 0, 2, 17.35, 24103
AFLfast,xmllint,12,1623615880, 1, 3, 626, 623, 200, 9.80%, 0, 0, 2, 15.11, 24152
AFLfast,xmllint,12,1623615891, 1, 3, 628, 625, 200, 9.81%, 0, 0, 2, 16.75, 24336
AFLfast,xmllint,12,1623615896, 1, 3, 629, 626, 200, 9.81%, 0, 0, 2, 16.47, 24420
AFLfast,xmllint,12,1623615901, 1, 3, 630, 627, 200, 9.81%, 0, 0, 2, 16.84, 24509
AFLfast,xmllint,12,1623615906, 1, 3, 631, 628, 200, 9.81%, 0, 0, 2, 17.23, 24601
AFLfast,xmllint,12,1623615912, 1, 3, 632, 629, 200, 9.81%, 0, 0, 2, 16.93, 24692
AFLfast,xmllint,12,1623615917, 1, 3, 633, 630, 200, 9.81%, 0, 0, 2, 16.97, 24780
AFLfast,xmllint,12,1623615922, 1, 3, 634, 631, 200, 9.81%, 0, 0, 2, 17.09, 24869
AFLfast,xmllint,12,1623615927, 1, 3, 635, 632, 200, 9.81%, 0, 0, 2, 17.24, 24957
AFLfast,xmllint,12,1623615948, 1, 3, 636, 633, 200, 9.81%, 0, 0, 2, 14.33, 25252
AFLfast,xmllint,12,1623615953, 1, 3, 637, 634, 200, 9.81%, 0, 0, 2, 16.22, 25343
AFLfast,xmllint,12,1623615964, 1, 3, 638, 635, 200, 9.82%, 0, 0, 2, 17.39, 25529
AFLfast,xmllint,12,1623615974, 1, 3, 639, 636, 200, 9.82%, 0, 0, 2, 17.38, 25703
AFLfast,xmllint,12,1623615989, 1, 3, 640, 637, 200, 9.82%, 0, 0, 2, 17.23, 25968
AFLfast,xmllint,12,1623615994, 1, 3, 642, 639, 200, 9.82%, 0, 0, 2, 17.39, 26055
AFLfast,xmllint,12,1623616012, 1, 3, 643, 640, 200, 9.82%, 0, 0, 2, 1.17, 26322
AFLfast,xmllint,12,1623616018, 1, 3, 644, 641, 200, 9.83%, 0, 0, 2, 15.28, 26406
AFLfast,xmllint,12,1623616023, 1, 3, 645, 642, 200, 9.83%, 0, 0, 2, 16.85, 26497
AFLfast,xmllint,12,1623616028, 1, 3, 646, 643, 200, 9.83%, 0, 0, 2, 16.98, 26588
AFLfast,xmllint,12,1623616049, 1, 3, 647, 644, 200, 9.83%, 0, 0, 2, 16.73, 26943
AFLfast,xmllint,12,1623616074, 1, 3, 648, 645, 200, 9.83%, 0, 0, 2, 16.13, 27375
AFLfast,xmllint,12,1623616080, 1, 3, 649, 646, 200, 9.83%, 0, 0, 2, 15.37, 27417
AFLfast,xmllint,12,1623616085, 1, 3, 650, 647, 200, 9.83%, 0, 0, 2, 16.57, 27505
AFLfast,xmllint,12,1623616095, 1, 3, 651, 648, 200, 9.83%, 0, 0, 2, 16.76, 27682
AFLfast,xmllint,12,1623616106, 1, 3, 652, 649, 200, 9.83%, 0, 0, 2, 16.10, 27852
AFLfast,xmllint,12,1623616111, 1, 3, 655, 652, 200, 9.83%, 0, 0, 2, 16.93, 27947
AFLfast,xmllint,12,1623616122, 1, 3, 656, 653, 200, 9.83%, 0, 0, 2, 15.88, 28113
AFLfast,xmllint,12,1623616142, 1, 3, 657, 654, 200, 9.83%, 0, 0, 2, 16.48, 28447
AFLfast,xmllint,12,1623616163, 1, 3, 658, 655, 200, 9.83%, 0, 0, 2, 16.82, 28742
AFLfast,xmllint,12,1623616179, 1, 3, 659, 656, 200, 9.83%, 0, 0, 2, 16.52, 29019
AFLfast,xmllint,12,1623616184, 1, 3, 661, 658, 200, 9.83%, 0, 0, 2, 16.45, 29104
AFLfast,xmllint,12,1623616189, 1, 3, 662, 659, 200, 9.84%, 0, 0, 2, 16.06, 29189
AFLfast,xmllint,12,1623616200, 1, 3, 663, 660, 200, 9.85%, 0, 0, 2, 17.26, 29367
AFLfast,xmllint,12,1623616205, 1, 3, 664, 661, 200, 9.85%, 0, 0, 2, 16.57, 29450
AFLfast,xmllint,12,1623616210, 1, 3, 665, 662, 200, 9.85%, 0, 0, 2, 16.95, 29539
AFLfast,xmllint,12,1623616236, 1, 3, 666, 663, 200, 9.85%, 0, 0, 2, 17.12, 29936
AFLfast,xmllint,12,1623616241, 1, 4, 666, 662, 228, 9.85%, 0, 0, 2, 20.47, 29987
AFLfast,xmllint,12,1623616246, 1, 4, 669, 665, 228, 9.86%, 0, 0, 2, 19.41, 30087
AFLfast,xmllint,12,1623616251, 1, 4, 675, 671, 228, 9.87%, 0, 0, 2, 18.27, 30182
AFLfast,xmllint,12,1623616257, 1, 4, 676, 672, 228, 9.88%, 0, 0, 2, 17.65, 30273
AFLfast,xmllint,12,1623616262, 1, 4, 678, 674, 228, 9.88%, 0, 0, 2, 17.39, 30365
AFLfast,xmllint,12,1623616267, 1, 4, 680, 676, 228, 9.88%, 0, 0, 2, 16.97, 30455
AFLfast,xmllint,12,1623616273, 1, 4, 681, 677, 228, 9.88%, 0, 0, 2, 16.90, 30544
AFLfast,xmllint,12,1623616278, 1, 4, 682, 678, 228, 9.88%, 0, 0, 2, 17.00, 30630
AFLfast,xmllint,12,1623616283, 1, 4, 684, 680, 228, 9.92%, 0, 0, 2, 17.18, 30717
AFLfast,xmllint,12,1623616293, 1, 4, 688, 684, 228, 9.92%, 0, 0, 2, 16.95, 30895
AFLfast,xmllint,12,1623616315, 1, 4, 690, 686, 228, 9.92%, 0, 0, 2, 0.43, 31237
AFLfast,xmllint,12,1623616326, 1, 4, 692, 688, 228, 9.93%, 0, 0, 2, 15.25, 31405
AFLfast,xmllint,12,1623616331, 1, 4, 693, 689, 228, 9.93%, 0, 0, 2, 16.35, 31492
AFLfast,xmllint,12,1623616336, 1, 4, 695, 691, 228, 9.93%, 0, 0, 2, 16.12, 31573
AFLfast,xmllint,12,1623616341, 1, 4, 696, 692, 228, 9.96%, 0, 0, 2, 16.04, 31658
AFLfast,xmllint,12,1623616346, 1, 4, 698, 694, 228, 9.96%, 0, 0, 2, 16.60, 31745
AFLfast,xmllint,12,1623616357, 1, 4, 699, 695, 228, 9.96%, 0, 0, 2, 16.36, 31918
AFLfast,xmllint,12,1623616362, 1, 4, 701, 697, 228, 9.97%, 0, 0, 2, 16.51, 32001
AFLfast,xmllint,12,1623616377, 1, 4, 702, 698, 228, 9.97%, 0, 0, 2, 16.97, 32258
AFLfast,xmllint,12,1623616382, 1, 4, 703, 699, 228, 9.98%, 0, 0, 2, 16.25, 32339
AFLfast,xmllint,12,1623616392, 1, 4, 707, 703, 228, 9.98%, 0, 0, 2, 15.07, 32447
AFLfast,xmllint,12,1623616397, 1, 4, 708, 704, 228, 9.98%, 0, 0, 2, 16.24, 32533
AFLfast,xmllint,12,1623616408, 1, 4, 710, 706, 228, 9.99%, 0, 0, 2, 15.48, 32693
AFLfast,xmllint,12,1623616413, 1, 4, 711, 707, 228, 9.99%, 0, 0, 2, 16.26, 32783
AFLfast,xmllint,12,1623616433, 1, 4, 712, 708, 228, 9.99%, 0, 0, 2, 16.79, 33131
AFLfast,xmllint,12,1623616438, 1, 4, 714, 710, 228, 9.99%, 0, 0, 2, 16.16, 33213
AFLfast,xmllint,12,1623616443, 1, 4, 715, 711, 228, 10.00%, 0, 0, 2, 16.45, 33299
AFLfast,xmllint,12,1623616449, 1, 4, 716, 712, 228, 10.00%, 0, 0, 2, 17.03, 33383
AFLfast,xmllint,12,1623616485, 1, 4, 719, 715, 228, 10.01%, 0, 0, 2, 17.37, 33939
AFLfast,xmllint,12,1623616495, 1, 4, 720, 716, 228, 10.01%, 0, 0, 2, 16.71, 34111
AFLfast,xmllint,12,1623616506, 1, 4, 721, 717, 228, 10.01%, 0, 0, 2, 16.11, 34280
AFLfast,xmllint,12,1623616511, 1, 4, 722, 718, 228, 10.01%, 0, 0, 2, 15.95, 34364
AFLfast,xmllint,12,1623616516, 1, 4, 723, 719, 228, 10.01%, 0, 0, 2, 16.87, 34456
AFLfast,xmllint,12,1623616521, 1, 4, 726, 722, 228, 10.01%, 0, 0, 2, 17.35, 34546
AFLfast,xmllint,12,1623616532, 1, 4, 727, 723, 228, 10.01%, 0, 0, 2, 14.06, 34684
AFLfast,xmllint,12,1623616538, 1, 4, 728, 724, 228, 10.01%, 0, 0, 2, 16.17, 34772
AFLfast,xmllint,12,1623616543, 1, 4, 730, 726, 228, 10.01%, 0, 0, 2, 16.75, 34860
AFLfast,xmllint,12,1623616553, 1, 4, 731, 727, 228, 10.02%, 0, 0, 2, 15.86, 35021
AFLfast,xmllint,12,1623616558, 1, 4, 733, 729, 228, 10.02%, 0, 0, 2, 16.62, 35110
AFLfast,xmllint,12,1623616563, 1, 4, 734, 730, 228, 10.02%, 0, 0, 2, 16.26, 35194
AFLfast,xmllint,12,1623616568, 1, 4, 735, 731, 228, 10.02%, 0, 0, 2, 16.20, 35278
AFLfast,xmllint,12,1623616585, 1, 5, 736, 731, 250, 10.02%, 0, 0, 2, 0.77, 35492
AFLfast,xmllint,12,1623616590, 1, 5, 739, 734, 250, 10.07%, 0, 0, 2, 18.84, 35587
AFLfast,xmllint,12,1623616595, 1, 5, 744, 739, 250, 10.10%, 0, 0, 2, 17.02, 35674
AFLfast,xmllint,12,1623616600, 1, 5, 750, 745, 250, 10.13%, 0, 0, 2, 17.80, 35766
AFLfast,xmllint,12,1623616605, 1, 5, 754, 749, 250, 10.13%, 0, 0, 2, 17.15, 35848
AFLfast,xmllint,12,1623616610, 1, 5, 760, 755, 250, 10.18%, 0, 0, 2, 16.81, 35933
AFLfast,xmllint,12,1623616616, 1, 5, 763, 758, 250, 10.19%, 0, 0, 2, 16.07, 36013
AFLfast,xmllint,12,1623616621, 1, 5, 766, 761, 250, 10.20%, 0, 0, 2, 16.21, 36097
AFLfast,xmllint,12,1623616626, 1, 5, 769, 764, 250, 10.21%, 0, 0, 2, 16.72, 36187
AFLfast,xmllint,12,1623616631, 1, 5, 772, 767, 250, 10.24%, 0, 0, 2, 17.31, 36279
AFLfast,xmllint,12,1623616636, 1, 5, 777, 772, 250, 10.30%, 0, 0, 2, 16.91, 36365
AFLfast,xmllint,12,1623616641, 1, 5, 781, 776, 250, 10.31%, 0, 0, 2, 16.84, 36452
AFLfast,xmllint,12,1623616647, 1, 5, 782, 777, 250, 10.31%, 0, 0, 2, 17.21, 36545
AFLfast,xmllint,12,1623616652, 1, 5, 783, 778, 250, 10.32%, 0, 0, 2, 16.99, 36632
AFLfast,xmllint,12,1623616657, 1, 5, 786, 781, 250, 10.39%, 0, 0, 2, 17.37, 36723
AFLfast,xmllint,12,1623616662, 1, 5, 787, 782, 250, 10.39%, 0, 0, 2, 17.24, 36815
AFLfast,xmllint,12,1623616668, 1, 5, 791, 786, 250, 10.42%, 0, 0, 2, 17.37, 36903
AFLfast,xmllint,12,1623616673, 1, 5, 794, 789, 250, 10.43%, 0, 0, 2, 18.18, 37000
AFLfast,xmllint,12,1623616679, 1, 5, 797, 792, 250, 10.44%, 0, 0, 2, 2.18, 37069
AFLfast,xmllint,12,1623616684, 1, 5, 802, 797, 250, 10.44%, 0, 0, 2, 16.78, 37156
AFLfast,xmllint,12,1623616689, 1, 5, 804, 799, 250, 10.45%, 0, 0, 2, 16.86, 37242
AFLfast,xmllint,12,1623616694, 1, 5, 807, 802, 250, 10.45%, 0, 0, 2, 16.41, 37329
AFLfast,xmllint,12,1623616699, 1, 5, 809, 804, 250, 10.45%, 0, 0, 2, 16.13, 37410
AFLfast,xmllint,12,1623616704, 1, 5, 812, 807, 250, 10.45%, 0, 0, 2, 16.42, 37497
AFLfast,xmllint,12,1623616710, 1, 5, 814, 809, 250, 10.45%, 0, 0, 2, 16.50, 37587
AFLfast,xmllint,12,1623616715, 1, 5, 817, 812, 250, 10.47%, 0, 0, 2, 16.10, 37668
AFLfast,xmllint,12,1623616720, 1, 5, 819, 814, 250, 10.47%, 0, 0, 2, 16.21, 37753
AFLfast,xmllint,12,1623616725, 1, 5, 821, 816, 250, 10.47%, 0, 0, 2, 16.09, 37838
AFLfast,xmllint,12,1623616741, 1, 5, 822, 817, 250, 10.47%, 0, 0, 2, 15.93, 38090
AFLfast,xmllint,12,1623616747, 1, 5, 825, 820, 250, 10.47%, 0, 0, 2, 16.67, 38182
AFLfast,xmllint,12,1623616752, 1, 5, 827, 822, 250, 10.49%, 0, 0, 2, 15.88, 38260
AFLfast,xmllint,12,1623616757, 1, 5, 828, 823, 250, 10.49%, 0, 0, 2, 15.40, 38338
AFLfast,xmllint,12,1623616767, 1, 5, 829, 824, 250, 10.49%, 0, 0, 2, 15.29, 38465
AFLfast,xmllint,12,1623616772, 1, 5, 831, 826, 250, 10.49%, 0, 0, 2, 15.60, 38549
AFLfast,xmllint,12,1623616783, 1, 5, 832, 827, 250, 10.49%, 0, 0, 2, 16.73, 38721
AFLfast,xmllint,12,1623616799, 1, 5, 833, 828, 250, 10.49%, 0, 0, 2, 17.27, 38985
AFLfast,xmllint,12,1623616804, 1, 5, 834, 829, 250, 10.49%, 0, 0, 2, 16.60, 39070
AFLfast,xmllint,12,1623616809, 1, 5, 835, 830, 250, 10.51%, 0, 0, 2, 3.61, 39157
AFLfast,xmllint,12,1623616814, 1, 5, 836, 831, 250, 10.51%, 0, 0, 2, 11.40, 39236
AFLfast,xmllint,12,1623616819, 1, 5, 837, 832, 250, 10.51%, 0, 0, 2, 14.71, 39321
AFLfast,xmllint,12,1623616824, 1, 5, 839, 834, 250, 10.51%, 0, 0, 2, 15.16, 39394
AFLfast,xmllint,12,1623616836, 1, 5, 840, 835, 250, 10.51%, 0, 0, 2, 14.08, 39534
AFLfast,xmllint,12,1623616846, 1, 5, 841, 836, 250, 10.51%, 0, 0, 2, 15.28, 39699
AFLfast,xmllint,12,1623616851, 1, 5, 842, 837, 250, 10.51%, 0, 0, 2, 15.34, 39778
AFLfast,xmllint,12,1623616861, 1, 5, 843, 838, 250, 10.52%, 0, 0, 2, 15.13, 39941
AFLfast,xmllint,12,1623616867, 1, 5, 844, 839, 250, 10.52%, 0, 0, 2, 15.58, 40025
AFLfast,xmllint,12,1623616872, 1, 5, 845, 840, 250, 10.52%, 0, 0, 2, 16.46, 40116
AFLfast,xmllint,12,1623616877, 1, 5, 847, 842, 250, 10.52%, 0, 0, 2, 16.71, 40200
AFLfast,xmllint,12,1623616882, 1, 5, 848, 843, 250, 10.52%, 0, 0, 2, 18.18, 40281
AFLfast,xmllint,12,1623616892, 1, 5, 850, 845, 250, 10.52%, 0, 0, 2, 16.71, 40452
AFLfast,xmllint,12,1623616913, 1, 5, 852, 847, 250, 10.52%, 0, 0, 2, 16.09, 40736
AFLfast,xmllint,12,1623616918, 1, 5, 854, 849, 250, 10.53%, 0, 0, 2, 16.32, 40825
AFLfast,xmllint,12,1623616934, 1, 5, 856, 851, 250, 10.53%, 0, 0, 2, 16.08, 41083
AFLfast,xmllint,12,1623616944, 1, 5, 857, 852, 250, 10.53%, 0, 0, 2, 17.12, 41262
AFLfast,xmllint,12,1623616950, 1, 5, 858, 853, 250, 10.54%, 0, 0, 2, 16.13, 41342
AFLfast,xmllint,12,1623616955, 1, 5, 859, 854, 250, 10.54%, 0, 0, 2, 16.82, 41431
AFLfast,xmllint,12,1623616960, 1, 6, 859, 853, 292, 10.54%, 0, 0, 2, 18.00, 41476
AFLfast,xmllint,12,1623616970, 1, 6, 867, 861, 292, 10.54%, 0, 0, 2, 17.97, 41658
AFLfast,xmllint,12,1623616975, 1, 6, 873, 867, 292, 10.55%, 0, 0, 2, 16.20, 41741
AFLfast,xmllint,12,1623616980, 1, 6, 878, 872, 292, 10.57%, 0, 0, 2, 16.66, 41825
AFLfast,xmllint,12,1623616986, 1, 6, 883, 877, 292, 10.59%, 0, 0, 2, 16.41, 41910
AFLfast,xmllint,12,1623616991, 1, 6, 887, 881, 292, 10.59%, 0, 0, 2, 15.90, 41994
AFLfast,xmllint,12,1623616996, 1, 6, 892, 886, 292, 10.59%, 0, 0, 2, 16.19, 42075
AFLfast,xmllint,12,1623617007, 1, 6, 895, 889, 292, 10.59%, 0, 0, 2, 15.99, 42236
AFLfast,xmllint,12,1623617012, 1, 6, 899, 893, 292, 10.60%, 0, 0, 2, 15.24, 42313
AFLfast,xmllint,12,1623617017, 1, 6, 901, 895, 292, 10.60%, 0, 0, 2, 15.81, 42397
AFLfast,xmllint,12,1623617022, 1, 6, 903, 897, 292, 10.60%, 0, 0, 2, 15.72, 42479
AFLfast,xmllint,12,1623617027, 1, 6, 906, 900, 292, 10.60%, 0, 0, 2, 16.31, 42563
AFLfast,xmllint,12,1623617032, 1, 6, 908, 902, 292, 10.60%, 0, 0, 2, 16.93, 42652
AFLfast,xmllint,12,1623617038, 1, 6, 911, 905, 292, 10.61%, 0, 0, 2, 16.60, 42736
AFLfast,xmllint,12,1623617043, 1, 6, 913, 907, 292, 10.61%, 0, 0, 2, 14.25, 42806
AFLfast,xmllint,12,1623617048, 1, 6, 916, 910, 292, 10.61%, 0, 0, 2, 14.80, 42886
AFLfast,xmllint,12,1623617053, 1, 6, 918, 912, 292, 10.61%, 0, 0, 2, 16.08, 42975
AFLfast,xmllint,12,1623617058, 1, 6, 920, 914, 292, 10.61%, 0, 0, 2, 15.22, 43053
AFLfast,xmllint,12,1623617069, 1, 6, 922, 916, 292, 10.62%, 0, 0, 2, 14.31, 43175
AFLfast,xmllint,12,1623617074, 1, 6, 924, 918, 292, 10.62%, 0, 0, 2, 15.52, 43257
AFLfast,xmllint,12,1623617079, 1, 6, 927, 921, 292, 10.63%, 0, 0, 2, 15.71, 43342
AFLfast,xmllint,12,1623617084, 1, 6, 930, 924, 292, 10.63%, 0, 0, 2, 15.67, 43423
AFLfast,xmllint,12,1623617090, 1, 6, 931, 925, 292, 10.64%, 0, 0, 2, 15.34, 43506
AFLfast,xmllint,12,1623617095, 1, 6, 934, 928, 292, 10.64%, 0, 0, 2, 17.33, 43592
AFLfast,xmllint,12,1623617100, 1, 6, 935, 929, 292, 10.64%, 0, 0, 2, 16.76, 43675
AFLfast,xmllint,12,1623617105, 1, 6, 936, 930, 292, 10.64%, 0, 0, 2, 16.53, 43759
AFLfast,xmllint,12,1623617115, 1, 6, 937, 931, 292, 10.64%, 0, 0, 2, 16.09, 43922
AFLfast,xmllint,12,1623617120, 1, 6, 938, 932, 292, 10.64%, 0, 0, 2, 16.01, 44002
AFLfast,xmllint,12,1623617125, 1, 6, 940, 934, 292, 10.64%, 0, 0, 2, 14.96, 44079
AFLfast,xmllint,12,1623617130, 1, 6, 941, 935, 292, 10.65%, 0, 0, 2, 15.96, 44165
AFLfast,xmllint,12,1623617136, 1, 6, 942, 936, 292, 10.65%, 0, 0, 2, 15.90, 44253
AFLfast,xmllint,12,1623617142, 1, 6, 944, 938, 292, 10.65%, 0, 0, 2, 1.43, 44305
AFLfast,xmllint,12,1623617152, 1, 6, 945, 939, 292, 10.65%, 0, 0, 2, 14.65, 44458
AFLfast,xmllint,12,1623617157, 1, 6, 946, 940, 292, 10.65%, 0, 0, 2, 15.33, 44536
AFLfast,xmllint,12,1623617167, 1, 6, 947, 941, 292, 10.65%, 0, 0, 2, 16.17, 44709
AFLfast,xmllint,12,1623617172, 1, 6, 949, 943, 292, 10.65%, 0, 0, 2, 15.95, 44790
AFLfast,xmllint,12,1623617177, 1, 6, 950, 944, 292, 10.65%, 0, 0, 2, 16.24, 44877
AFLfast,xmllint,12,1623617183, 1, 6, 952, 946, 292, 10.65%, 0, 0, 2, 15.84, 44959
AFLfast,xmllint,12,1623617188, 1, 6, 953, 947, 292, 10.66%, 0, 0, 2, 15.73, 45042
AFLfast,xmllint,12,1623617193, 1, 6, 957, 951, 292, 10.66%, 0, 0, 2, 15.51, 45120
AFLfast,xmllint,12,1623617203, 1, 6, 958, 952, 292, 10.66%, 0, 0, 2, 14.63, 45277
AFLfast,xmllint,12,1623617214, 1, 6, 959, 953, 292, 10.66%, 0, 0, 2, 15.25, 45436
AFLfast,xmllint,12,1623617219, 1, 6, 960, 954, 292, 10.66%, 0, 0, 2, 6.49, 45471
AFLfast,xmllint,12,1623617224, 1, 6, 963, 957, 292, 10.66%, 0, 0, 2, 12.87, 45555
AFLfast,xmllint,12,1623617229, 1, 6, 966, 960, 292, 10.66%, 0, 0, 2, 15.01, 45639
AFLfast,xmllint,12,1623617234, 1, 6, 968, 962, 292, 10.66%, 0, 0, 2, 15.22, 45720
AFLfast,xmllint,12,1623617239, 1, 6, 971, 965, 292, 10.67%, 0, 0, 2, 14.83, 45796
AFLfast,xmllint,12,1623617245, 1, 6, 975, 969, 292, 10.70%, 0, 0, 2, 15.48, 45881
AFLfast,xmllint,12,1623617250, 1, 6, 977, 971, 292, 10.71%, 0, 0, 2, 14.90, 45959
AFLfast,xmllint,12,1623617255, 1, 6, 980, 974, 292, 10.71%, 0, 0, 2, 14.99, 46038
AFLfast,xmllint,12,1623617260, 1, 6, 982, 976, 292, 10.72%, 0, 0, 2, 15.29, 46120
AFLfast,xmllint,12,1623617265, 1, 6, 984, 978, 292, 10.72%, 0, 0, 2, 14.86, 46195
AFLfast,xmllint,12,1623617271, 1, 6, 985, 979, 292, 10.72%, 0, 0, 2, 15.43, 46278
AFLfast,xmllint,12,1623617276, 1, 6, 988, 982, 292, 10.72%, 0, 0, 2, 14.61, 46348
AFLfast,xmllint,12,1623617281, 1, 6, 989, 983, 292, 10.72%, 0, 0, 2, 15.21, 46429
AFLfast,xmllint,12,1623617291, 1, 6, 992, 986, 292, 10.73%, 0, 0, 2, 15.97, 46591
AFLfast,xmllint,12,1623617296, 1, 6, 994, 988, 292, 10.73%, 0, 0, 2, 16.06, 46674
AFLfast,xmllint,12,1623617301, 1, 6, 998, 992, 292, 10.74%, 0, 0, 2, 16.33, 46757
AFLfast,xmllint,12,1623617312, 1, 6, 1002, 996, 292, 10.75%, 0, 0, 2, 13.66, 46861
AFLfast,xmllint,12,1623617317, 1, 6, 1003, 997, 292, 10.75%, 0, 0, 2, 14.59, 46939
AFLfast,xmllint,12,1623617322, 1, 6, 1004, 998, 292, 10.75%, 0, 0, 2, 15.22, 47019
AFLfast,xmllint,12,1623617328, 1, 6, 1006, 1000, 292, 10.75%, 0, 0, 2, 15.76, 47101
AFLfast,xmllint,12,1623617333, 1, 6, 1009, 1003, 292, 10.76%, 0, 0, 2, 15.00, 47176
AFLfast,xmllint,12,1623617338, 1, 6, 1012, 1006, 292, 10.76%, 0, 0, 2, 14.78, 47253
AFLfast,xmllint,12,1623617343, 1, 6, 1013, 1007, 292, 10.76%, 0, 0, 2, 14.55, 47328
AFLfast,xmllint,12,1623617348, 1, 6, 1014, 1008, 292, 10.77%, 0, 0, 2, 14.77, 47412
AFLfast,xmllint,12,1623617359, 1, 6, 1016, 1010, 292, 10.77%, 0, 0, 2, 14.51, 47563
AFLfast,xmllint,12,1623617364, 1, 6, 1018, 1012, 292, 10.77%, 0, 0, 2, 14.67, 47640
AFLfast,xmllint,12,1623617369, 1, 6, 1019, 1013, 292, 10.77%, 0, 0, 2, 15.20, 47719
AFLfast,xmllint,12,1623617377, 1, 7, 1021, 1014, 323, 10.77%, 0, 0, 2, 0.98, 47784
AFLfast,xmllint,12,1623617388, 1, 7, 1025, 1018, 323, 10.79%, 0, 0, 2, 17.61, 47975
AFLfast,xmllint,12,1623617393, 1, 7, 1032, 1025, 323, 10.80%, 0, 0, 2, 17.26, 48064
AFLfast,xmllint,12,1623617398, 1, 7, 1035, 1028, 323, 10.80%, 0, 0, 2, 16.38, 48145
AFLfast,xmllint,12,1623617403, 1, 7, 1039, 1032, 323, 10.82%, 0, 0, 2, 16.58, 48234
AFLfast,xmllint,12,1623617408, 1, 7, 1043, 1036, 323, 10.82%, 0, 0, 2, 16.52, 48318
AFLfast,xmllint,12,1623617414, 1, 7, 1046, 1039, 323, 10.84%, 0, 0, 2, 16.54, 48406
AFLfast,xmllint,12,1623617419, 1, 7, 1048, 1041, 323, 10.85%, 0, 0, 2, 15.96, 48486
AFLfast,xmllint,12,1623617424, 1, 7, 1052, 1045, 323, 10.85%, 0, 0, 2, 16.12, 48571
AFLfast,xmllint,12,1623617434, 1, 7, 1055, 1048, 323, 10.85%, 0, 0, 2, 15.83, 48732
AFLfast,xmllint,12,1623617440, 1, 7, 1056, 1049, 323, 10.85%, 0, 0, 2, 16.32, 48818
AFLfast,xmllint,12,1623617445, 1, 7, 1057, 1050, 323, 10.85%, 0, 0, 2, 15.38, 48893
AFLfast,xmllint,12,1623617450, 1, 7, 1059, 1052, 323, 10.85%, 0, 0, 2, 15.32, 48974
AFLfast,xmllint,12,1623617455, 1, 7, 1060, 1053, 323, 10.85%, 0, 0, 2, 16.11, 49065
AFLfast,xmllint,12,1623617461, 1, 7, 1061, 1054, 323, 10.86%, 0, 0, 2, 15.54, 49146
AFLfast,xmllint,12,1623617466, 1, 7, 1062, 1055, 323, 10.86%, 0, 0, 2, 15.15, 49224
AFLfast,xmllint,12,1623617473, 1, 7, 1065, 1058, 323, 10.87%, 0, 0, 2, 0.72, 49305
AFLfast,xmllint,12,1623617483, 1, 7, 1066, 1059, 323, 10.87%, 0, 0, 2, 15.37, 49466
AFLfast,xmllint,12,1623617494, 1, 7, 1068, 1061, 323, 10.88%, 0, 0, 2, 15.13, 49626
AFLfast,xmllint,12,1623617509, 1, 7, 1070, 1063, 323, 10.88%, 0, 0, 2, 15.39, 49865
AFLfast,xmllint,12,1623617529, 1, 7, 1071, 1064, 323, 10.88%, 0, 0, 2, 15.51, 50179
AFLfast,xmllint,12,1623617535, 1, 7, 1073, 1066, 323, 10.88%, 0, 0, 2, 15.34, 50260
AFLfast,xmllint,12,1623617540, 1, 7, 1075, 1068, 323, 10.88%, 0, 0, 2, 15.69, 50338
AFLfast,xmllint,12,1623617553, 1, 7, 1076, 1069, 323, 10.88%, 0, 0, 2, 13.61, 50482
AFLfast,xmllint,12,1623617569, 1, 7, 1078, 1071, 323, 10.88%, 0, 0, 2, 15.46, 50716
AFLfast,xmllint,12,1623617579, 1, 7, 1080, 1073, 323, 10.88%, 0, 0, 2, 15.72, 50879
AFLfast,xmllint,12,1623617584, 1, 7, 1081, 1074, 323, 10.88%, 0, 0, 2, 15.52, 50960
AFLfast,xmllint,12,1623617589, 1, 7, 1083, 1076, 323, 10.89%, 0, 0, 2, 15.77, 51043
AFLfast,xmllint,12,1623617600, 1, 7, 1085, 1078, 323, 10.89%, 0, 0, 2, 15.54, 51211
AFLfast,xmllint,12,1623617605, 1, 7, 1086, 1079, 323, 10.89%, 0, 0, 2, 15.54, 51292
AFLfast,xmllint,12,1623617610, 1, 7, 1089, 1082, 323, 10.89%, 0, 0, 2, 15.06, 51373
AFLfast,xmllint,12,1623617615, 1, 7, 1091, 1084, 323, 10.89%, 0, 0, 2, 14.90, 51447
AFLfast,xmllint,12,1623617627, 1, 7, 1092, 1085, 323, 10.89%, 0, 0, 2, 0.51, 51569
AFLfast,xmllint,12,1623617632, 1, 7, 1093, 1086, 323, 10.89%, 0, 0, 2, 12.27, 51652
AFLfast,xmllint,12,1623617637, 1, 7, 1094, 1087, 323, 10.89%, 0, 0, 2, 13.85, 51728
AFLfast,xmllint,12,1623617671, 1, 9, 1094, 1086, 340, 10.89%, 0, 0, 2, 0.60, 52192
AFLfast,xmllint,12,1623617676, 1, 9, 1096, 1088, 340, 10.92%, 0, 0, 2, 12.94, 52281
AFLfast,xmllint,12,1623617682, 1, 9, 1099, 1091, 340, 10.96%, 0, 0, 2, 15.51, 52369
AFLfast,xmllint,12,1623617687, 1, 9, 1103, 1095, 340, 10.97%, 0, 0, 2, 16.35, 52457
AFLfast,xmllint,12,1623617692, 1, 9, 1104, 1096, 340, 10.97%, 0, 0, 2, 16.77, 52547
AFLfast,xmllint,12,1623617697, 1, 9, 1105, 1097, 340, 10.98%, 0, 0, 2, 16.17, 52631
AFLfast,xmllint,12,1623617707, 1, 9, 1106, 1098, 340, 10.98%, 0, 0, 2, 16.33, 52802
AFLfast,xmllint,12,1623617713, 1, 9, 1107, 1099, 340, 10.98%, 0, 0, 2, 16.32, 52891
AFLfast,xmllint,12,1623617718, 1, 9, 1108, 1100, 340, 10.98%, 0, 0, 2, 16.65, 52981
AFLfast,xmllint,12,1623617723, 1, 9, 1110, 1102, 340, 10.99%, 0, 0, 2, 16.74, 53067
AFLfast,xmllint,12,1623617738, 1, 9, 1111, 1103, 340, 10.99%, 0, 0, 2, 16.46, 53321
AFLfast,xmllint,12,1623617744, 1, 9, 1113, 1105, 340, 10.99%, 0, 0, 2, 0.51, 53384
AFLfast,xmllint,12,1623617759, 1, 9, 1114, 1106, 340, 10.99%, 0, 0, 2, 15.90, 53631
AFLfast,xmllint,12,1623617775, 1, 9, 1116, 1108, 340, 10.99%, 0, 0, 2, 16.34, 53877
AFLfast,xmllint,12,1623617796, 1, 9, 1117, 1109, 340, 10.99%, 0, 0, 2, 15.66, 54213
AFLfast,xmllint,12,1623617806, 1, 9, 1118, 1110, 340, 10.99%, 0, 0, 2, 15.37, 54377
AFLfast,xmllint,12,1623617819, 1, 9, 1119, 1111, 340, 10.99%, 0, 0, 2, 15.42, 54530
AFLfast,xmllint,12,1623617844, 1, 9, 1120, 1112, 340, 10.99%, 0, 0, 2, 15.95, 54941
AFLfast,xmllint,12,1623617875, 1, 9, 1122, 1114, 340, 10.99%, 0, 0, 2, 16.01, 55427
AFLfast,xmllint,12,1623617909, 1, 9, 1123, 1115, 340, 11.00%, 0, 0, 2, 15.97, 55925
AFLfast,xmllint,12,1623617914, 1, 9, 1124, 1116, 340, 11.00%, 0, 0, 2, 16.25, 56006
AFLfast,xmllint,12,1623617950, 1, 9, 1125, 1117, 340, 11.00%, 0, 0, 2, 15.42, 56558
AFLfast,xmllint,12,1623617960, 1, 9, 1126, 1118, 340, 11.00%, 0, 0, 2, 16.07, 56724
AFLfast,xmllint,12,1623617986, 1, 9, 1127, 1119, 340, 11.00%, 0, 0, 2, 16.60, 57128
AFLfast,xmllint,12,1623617996, 1, 9, 1129, 1121, 340, 11.00%, 0, 0, 2, 17.00, 57304
AFLfast,xmllint,12,1623618007, 1, 12, 1129, 1120, 356, 11.00%, 0, 0, 2, 19.43, 57421
AFLfast,xmllint,12,1623618017, 1, 12, 1134, 1125, 356, 11.00%, 0, 0, 2, 17.57, 57606
AFLfast,xmllint,12,1623618023, 1, 12, 1141, 1132, 356, 11.01%, 0, 0, 2, 16.02, 57688
AFLfast,xmllint,12,1623618028, 1, 12, 1144, 1135, 356, 11.01%, 0, 0, 2, 15.46, 57770
AFLfast,xmllint,12,1623618033, 1, 12, 1146, 1137, 356, 11.02%, 0, 0, 2, 14.73, 57848
AFLfast,xmllint,12,1623618038, 1, 12, 1149, 1140, 356, 11.02%, 0, 0, 2, 15.28, 57927
AFLfast,xmllint,12,1623618044, 1, 12, 1153, 1144, 356, 11.02%, 0, 0, 2, 15.82, 58012
AFLfast,xmllint,12,1623618049, 1, 12, 1155, 1146, 356, 11.02%, 0, 0, 2, 15.95, 58094
AFLfast,xmllint,12,1623618054, 1, 12, 1156, 1147, 356, 11.02%, 0, 0, 2, 15.38, 58174
AFLfast,xmllint,12,1623618064, 1, 12, 1158, 1149, 356, 11.02%, 0, 0, 2, 15.82, 58337
AFLfast,xmllint,12,1623618069, 1, 12, 1160, 1151, 356, 11.02%, 0, 0, 2, 15.59, 58417
AFLfast,xmllint,12,1623618075, 1, 12, 1161, 1152, 356, 11.02%, 0, 0, 2, 15.83, 58502
AFLfast,xmllint,12,1623618080, 1, 12, 1162, 1153, 356, 11.02%, 0, 0, 2, 15.82, 58584
AFLfast,xmllint,12,1623618085, 1, 12, 1164, 1155, 356, 11.02%, 0, 0, 2, 14.81, 58659
AFLfast,xmllint,12,1623618090, 1, 12, 1166, 1157, 356, 11.03%, 0, 0, 2, 14.09, 58733
AFLfast,xmllint,12,1623618095, 1, 12, 1168, 1159, 356, 11.03%, 0, 0, 2, 14.50, 58809
AFLfast,xmllint,12,1623618100, 1, 12, 1169, 1160, 356, 11.03%, 0, 0, 2, 14.58, 58888
AFLfast,xmllint,12,1623618106, 1, 12, 1171, 1162, 356, 11.03%, 0, 0, 2, 12.63, 58922
AFLfast,xmllint,12,1623618111, 1, 12, 1173, 1164, 356, 11.03%, 0, 0, 2, 15.04, 59004
AFLfast,xmllint,12,1623618131, 1, 12, 1175, 1166, 356, 11.03%, 0, 0, 2, 15.43, 59314
AFLfast,xmllint,12,1623618136, 1, 12, 1176, 1167, 356, 11.04%, 0, 0, 2, 15.61, 59394
AFLfast,xmllint,12,1623618141, 1, 12, 1177, 1168, 356, 11.04%, 0, 0, 2, 14.12, 59464
AFLfast,xmllint,12,1623618146, 1, 12, 1178, 1169, 356, 11.04%, 0, 0, 2, 14.35, 59539
AFLfast,xmllint,12,1623618152, 1, 12, 1179, 1170, 356, 11.04%, 0, 0, 2, 15.21, 59618
AFLfast,xmllint,12,1623618157, 1, 12, 1180, 1171, 356, 11.04%, 0, 0, 2, 14.61, 59693
AFLfast,xmllint,12,1623618162, 1, 12, 1182, 1173, 356, 11.04%, 0, 0, 2, 15.00, 59771
AFLfast,xmllint,12,1623618167, 1, 12, 1183, 1174, 356, 11.04%, 0, 0, 2, 15.58, 59851
AFLfast,xmllint,12,1623618172, 1, 12, 1184, 1175, 356, 11.04%, 0, 0, 2, 15.37, 59928
AFLfast,xmllint,12,1623618188, 1, 12, 1185, 1176, 356, 11.04%, 0, 0, 2, 14.08, 60121
AFLfast,xmllint,12,1623618193, 1, 12, 1187, 1178, 356, 11.04%, 0, 0, 2, 15.41, 60203
AFLfast,xmllint,12,1623618198, 1, 12, 1188, 1179, 356, 11.04%, 0, 0, 2, 15.34, 60281
AFLfast,xmllint,12,1623618235, 1, 12, 1189, 1180, 356, 11.04%, 0, 0, 2, 15.62, 60830
AFLfast,xmllint,12,1623618245, 1, 12, 1190, 1181, 356, 11.05%, 0, 0, 2, 15.58, 60989
AFLfast,xmllint,12,1623618250, 1, 12, 1191, 1182, 356, 11.05%, 0, 0, 2, 15.69, 61072
AFLfast,xmllint,12,1623618258, 1, 12, 1192, 1183, 356, 11.05%, 0, 0, 2, 0.56, 61136
AFLfast,xmllint,12,1623618263, 1, 12, 1193, 1184, 356, 11.05%, 0, 0, 2, 13.69, 61214
AFLfast,xmllint,12,1623618273, 1, 12, 1194, 1185, 356, 11.05%, 0, 0, 2, 13.75, 61350
AFLfast,xmllint,12,1623618289, 1, 12, 1196, 1187, 356, 11.05%, 0, 0, 2, 14.01, 61574
AFLfast,xmllint,12,1623618294, 1, 12, 1197, 1188, 356, 11.05%, 0, 0, 2, 13.75, 61648
AFLfast,xmllint,12,1623618307, 1, 17, 1198, 1188, 363, 11.05%, 0, 0, 2, 0.51, 61791
AFLfast,xmllint,12,1623618323, 1, 17, 1199, 1189, 363, 11.05%, 0, 0, 2, 15.84, 62049
AFLfast,xmllint,12,1623618338, 1, 17, 1200, 1190, 363, 11.05%, 0, 0, 2, 15.10, 62282
AFLfast,xmllint,12,1623618364, 1, 17, 1201, 1191, 363, 11.05%, 0, 0, 2, 15.77, 62681
AFLfast,xmllint,12,1623618369, 1, 17, 1202, 1192, 363, 11.06%, 0, 0, 2, 14.80, 62757
AFLfast,xmllint,12,1623618379, 1, 17, 1203, 1193, 363, 11.06%, 0, 0, 2, 14.80, 62912
AFLfast,xmllint,12,1623618400, 1, 17, 1205, 1195, 363, 11.06%, 0, 0, 2, 14.51, 63179
AFLfast,xmllint,12,1623618405, 1, 17, 1206, 1196, 363, 11.06%, 0, 0, 2, 14.04, 63248
AFLfast,xmllint,12,1623618410, 1, 17, 1209, 1199, 363, 11.06%, 0, 0, 2, 14.31, 63325
AFLfast,xmllint,12,1623618416, 1, 17, 1211, 1201, 363, 11.06%, 0, 0, 2, 14.59, 63399
AFLfast,xmllint,12,1623618421, 1, 17, 1213, 1203, 363, 11.06%, 0, 0, 2, 14.51, 63476
AFLfast,xmllint,12,1623618426, 1, 17, 1215, 1205, 363, 11.06%, 0, 0, 2, 14.66, 63550
AFLfast,xmllint,12,1623618431, 1, 17, 1216, 1206, 363, 11.06%, 0, 0, 2, 15.37, 63629
AFLfast,xmllint,12,1623618436, 1, 17, 1217, 1207, 363, 11.06%, 0, 0, 2, 14.05, 63698
AFLfast,xmllint,12,1623618441, 1, 17, 1219, 1209, 363, 11.06%, 0, 0, 2, 14.48, 63775
AFLfast,xmllint,12,1623618446, 1, 17, 1221, 1211, 363, 11.06%, 0, 0, 2, 14.55, 63851
AFLfast,xmllint,12,1623618452, 1, 17, 1223, 1213, 363, 11.06%, 0, 0, 2, 13.60, 63925
AFLfast,xmllint,12,1623618457, 1, 17, 1224, 1214, 363, 11.06%, 0, 0, 2, 14.02, 63999
AFLfast,xmllint,12,1623618462, 1, 17, 1225, 1215, 363, 11.06%, 0, 0, 2, 14.86, 64078
AFLfast,xmllint,12,1623618467, 1, 17, 1226, 1216, 363, 11.06%, 0, 0, 2, 14.36, 64156
AFLfast,xmllint,12,1623618475, 1, 17, 1227, 1217, 363, 11.06%, 0, 0, 2, 0.47, 64215
AFLfast,xmllint,12,1623618481, 1, 17, 1229, 1219, 363, 11.06%, 0, 0, 2, 13.92, 64293
AFLfast,xmllint,12,1623618496, 1, 17, 1230, 1220, 363, 11.06%, 0, 0, 2, 14.49, 64514
AFLfast,xmllint,12,1623618501, 1, 17, 1232, 1222, 363, 11.06%, 0, 0, 2, 15.03, 64595
AFLfast,xmllint,12,1623618512, 1, 17, 1234, 1224, 363, 11.07%, 0, 0, 2, 14.00, 64743
AFLfast,xmllint,12,1623618517, 1, 17, 1235, 1225, 363, 11.07%, 0, 0, 2, 14.27, 64819
AFLfast,xmllint,12,1623618522, 1, 17, 1236, 1226, 363, 11.07%, 0, 0, 2, 14.78, 64896
AFLfast,xmllint,12,1623618527, 1, 17, 1237, 1227, 363, 11.07%, 0, 0, 2, 14.75, 64970
AFLfast,xmllint,12,1623618532, 1, 17, 1239, 1229, 363, 11.07%, 0, 0, 2, 14.71, 65041
AFLfast,xmllint,12,1623618542, 1, 17, 1240, 1230, 363, 11.07%, 0, 0, 2, 14.30, 65188
AFLfast,xmllint,12,1623618547, 1, 17, 1242, 1232, 363, 11.07%, 0, 0, 2, 14.67, 65267
AFLfast,xmllint,12,1623618574, 1, 17, 1244, 1234, 363, 11.07%, 0, 0, 2, 15.24, 65598
AFLfast,xmllint,12,1623618579, 1, 17, 1245, 1235, 363, 11.07%, 0, 0, 2, 15.17, 65674
AFLfast,xmllint,12,1623618584, 1, 17, 1246, 1236, 363, 11.07%, 0, 0, 2, 15.67, 65758
AFLfast,xmllint,12,1623618605, 1, 18, 1247, 1236, 370, 11.07%, 0, 0, 2, 25.26, 66017
AFLfast,xmllint,12,1623618610, 1, 18, 1249, 1238, 370, 11.09%, 0, 0, 2, 19.34, 66108
AFLfast,xmllint,12,1623618615, 1, 18, 1251, 1240, 370, 11.10%, 0, 0, 2, 17.44, 66189
AFLfast,xmllint,12,1623618620, 1, 18, 1254, 1243, 370, 11.10%, 0, 0, 2, 17.10, 66277
AFLfast,xmllint,12,1623618626, 1, 18, 1256, 1245, 370, 11.11%, 0, 0, 2, 15.77, 66355
AFLfast,xmllint,12,1623618631, 1, 18, 1258, 1247, 370, 11.11%, 0, 0, 2, 15.33, 66438
AFLfast,xmllint,12,1623618636, 1, 18, 1259, 1248, 370, 11.12%, 0, 0, 2, 15.79, 66522
AFLfast,xmllint,12,1623618641, 1, 18, 1260, 1249, 370, 11.13%, 0, 0, 2, 15.99, 66606
AFLfast,xmllint,12,1623618646, 1, 18, 1263, 1252, 370, 11.13%, 0, 0, 2, 15.68, 66689
AFLfast,xmllint,12,1623618662, 1, 18, 1264, 1253, 370, 11.14%, 0, 0, 2, 16.23, 66940
AFLfast,xmllint,12,1623618667, 1, 18, 1265, 1254, 370, 11.14%, 0, 0, 2, 15.79, 67017
AFLfast,xmllint,12,1623618698, 1, 18, 1266, 1255, 370, 11.14%, 0, 0, 2, 16.36, 67505
AFLfast,xmllint,12,1623618704, 1, 18, 1267, 1256, 370, 11.14%, 0, 0, 2, 16.94, 67593
AFLfast,xmllint,12,1623618724, 1, 18, 1269, 1258, 370, 11.14%, 0, 0, 2, 16.57, 67935
AFLfast,xmllint,12,1623618730, 1, 18, 1271, 1260, 370, 11.14%, 0, 0, 2, 16.66, 68024
AFLfast,xmllint,12,1623618740, 1, 18, 1273, 1262, 370, 11.14%, 0, 0, 2, 16.10, 68189
AFLfast,xmllint,12,1623618745, 1, 18, 1274, 1263, 370, 11.14%, 0, 0, 2, 16.26, 68275
AFLfast,xmllint,12,1623618750, 1, 18, 1275, 1264, 370, 11.14%, 0, 0, 2, 19.60, 68318
AFLfast,xmllint,12,1623618756, 1, 18, 1276, 1265, 370, 11.14%, 0, 0, 2, 17.27, 68403
AFLfast,xmllint,12,1623618761, 1, 18, 1277, 1266, 370, 11.14%, 0, 0, 2, 16.08, 68488
AFLfast,xmllint,12,1623618766, 1, 18, 1279, 1268, 370, 11.14%, 0, 0, 2, 16.54, 68575
AFLfast,xmllint,12,1623618771, 1, 18, 1280, 1269, 370, 11.14%, 0, 0, 2, 15.80, 68655
AFLfast,xmllint,12,1623618787, 1, 18, 1281, 1270, 370, 11.14%, 0, 0, 2, 15.57, 68901
AFLfast,xmllint,12,1623618813, 1, 18, 1282, 1271, 370, 11.14%, 0, 0, 2, 16.27, 69324
AFLfast,xmllint,12,1623618824, 1, 18, 1283, 1272, 370, 11.14%, 0, 0, 2, 14.29, 69474
AFLfast,xmllint,12,1623618845, 1, 18, 1284, 1273, 370, 11.14%, 0, 0, 2, 8.77, 69806
AFLfast,xmllint,12,1623618850, 1, 18, 1285, 1274, 370, 11.14%, 0, 0, 2, 12.95, 69884
AFLfast,xmllint,12,1623618865, 1, 18, 1286, 1275, 370, 11.14%, 0, 0, 2, 16.09, 70130
AFLfast,xmllint,12,1623618881, 1, 18, 1287, 1276, 370, 11.14%, 0, 0, 2, 16.25, 70384
AFLfast,xmllint,12,1623618929, 1, 18, 1288, 1277, 370, 11.14%, 0, 0, 2, 15.19, 71094
AFLfast,xmllint,12,1623618935, 1, 18, 1291, 1280, 370, 11.14%, 0, 0, 2, 15.88, 71178
AFLfast,xmllint,12,1623618940, 1, 18, 1293, 1282, 370, 11.14%, 0, 0, 2, 15.76, 71261
AFLfast,xmllint,12,1623618945, 1, 18, 1294, 1283, 370, 11.15%, 0, 0, 2, 16.25, 71346
AFLfast,xmllint,12,1623618950, 1, 18, 1295, 1284, 370, 11.15%, 0, 0, 2, 16.33, 71430
AFLfast,xmllint,12,1623618956, 1, 18, 1297, 1286, 370, 11.17%, 0, 0, 2, 16.30, 71516
AFLfast,xmllint,12,1623618961, 1, 18, 1298, 1287, 370, 11.17%, 0, 0, 2, 0.37, 71566
AFLfast,xmllint,12,1623618972, 1, 18, 1299, 1288, 370, 11.18%, 0, 0, 2, 15.21, 71730
AFLfast,xmllint,12,1623618992, 1, 18, 1300, 1289, 370, 11.18%, 0, 0, 2, 15.48, 72047
AFLfast,xmllint,12,1623619056, 1, 20, 1300, 1288, 391, 11.18%, 0, 0, 2, 0.36, 72989
AFLfast,xmllint,12,1623619062, 1, 20, 1301, 1289, 391, 11.18%, 0, 0, 2, 16.02, 73075
AFLfast,xmllint,12,1623619067, 1, 20, 1303, 1291, 391, 11.18%, 0, 0, 2, 17.03, 73168
AFLfast,xmllint,12,1623619072, 1, 20, 1305, 1293, 391, 11.18%, 0, 0, 2, 16.39, 73254
AFLfast,xmllint,12,1623619077, 1, 20, 1306, 1294, 391, 11.19%, 0, 0, 2, 16.48, 73339
AFLfast,xmllint,12,1623619087, 1, 20, 1307, 1295, 391, 11.19%, 0, 0, 2, 17.05, 73514
AFLfast,xmllint,12,1623619103, 1, 20, 1308, 1296, 391, 11.19%, 0, 0, 2, 15.36, 73757
AFLfast,xmllint,12,1623619108, 1, 20, 1310, 1298, 391, 11.19%, 0, 0, 2, 15.82, 73838
AFLfast,xmllint,12,1623619113, 1, 20, 1311, 1299, 391, 11.19%, 0, 0, 2, 16.00, 73920
AFLfast,xmllint,12,1623619118, 1, 20, 1313, 1301, 391, 11.20%, 0, 0, 2, 15.68, 74004
AFLfast,xmllint,12,1623619124, 1, 20, 1316, 1304, 391, 11.20%, 0, 0, 2, 16.31, 74091
AFLfast,xmllint,12,1623619134, 1, 20, 1317, 1305, 391, 11.20%, 0, 0, 2, 15.36, 74217
AFLfast,xmllint,12,1623619139, 1, 20, 1318, 1306, 391, 11.20%, 0, 0, 2, 15.85, 74305
AFLfast,xmllint,12,1623619154, 1, 20, 1320, 1308, 391, 11.21%, 0, 0, 2, 16.25, 74553
AFLfast,xmllint,12,1623619160, 1, 20, 1321, 1309, 391, 11.21%, 0, 0, 2, 16.58, 74641
AFLfast,xmllint,12,1623619165, 1, 20, 1322, 1310, 391, 11.21%, 0, 0, 2, 16.40, 74725
AFLfast,xmllint,12,1623619170, 1, 20, 1324, 1312, 391, 11.21%, 0, 0, 2, 16.03, 74811
AFLfast,xmllint,12,1623619175, 1, 20, 1325, 1313, 391, 11.22%, 0, 0, 2, 15.96, 74895
AFLfast,xmllint,12,1623619196, 1, 20, 1326, 1314, 391, 11.22%, 0, 0, 2, 16.30, 75223
AFLfast,xmllint,12,1623619202, 1, 20, 1327, 1315, 391, 11.22%, 0, 0, 2, 0.81, 75291
AFLfast,xmllint,12,1623619218, 1, 20, 1328, 1316, 391, 11.22%, 0, 0, 2, 16.66, 75553
AFLfast,xmllint,12,1623619234, 1, 20, 1329, 1317, 391, 11.22%, 0, 0, 2, 17.43, 75824
AFLfast,xmllint,12,1623619239, 1, 20, 1330, 1318, 391, 11.22%, 0, 0, 2, 17.12, 75911
AFLfast,xmllint,12,1623619244, 1, 20, 1332, 1320, 391, 11.23%, 0, 0, 2, 16.60, 75999
AFLfast,xmllint,12,1623619249, 1, 20, 1333, 1321, 391, 11.23%, 0, 0, 2, 17.08, 76088
AFLfast,xmllint,12,1623619259, 1, 20, 1334, 1322, 391, 11.23%, 0, 0, 2, 17.10, 76263
AFLfast,xmllint,12,1623619270, 1, 20, 1335, 1323, 391, 11.23%, 0, 0, 2, 14.70, 76402
AFLfast,xmllint,12,1623619285, 1, 20, 1336, 1324, 391, 11.24%, 0, 0, 2, 17.44, 76679
AFLfast,xmllint,12,1623619306, 1, 21, 1336, 1323, 404, 11.24%, 0, 0, 2, 1.87, 76994
AFLfast,xmllint,12,1623619317, 1, 21, 1340, 1327, 404, 11.25%, 0, 0, 2, 17.41, 77175
AFLfast,xmllint,12,1623619327, 1, 21, 1342, 1329, 404, 11.25%, 0, 0, 2, 17.44, 77352
AFLfast,xmllint,12,1623619332, 1, 21, 1343, 1330, 404, 11.25%, 0, 0, 2, 17.11, 77437
AFLfast,xmllint,12,1623619342, 1, 21, 1344, 1331, 404, 11.25%, 0, 0, 2, 16.73, 77610
AFLfast,xmllint,12,1623619347, 1, 21, 1345, 1332, 404, 11.25%, 0, 0, 2, 17.27, 77703
AFLfast,xmllint,12,1623619358, 1, 21, 1346, 1333, 404, 11.25%, 0, 0, 2, 17.37, 77881
AFLfast,xmllint,12,1623619368, 1, 21, 1347, 1334, 404, 11.25%, 0, 0, 2, 18.04, 78058
AFLfast,xmllint,12,1623619373, 1, 21, 1349, 1336, 404, 11.25%, 0, 0, 2, 17.60, 78150
AFLfast,xmllint,12,1623619379, 1, 21, 1350, 1337, 404, 11.25%, 0, 0, 2, 14.52, 78206
AFLfast,xmllint,12,1623619384, 1, 21, 1351, 1338, 404, 11.25%, 0, 0, 2, 16.38, 78295
AFLfast,xmllint,12,1623619389, 1, 21, 1352, 1339, 404, 11.26%, 0, 0, 2, 16.34, 78381
AFLfast,xmllint,12,1623619415, 1, 21, 1353, 1340, 404, 11.26%, 0, 0, 2, 17.07, 78828
AFLfast,xmllint,12,1623619420, 1, 21, 1354, 1341, 404, 11.26%, 0, 0, 2, 16.64, 78915
AFLfast,xmllint,12,1623619448, 1, 21, 1355, 1342, 404, 11.27%, 0, 0, 2, 16.52, 79339
AFLfast,xmllint,12,1623619494, 1, 21, 1357, 1344, 404, 11.27%, 0, 0, 2, 17.58, 80153
AFLfast,xmllint,12,1623619499, 1, 21, 1358, 1345, 404, 11.27%, 0, 0, 2, 17.41, 80245
AFLfast,xmllint,12,1623619515, 1, 21, 1359, 1346, 404, 11.27%, 0, 0, 2, 16.21, 80481
AFLfast,xmllint,12,1623619530, 1, 21, 1360, 1347, 404, 11.27%, 0, 0, 2, 17.54, 80748
AFLfast,xmllint,12,1623619551, 1, 21, 1361, 1348, 404, 11.27%, 0, 0, 2, 17.64, 81103
AFLfast,xmllint,12,1623619573, 1, 21, 1363, 1350, 404, 11.27%, 0, 0, 2, 19.40, 81439
AFLfast,xmllint,12,1623619578, 1, 21, 1364, 1351, 404, 11.27%, 0, 0, 2, 18.16, 81535
AFLfast,xmllint,12,1623619593, 1, 21, 1365, 1352, 404, 11.27%, 0, 0, 2, 17.22, 81801
AFLfast,xmllint,12,1623619598, 1, 21, 1366, 1353, 404, 11.27%, 0, 0, 2, 17.10, 81887
AFLfast,xmllint,12,1623619619, 1, 22, 1366, 1352, 408, 11.27%, 0, 0, 2, 22.01, 82217
AFLfast,xmllint,12,1623619629, 1, 22, 1367, 1353, 408, 11.27%, 0, 0, 2, 19.68, 82416
AFLfast,xmllint,12,1623619635, 1, 22, 1370, 1356, 408, 11.27%, 0, 0, 2, 20.11, 82523
AFLfast,xmllint,12,1623619640, 1, 22, 1371, 1357, 408, 11.27%, 0, 0, 2, 18.04, 82611
AFLfast,xmllint,12,1623619655, 1, 22, 1372, 1358, 408, 11.27%, 0, 0, 2, 18.26, 82892
AFLfast,xmllint,12,1623619660, 1, 22, 1373, 1359, 408, 11.29%, 0, 0, 2, 18.73, 82987
AFLfast,xmllint,12,1623619670, 1, 22, 1375, 1361, 408, 11.29%, 0, 0, 2, 18.28, 83182
AFLfast,xmllint,12,1623619676, 1, 22, 1376, 1362, 408, 11.29%, 0, 0, 2, 17.65, 83274
AFLfast,xmllint,12,1623619692, 1, 22, 1377, 1363, 408, 11.29%, 0, 0, 2, 17.34, 83532
AFLfast,xmllint,12,1623619697, 1, 22, 1378, 1364, 408, 11.29%, 0, 0, 2, 17.98, 83624
AFLfast,xmllint,12,1623619702, 1, 22, 1379, 1365, 408, 11.31%, 0, 0, 2, 18.40, 83721
AFLfast,xmllint,12,1623619708, 1, 22, 1380, 1366, 408, 11.31%, 0, 0, 2, 18.56, 83816
AFLfast,xmllint,12,1623619723, 1, 22, 1381, 1367, 408, 11.31%, 0, 0, 2, 18.74, 84109
AFLfast,xmllint,12,1623619739, 1, 22, 1382, 1368, 408, 11.31%, 0, 0, 2, 18.40, 84395
AFLfast,xmllint,12,1623619749, 1, 22, 1383, 1369, 408, 11.31%, 0, 0, 2, 18.11, 84558
AFLfast,xmllint,12,1623619765, 1, 22, 1384, 1370, 408, 11.31%, 0, 0, 2, 18.77, 84851
AFLfast,xmllint,12,1623619770, 1, 22, 1385, 1371, 408, 11.32%, 0, 0, 2, 19.24, 84948
AFLfast,xmllint,12,1623619775, 1, 22, 1386, 1372, 408, 11.32%, 0, 0, 2, 18.55, 85046
AFLfast,xmllint,12,1623619785, 1, 22, 1387, 1373, 408, 11.33%, 0, 0, 2, 19.89, 85241
AFLfast,xmllint,12,1623619868, 1, 22, 1388, 1374, 408, 11.33%, 0, 0, 2, 19.03, 86793
AFLfast,xmllint,12,1623619874, 1, 22, 1389, 1375, 408, 11.33%, 0, 0, 2, 18.68, 86889
AFLfast,xmllint,12,1623619889, 1, 22, 1390, 1376, 408, 11.34%, 0, 0, 2, 18.52, 87181
AFLfast,xmllint,12,1623619901, 1, 23, 1390, 1375, 412, 11.34%, 0, 0, 2, 1.01, 87346
AFLfast,xmllint,12,1623619911, 1, 23, 1392, 1377, 412, 11.34%, 0, 0, 2, 19.26, 87560
AFLfast,xmllint,12,1623619917, 1, 23, 1399, 1384, 412, 11.34%, 0, 0, 2, 19.74, 87661
AFLfast,xmllint,12,1623619922, 1, 23, 1404, 1389, 412, 11.35%, 0, 0, 2, 19.06, 87758
AFLfast,xmllint,12,1623619927, 1, 23, 1409, 1394, 412, 11.36%, 0, 0, 2, 18.55, 87852
AFLfast,xmllint,12,1623619932, 1, 23, 1412, 1397, 412, 11.36%, 0, 0, 2, 19.46, 87953
AFLfast,xmllint,12,1623619937, 1, 23, 1415, 1400, 412, 11.37%, 0, 0, 2, 18.32, 88047
AFLfast,xmllint,12,1623619942, 1, 23, 1418, 1403, 412, 11.37%, 0, 0, 2, 19.40, 88150
AFLfast,xmllint,12,1623619953, 1, 23, 1420, 1405, 412, 11.37%, 0, 0, 2, 19.33, 88352
AFLfast,xmllint,12,1623619958, 1, 23, 1424, 1409, 412, 11.43%, 0, 0, 2, 19.93, 88459
AFLfast,xmllint,12,1623619963, 1, 23, 1425, 1410, 412, 11.43%, 0, 0, 2, 19.90, 88566
AFLfast,xmllint,12,1623619968, 1, 23, 1426, 1411, 412, 11.43%, 0, 0, 2, 20.10, 88674
AFLfast,xmllint,12,1623619974, 1, 23, 1427, 1412, 412, 11.43%, 0, 0, 2, 19.68, 88771
AFLfast,xmllint,12,1623619979, 1, 23, 1429, 1414, 412, 11.43%, 0, 0, 2, 2.00, 88826
AFLfast,xmllint,12,1623619984, 1, 23, 1431, 1416, 412, 11.43%, 0, 0, 2, 19.66, 88920
AFLfast,xmllint,12,1623619994, 1, 23, 1433, 1418, 412, 11.45%, 0, 0, 2, 18.15, 89109
AFLfast,xmllint,12,1623619999, 1, 23, 1435, 1420, 412, 11.45%, 0, 0, 2, 18.54, 89205
AFLfast,xmllint,12,1623620005, 1, 23, 1436, 1421, 412, 11.45%, 0, 0, 2, 18.24, 89299
AFLfast,xmllint,12,1623620015, 1, 23, 1440, 1425, 412, 11.51%, 0, 0, 2, 17.68, 89487
AFLfast,xmllint,12,1623620020, 1, 23, 1441, 1426, 412, 11.51%, 0, 0, 2, 17.40, 89577
AFLfast,xmllint,12,1623620025, 1, 23, 1442, 1427, 412, 11.51%, 0, 0, 2, 17.17, 89667
AFLfast,xmllint,12,1623620041, 1, 23, 1443, 1428, 412, 11.51%, 0, 0, 2, 18.38, 89957
AFLfast,xmllint,12,1623620051, 1, 23, 1444, 1429, 412, 11.51%, 0, 0, 2, 18.25, 90083
AFLfast,xmllint,12,1623620056, 1, 23, 1446, 1431, 412, 11.51%, 0, 0, 2, 20.13, 90190
AFLfast,xmllint,12,1623620061, 1, 23, 1447, 1432, 412, 11.51%, 0, 0, 2, 19.68, 90292
AFLfast,xmllint,12,1623620067, 1, 23, 1449, 1434, 412, 11.52%, 0, 0, 2, 18.57, 90388
AFLfast,xmllint,12,1623620072, 1, 23, 1451, 1436, 412, 11.52%, 0, 0, 2, 19.25, 90490
AFLfast,xmllint,12,1623620082, 1, 23, 1454, 1439, 412, 11.52%, 0, 0, 2, 19.95, 90697
AFLfast,xmllint,12,1623620088, 1, 23, 1456, 1441, 412, 11.52%, 0, 0, 2, 19.42, 90800
AFLfast,xmllint,12,1623620093, 1, 23, 1457, 1442, 412, 11.52%, 0, 0, 2, 19.91, 90905
AFLfast,xmllint,12,1623620098, 1, 23, 1458, 1443, 412, 11.52%, 0, 0, 2, 20.16, 91007
AFLfast,xmllint,12,1623620105, 1, 23, 1459, 1444, 412, 11.53%, 0, 0, 2, 2.35, 91114
AFLfast,xmllint,12,1623620110, 1, 23, 1461, 1446, 412, 11.53%, 0, 0, 2, 17.30, 91213
AFLfast,xmllint,12,1623620120, 1, 23, 1463, 1448, 412, 11.53%, 0, 0, 2, 19.86, 91424
AFLfast,xmllint,12,1623620126, 1, 23, 1466, 1451, 412, 11.55%, 0, 0, 2, 20.37, 91532
AFLfast,xmllint,12,1623620136, 1, 23, 1468, 1453, 412, 11.57%, 0, 0, 2, 20.41, 91738
AFLfast,xmllint,12,1623620141, 1, 23, 1470, 1455, 412, 11.57%, 0, 0, 2, 19.62, 91840
AFLfast,xmllint,12,1623620156, 1, 23, 1471, 1456, 412, 11.57%, 0, 0, 2, 20.13, 92148
AFLfast,xmllint,12,1623620164, 1, 23, 1472, 1457, 412, 11.58%, 0, 0, 2, 0.76, 92242
AFLfast,xmllint,12,1623620169, 1, 23, 1473, 1458, 412, 11.58%, 0, 0, 2, 19.06, 92344
AFLfast,xmllint,12,1623620174, 1, 23, 1474, 1459, 412, 11.58%, 0, 0, 2, 20.18, 92450
AFLfast,xmllint,12,1623620184, 1, 23, 1476, 1461, 412, 11.59%, 0, 0, 2, 20.42, 92655
AFLfast,xmllint,12,1623620189, 1, 23, 1478, 1463, 412, 11.59%, 0, 0, 2, 20.09, 92761
AFLfast,xmllint,12,1623620195, 1, 23, 1480, 1465, 412, 11.59%, 0, 0, 2, 21.28, 92875
AFLfast,xmllint,12,1623620205, 1, 23, 1482, 1467, 412, 11.59%, 0, 0, 2, 21.17, 93094
AFLfast,xmllint,12,1623620210, 1, 24, 1482, 1466, 438, 11.59%, 0, 0, 2, 25.00, 93143
AFLfast,xmllint,12,1623620215, 1, 24, 1483, 1467, 438, 11.59%, 0, 0, 2, 24.30, 93269
AFLfast,xmllint,12,1623620220, 1, 24, 1484, 1468, 438, 11.60%, 0, 0, 2, 22.99, 93384
AFLfast,xmllint,12,1623620230, 1, 24, 1485, 1469, 438, 11.60%, 0, 0, 2, 16.90, 93605
AFLfast,xmllint,12,1623620256, 1, 24, 1486, 1470, 438, 11.60%, 0, 0, 2, 23.41, 94188
AFLfast,xmllint,12,1623620266, 1, 24, 1487, 1471, 438, 11.60%, 0, 0, 2, 20.40, 94386
AFLfast,xmllint,12,1623620272, 1, 24, 1488, 1472, 438, 11.60%, 0, 0, 2, 21.89, 94498
AFLfast,xmllint,12,1623620282, 1, 24, 1489, 1473, 438, 11.60%, 0, 0, 2, 21.80, 94718
AFLfast,xmllint,12,1623620287, 1, 24, 1490, 1474, 438, 11.60%, 0, 0, 2, 21.87, 94828
AFLfast,xmllint,12,1623620292, 1, 24, 1491, 1475, 438, 11.60%, 0, 0, 2, 22.10, 94944
AFLfast,xmllint,12,1623620297, 1, 24, 1492, 1476, 438, 11.62%, 0, 0, 2, 23.43, 95071
AFLfast,xmllint,12,1623620323, 1, 24, 1493, 1477, 438, 11.62%, 0, 0, 2, 22.41, 95606
AFLfast,xmllint,12,1623620328, 1, 24, 1494, 1478, 438, 11.63%, 0, 0, 2, 22.21, 95718
AFLfast,xmllint,12,1623620333, 1, 24, 1495, 1479, 438, 11.63%, 0, 0, 2, 23.70, 95843
AFLfast,xmllint,12,1623620400, 1, 24, 1496, 1480, 438, 11.63%, 0, 0, 2, 23.74, 97388
AFLfast,xmllint,12,1623620430, 1, 24, 1497, 1481, 438, 11.64%, 0, 0, 2, 25.49, 98102
AFLfast,xmllint,12,1623620435, 1, 24, 1498, 1482, 438, 11.64%, 0, 0, 2, 25.33, 98234
AFLfast,xmllint,12,1623620441, 1, 25, 1498, 1481, 440, 11.64%, 0, 0, 2, 31.63, 98329
AFLfast,xmllint,12,1623620451, 1, 25, 1499, 1482, 440, 11.64%, 0, 0, 2, 27.00, 98594
AFLfast,xmllint,12,1623620461, 1, 26, 1500, 1482, 440, 11.64%, 0, 0, 2, 32.24, 98832
AFLfast,xmllint,12,1623620466, 1, 26, 1504, 1486, 440, 11.66%, 0, 0, 2, 29.23, 98970
AFLfast,xmllint,12,1623620472, 1, 26, 1507, 1489, 440, 11.67%, 0, 0, 2, 26.90, 99110
AFLfast,xmllint,12,1623620477, 1, 26, 1509, 1491, 440, 11.67%, 0, 0, 2, 26.18, 99241
AFLfast,xmllint,12,1623620487, 1, 26, 1511, 1493, 440, 11.67%, 0, 0, 2, 25.53, 99509
AFLfast,xmllint,12,1623620497, 1, 26, 1512, 1494, 440, 11.67%, 0, 0, 2, 26.60, 99782
AFLfast,xmllint,12,1623620503, 1, 26, 1513, 1495, 440, 11.67%, 0, 0, 2, 0.75, 99924
AFLfast,xmllint,12,1623620509, 1, 26, 1515, 1497, 440, 11.67%, 0, 0, 2, 24.19, 100053
AFLfast,xmllint,12,1623620514, 1, 26, 1516, 1498, 440, 11.67%, 0, 0, 2, 26.24, 100192
AFLfast,xmllint,12,1623620519, 1, 26, 1517, 1499, 440, 11.67%, 0, 0, 2, 27.03, 100331
AFLfast,xmllint,12,1623620529, 1, 26, 1520, 1502, 440, 11.67%, 0, 0, 2, 26.42, 100602
AFLfast,xmllint,12,1623620534, 1, 26, 1522, 1504, 440, 11.67%, 0, 0, 2, 27.26, 100747
AFLfast,xmllint,12,1623620539, 1, 26, 1524, 1506, 440, 11.67%, 0, 0, 2, 27.37, 100888
AFLfast,xmllint,12,1623620545, 1, 26, 1525, 1507, 440, 11.68%, 0, 0, 2, 26.24, 101022
AFLfast,xmllint,12,1623620555, 1, 26, 1527, 1509, 440, 11.68%, 0, 0, 2, 25.21, 101247
AFLfast,xmllint,12,1623620560, 1, 26, 1530, 1512, 440, 11.68%, 0, 0, 2, 28.17, 101398
AFLfast,xmllint,12,1623620565, 1, 26, 1532, 1514, 440, 11.70%, 0, 0, 2, 27.79, 101541
AFLfast,xmllint,12,1623620575, 1, 26, 1533, 1515, 440, 11.70%, 0, 0, 2, 27.33, 101824
AFLfast,xmllint,12,1623620585, 1, 26, 1535, 1517, 440, 11.70%, 0, 0, 2, 27.38, 102102
AFLfast,xmllint,12,1623620601, 1, 26, 1537, 1519, 440, 11.70%, 0, 0, 2, 26.09, 102467
AFLfast,xmllint,12,1623620611, 1, 26, 1538, 1520, 440, 11.70%, 0, 0, 2, 26.95, 102745
AFLfast,xmllint,12,1623620616, 1, 26, 1539, 1521, 440, 11.70%, 0, 0, 2, 28.66, 102896
AFLfast,xmllint,12,1623620621, 1, 26, 1542, 1524, 440, 11.71%, 0, 0, 2, 28.58, 103039
AFLfast,xmllint,12,1623620626, 1, 26, 1543, 1525, 440, 11.71%, 0, 0, 2, 30.38, 103204
AFLfast,xmllint,12,1623620631, 1, 26, 1544, 1526, 440, 11.71%, 0, 0, 2, 20.25, 103301
AFLfast,xmllint,12,1623620642, 1, 26, 1546, 1528, 440, 11.71%, 0, 0, 2, 26.22, 103580
AFLfast,xmllint,12,1623620647, 1, 26, 1547, 1529, 440, 11.71%, 0, 0, 2, 27.53, 103719
AFLfast,xmllint,12,1623620652, 1, 26, 1548, 1530, 440, 11.71%, 0, 0, 2, 26.91, 103856
AFLfast,xmllint,12,1623620663, 1, 28, 1549, 1530, 452, 11.71%, 0, 0, 2, 1.36, 104099
AFLfast,xmllint,12,1623620673, 1, 28, 1550, 1531, 452, 11.72%, 0, 0, 2, 27.43, 104389
AFLfast,xmllint,12,1623620678, 1, 28, 1551, 1532, 452, 11.72%, 0, 0, 2, 31.25, 104526
AFLfast,xmllint,12,1623620683, 1, 28, 1554, 1535, 452, 11.72%, 0, 0, 2, 29.79, 104674
AFLfast,xmllint,12,1623620698, 1, 28, 1556, 1537, 452, 11.72%, 0, 0, 2, 29.03, 105116
AFLfast,xmllint,12,1623620704, 1, 28, 1557, 1538, 452, 11.72%, 0, 0, 2, 28.49, 105263
AFLfast,xmllint,12,1623620714, 1, 28, 1558, 1539, 452, 11.72%, 0, 0, 2, 26.89, 105499
AFLfast,xmllint,12,1623620719, 1, 28, 1559, 1540, 452, 11.72%, 0, 0, 2, 27.33, 105641
AFLfast,xmllint,12,1623620735, 1, 28, 1560, 1541, 452, 11.72%, 0, 0, 2, 26.64, 106067
AFLfast,xmllint,12,1623620777, 1, 28, 1561, 1542, 452, 11.72%, 0, 0, 2, 26.84, 107163
AFLfast,xmllint,12,1623620798, 1, 28, 1562, 1543, 452, 11.73%, 0, 0, 2, 27.75, 107696
AFLfast,xmllint,12,1623620808, 1, 28, 1563, 1544, 452, 11.73%, 0, 0, 2, 26.34, 107964
AFLfast,xmllint,12,1623620813, 1, 28, 1565, 1546, 452, 11.73%, 0, 0, 2, 27.04, 108104
AFLfast,xmllint,12,1623620859, 1, 29, 1565, 1545, 453, 11.73%, 0, 0, 2, 32.94, 109288
AFLfast,xmllint,12,1623620864, 1, 29, 1572, 1552, 453, 11.76%, 0, 0, 2, 30.81, 109440
AFLfast,xmllint,12,1623620869, 1, 29, 1583, 1563, 453, 11.77%, 0, 0, 2, 29.71, 109590
AFLfast,xmllint,12,1623620875, 1, 29, 1591, 1571, 453, 11.78%, 0, 0, 2, 29.53, 109744
AFLfast,xmllint,12,1623620880, 1, 29, 1598, 1578, 453, 11.79%, 0, 0, 2, 27.77, 109886
AFLfast,xmllint,12,1623620885, 1, 29, 1605, 1585, 453, 11.80%, 0, 0, 2, 28.87, 110026
AFLfast,xmllint,12,1623620890, 1, 29, 1608, 1588, 453, 11.81%, 0, 0, 2, 28.22, 110163
AFLfast,xmllint,12,1623620895, 1, 29, 1612, 1592, 453, 11.81%, 0, 0, 2, 28.34, 110313
AFLfast,xmllint,12,1623620900, 1, 29, 1621, 1601, 453, 11.82%, 0, 0, 2, 29.20, 110462
AFLfast,xmllint,12,1623620905, 1, 29, 1622, 1602, 453, 11.82%, 0, 0, 2, 28.60, 110604
AFLfast,xmllint,12,1623620910, 1, 29, 1628, 1608, 453, 11.82%, 0, 0, 2, 27.92, 110743
AFLfast,xmllint,12,1623620915, 1, 29, 1632, 1612, 453, 11.83%, 0, 0, 2, 27.06, 110882
AFLfast,xmllint,12,1623620921, 1, 29, 1636, 1616, 453, 11.83%, 0, 0, 2, 24.39, 110978
AFLfast,xmllint,12,1623620926, 1, 29, 1641, 1621, 453, 11.84%, 0, 0, 2, 26.94, 111120
AFLfast,xmllint,12,1623620931, 1, 29, 1649, 1629, 453, 11.84%, 0, 0, 2, 26.87, 111258
AFLfast,xmllint,12,1623620936, 1, 29, 1650, 1630, 453, 11.84%, 0, 0, 2, 26.05, 111391
AFLfast,xmllint,12,1623620942, 1, 29, 1654, 1634, 453, 11.85%, 0, 0, 2, 26.25, 111530
AFLfast,xmllint,12,1623620947, 1, 29, 1659, 1639, 453, 11.86%, 0, 0, 2, 26.14, 111668
AFLfast,xmllint,12,1623620952, 1, 29, 1663, 1643, 453, 11.87%, 0, 0, 2, 25.68, 111802
AFLfast,xmllint,12,1623620957, 1, 29, 1665, 1645, 453, 11.87%, 0, 0, 2, 26.27, 111941
AFLfast,xmllint,12,1623620962, 1, 29, 1669, 1649, 453, 11.87%, 0, 0, 2, 27.73, 112064
AFLfast,xmllint,12,1623620967, 1, 29, 1674, 1654, 453, 11.87%, 0, 0, 2, 26.03, 112195
AFLfast,xmllint,12,1623620974, 1, 29, 1676, 1656, 453, 11.87%, 0, 0, 2, 1.80, 112305
AFLfast,xmllint,12,1623620980, 1, 29, 1678, 1658, 453, 11.87%, 0, 0, 2, 24.35, 112432
AFLfast,xmllint,12,1623620985, 1, 29, 1679, 1659, 453, 11.87%, 0, 0, 2, 25.05, 112560
AFLfast,xmllint,12,1623620990, 1, 29, 1680, 1660, 453, 11.88%, 0, 0, 2, 25.17, 112689
AFLfast,xmllint,12,1623620995, 1, 29, 1682, 1662, 453, 11.88%, 0, 0, 2, 26.11, 112824
AFLfast,xmllint,12,1623621000, 1, 29, 1686, 1666, 453, 11.90%, 0, 0, 2, 25.67, 112960
AFLfast,xmllint,12,1623621005, 1, 29, 1688, 1668, 453, 11.90%, 0, 0, 2, 24.71, 113088
AFLfast,xmllint,12,1623621011, 1, 29, 1690, 1670, 453, 11.90%, 0, 0, 2, 24.87, 113219
AFLfast,xmllint,12,1623621016, 1, 29, 1693, 1673, 453, 11.91%, 0, 0, 2, 26.43, 113353
AFLfast,xmllint,12,1623621022, 1, 29, 1694, 1674, 453, 11.91%, 0, 0, 2, 1.58, 113473
AFLfast,xmllint,12,1623621027, 1, 29, 1695, 1675, 453, 11.91%, 0, 0, 2, 23.92, 113601
AFLfast,xmllint,12,1623621032, 1, 29, 1697, 1677, 453, 11.91%, 0, 0, 2, 25.83, 113731
AFLfast,xmllint,12,1623621038, 1, 29, 1698, 1678, 453, 11.91%, 0, 0, 2, 26.10, 113865
AFLfast,xmllint,12,1623621043, 1, 29, 1700, 1680, 453, 11.91%, 0, 0, 2, 25.64, 113996
AFLfast,xmllint,12,1623621048, 1, 29, 1702, 1682, 453, 11.91%, 0, 0, 2, 26.17, 114133
AFLfast,xmllint,12,1623621053, 1, 29, 1706, 1686, 453, 11.92%, 0, 0, 2, 26.45, 114274
AFLfast,xmllint,12,1623621058, 1, 29, 1707, 1687, 453, 11.92%, 0, 0, 2, 26.79, 114410
AFLfast,xmllint,12,1623621063, 1, 29, 1711, 1691, 453, 11.92%, 0, 0, 2, 26.83, 114544
AFLfast,xmllint,12,1623621070, 1, 29, 1716, 1696, 453, 11.93%, 0, 0, 2, 1.98, 114673
AFLfast,xmllint,12,1623621075, 1, 29, 1717, 1697, 453, 11.93%, 0, 0, 2, 20.77, 114789
AFLfast,xmllint,12,1623621081, 1, 29, 1720, 1700, 453, 11.93%, 0, 0, 2, 24.28, 114923
AFLfast,xmllint,12,1623621086, 1, 29, 1722, 1702, 453, 11.93%, 0, 0, 2, 25.01, 115052
AFLfast,xmllint,12,1623621091, 1, 29, 1723, 1703, 453, 11.93%, 0, 0, 2, 27.06, 115197
AFLfast,xmllint,12,1623621096, 1, 29, 1724, 1704, 453, 11.93%, 0, 0, 2, 25.75, 115327
AFLfast,xmllint,12,1623621101, 1, 29, 1725, 1705, 453, 11.93%, 0, 0, 2, 26.05, 115463
AFLfast,xmllint,12,1623621108, 1, 35, 1725, 1704, 481, 11.93%, 0, 0, 2, 2.06, 115560
AFLfast,xmllint,12,1623621128, 1, 35, 1726, 1705, 481, 11.93%, 0, 0, 3, 28.99, 116180
AFLfast,xmllint,12,1623621149, 1, 35, 1727, 1706, 481, 11.94%, 0, 0, 3, 29.60, 116758
AFLfast,xmllint,12,1623621187, 1, 35, 1728, 1707, 481, 11.94%, 0, 0, 3, 29.86, 117791
AFLfast,xmllint,12,1623621218, 1, 35, 1729, 1708, 481, 11.94%, 0, 0, 3, 2.56, 118677
AFLfast,xmllint,12,1623621223, 1, 35, 1730, 1709, 481, 11.94%, 0, 0, 3, 30.72, 118823
AFLfast,xmllint,12,1623621244, 1, 38, 1730, 1708, 482, 11.94%, 0, 0, 3, 28.33, 119394
AFLfast,xmllint,12,1623621265, 1, 42, 1730, 1707, 481, 11.94%, 0, 0, 3, 36.85, 119967
AFLfast,xmllint,12,1623621280, 1, 48, 1730, 1706, 481, 11.94%, 0, 0, 3, 30.23, 120368
AFLfast,xmllint,12,1623621290, 1, 55, 1730, 1705, 480, 11.94%, 0, 0, 3, 4.36, 120646
AFLfast,xmllint,12,1623621316, 1, 62, 1730, 1704, 479, 11.94%, 0, 0, 3, 31.37, 121349
AFLfast,xmllint,12,1623621337, 1, 62, 1731, 1705, 479, 11.97%, 0, 0, 3, 30.46, 121947
AFLfast,xmllint,12,1623621362, 1, 72, 1731, 1704, 478, 11.97%, 0, 0, 3, 28.42, 122613
AFLfast,xmllint,12,1623621378, 1, 75, 1731, 1703, 477, 11.97%, 0, 0, 3, 25.75, 123039
AFLfast,xmllint,12,1623621393, 1, 78, 1731, 1702, 476, 11.97%, 0, 0, 3, 44.16, 123453
AFLfast,xmllint,12,1623621405, 1, 83, 1731, 1701, 475, 11.97%, 0, 0, 3, 4.80, 123756
AFLfast,xmllint,12,1623621424, 1, 84, 1731, 1700, 474, 11.97%, 0, 0, 3, 1.51, 124182
AFLfast,xmllint,12,1623621434, 1, 84, 1732, 1701, 474, 11.97%, 0, 0, 3, 29.16, 124473
AFLfast,xmllint,12,1623621454, 1, 84, 1733, 1702, 474, 11.97%, 0, 0, 3, 28.19, 125045
AFLfast,xmllint,12,1623621464, 1, 84, 1734, 1703, 474, 11.97%, 0, 0, 3, 26.31, 125298
AFLfast,xmllint,12,1623621485, 1, 84, 1735, 1704, 474, 11.97%, 0, 0, 3, 29.12, 125890
AFLfast,xmllint,12,1623621541, 1, 84, 1736, 1705, 474, 11.97%, 0, 0, 3, 26.04, 127407
AFLfast,xmllint,12,1623621593, 1, 84, 1737, 1706, 474, 11.97%, 0, 0, 3, 27.61, 128808
AFLfast,xmllint,12,1623621608, 1, 90, 1737, 1705, 470, 11.97%, 0, 0, 3, 32.23, 129182
AFLfast,xmllint,12,1623621657, 1, 94, 1737, 1704, 469, 11.97%, 0, 0, 3, 1.67, 130411
AFLfast,xmllint,12,1623621663, 1, 94, 1738, 1705, 469, 11.97%, 0, 0, 3, 30.10, 130562
AFLfast,xmllint,12,1623621689, 1, 96, 1738, 1704, 468, 11.97%, 0, 0, 3, 3.72, 131246
AFLfast,xmllint,12,1623621704, 1, 96, 1739, 1705, 468, 11.98%, 0, 0, 3, 28.94, 131700
AFLfast,xmllint,12,1623621710, 1, 96, 1741, 1707, 468, 11.98%, 0, 0, 3, 27.45, 131847
AFLfast,xmllint,12,1623621725, 1, 96, 1742, 1708, 468, 11.98%, 0, 0, 3, 28.57, 132295
AFLfast,xmllint,12,1623621761, 1, 96, 1743, 1709, 468, 11.98%, 0, 0, 3, 29.24, 133295
AFLfast,xmllint,12,1623621782, 1, 96, 1744, 1710, 468, 11.98%, 0, 0, 3, 29.07, 133858
AFLfast,xmllint,12,1623621787, 1, 96, 1745, 1711, 468, 11.98%, 0, 0, 3, 28.75, 134004
AFLfast,xmllint,12,1623621838, 1, 96, 1746, 1712, 468, 11.98%, 0, 0, 3, 27.41, 135373
AFLfast,xmllint,12,1623621869, 1, 96, 1747, 1713, 468, 11.99%, 0, 0, 3, 26.63, 136183
AFLfast,xmllint,12,1623621931, 1, 98, 1747, 1712, 471, 11.99%, 0, 0, 3, 26.46, 137867
AFLfast,xmllint,12,1623621962, 1, 98, 1748, 1713, 471, 11.99%, 0, 0, 3, 28.85, 138750
AFLfast,xmllint,12,1623622023, 1, 98, 1749, 1714, 471, 11.99%, 0, 0, 3, 27.73, 140395
AFLfast,xmllint,12,1623622033, 1, 98, 1750, 1715, 471, 11.99%, 0, 0, 3, 28.13, 140693
AFLfast,xmllint,12,1623622115, 1, 102, 1750, 1714, 471, 11.99%, 0, 0, 3, 24.88, 142852
AFLfast,xmllint,12,1623622131, 1, 107, 1750, 1713, 470, 11.99%, 0, 0, 3, 3.92, 143245
AFLfast,xmllint,12,1623622157, 1, 112, 1750, 1712, 469, 11.99%, 0, 0, 3, 33.37, 143953
AFLfast,xmllint,12,1623622172, 1, 114, 1750, 1711, 468, 11.99%, 0, 0, 3, 36.89, 144347
AFLfast,xmllint,12,1623622198, 1, 128, 1750, 1710, 467, 11.99%, 0, 0, 3, 31.01, 145028
AFLfast,xmllint,12,1623622213, 1, 132, 1750, 1709, 466, 11.99%, 0, 0, 3, 29.20, 145444
AFLfast,xmllint,12,1623622233, 1, 134, 1750, 1708, 465, 11.99%, 0, 0, 3, 4.43, 145987
AFLfast,xmllint,12,1623622249, 1, 134, 1751, 1709, 465, 11.99%, 0, 0, 3, 27.91, 146423
AFLfast,xmllint,12,1623622274, 1, 134, 1752, 1710, 465, 11.99%, 0, 0, 3, 24.63, 147077
AFLfast,xmllint,12,1623622335, 1, 134, 1753, 1711, 465, 12.00%, 0, 0, 3, 28.21, 148670
AFLfast,xmllint,12,1623622367, 1, 134, 1754, 1712, 465, 12.00%, 0, 0, 3, 27.55, 149543
AFLfast,xmllint,12,1623622372, 1, 134, 1755, 1713, 465, 12.00%, 0, 0, 3, 26.27, 149672
AFLfast,xmllint,12,1623622382, 1, 134, 1756, 1714, 465, 12.00%, 0, 0, 3, 27.54, 149953
AFLfast,xmllint,12,1623622423, 1, 135, 1756, 1713, 468, 12.00%, 0, 0, 3, 28.07, 151097
AFLfast,xmllint,12,1623622439, 1, 143, 1756, 1712, 467, 12.00%, 0, 0, 3, 24.30, 151491
AFLfast,xmllint,12,1623622449, 1, 143, 1757, 1713, 467, 12.01%, 0, 0, 3, 28.80, 151788
AFLfast,xmllint,12,1623622531, 1, 145, 1757, 1712, 467, 12.01%, 0, 0, 3, 18.39, 153906
AFLfast,xmllint,12,1623622557, 1, 145, 1758, 1713, 467, 12.01%, 0, 0, 3, 29.36, 154678
AFLfast,xmllint,12,1623622619, 1, 149, 1758, 1712, 466, 12.01%, 0, 0, 3, 37.97, 156368
AFLfast,xmllint,12,1623622644, 1, 150, 1758, 1711, 465, 12.01%, 0, 0, 3, 33.57, 157067
AFLfast,xmllint,12,1623622665, 1, 155, 1758, 1710, 464, 12.01%, 0, 0, 3, 27.16, 157627
AFLfast,xmllint,12,1623622680, 1, 159, 1758, 1709, 463, 12.01%, 0, 0, 3, 38.32, 158049
AFLfast,xmllint,12,1623622695, 1, 163, 1758, 1708, 462, 12.01%, 0, 0, 3, 4.98, 158460
AFLfast,xmllint,12,1623622711, 1, 166, 1758, 1707, 461, 12.01%, 0, 0, 3, 27.76, 158880
AFLfast,xmllint,12,1623622716, 1, 166, 1759, 1708, 461, 12.01%, 0, 0, 3, 30.06, 159045
AFLfast,xmllint,12,1623622744, 1, 173, 1759, 1707, 460, 12.01%, 0, 0, 3, 1.35, 159718
AFLfast,xmllint,12,1623622761, 1, 175, 1759, 1706, 459, 12.01%, 0, 0, 3, 2.62, 160141
AFLfast,xmllint,12,1623622812, 1, 177, 1759, 1705, 458, 12.01%, 0, 0, 3, 34.99, 161458
AFLfast,xmllint,12,1623622828, 1, 183, 1759, 1704, 457, 12.01%, 0, 0, 3, 33.07, 161882
AFLfast,xmllint,12,1623622843, 1, 186, 1759, 1703, 456, 12.01%, 0, 0, 3, 27.15, 162303
AFLfast,xmllint,12,1623622854, 1, 187, 1759, 1702, 455, 12.01%, 0, 0, 3, 1.14, 162535
AFLfast,xmllint,12,1623622869, 1, 188, 1759, 1701, 454, 12.01%, 0, 0, 3, 0.74, 162949
AFLfast,xmllint,12,1623622885, 1, 210, 1759, 1700, 453, 12.01%, 0, 0, 3, 3.94, 163370
AFLfast,xmllint,12,1623622902, 1, 214, 1759, 1699, 452, 12.01%, 0, 0, 3, 4.72, 163800
AFLfast,xmllint,12,1623622919, 1, 227, 1759, 1698, 451, 12.01%, 0, 0, 3, 0.68, 164227
AFLfast,xmllint,12,1623622934, 1, 229, 1759, 1697, 450, 12.01%, 0, 0, 3, 4.09, 164670
AFLfast,xmllint,12,1623622945, 1, 229, 1760, 1698, 450, 12.01%, 0, 0, 3, 32.05, 165002
AFLfast,xmllint,12,1623622965, 1, 234, 1760, 1697, 448, 12.01%, 0, 0, 3, 37.02, 165561
AFLfast,xmllint,12,1623622976, 1, 249, 1760, 1696, 447, 12.01%, 0, 0, 3, 4.67, 165838
AFLfast,xmllint,12,1623622981, 1, 249, 1761, 1697, 447, 12.01%, 0, 0, 3, 32.50, 165991
AFLfast,xmllint,12,1623622986, 1, 249, 1762, 1698, 447, 12.02%, 0, 0, 3, 31.41, 166149
AFLfast,xmllint,12,1623622991, 1, 249, 1763, 1699, 447, 12.02%, 0, 0, 3, 30.37, 166307
AFLfast,xmllint,12,1623623002, 1, 249, 1765, 1701, 447, 12.02%, 0, 0, 3, 30.81, 166614
AFLfast,xmllint,12,1623623025, 1, 249, 1766, 1702, 447, 12.02%, 0, 0, 3, 29.89, 167215
AFLfast,xmllint,12,1623623031, 1, 249, 1768, 1704, 447, 12.03%, 0, 0, 3, 29.21, 167365
AFLfast,xmllint,12,1623623068, 1, 249, 1769, 1705, 447, 12.03%, 0, 0, 3, 28.97, 168251
AFLfast,xmllint,12,1623623073, 1, 249, 1770, 1706, 447, 12.03%, 0, 0, 3, 29.89, 168409
AFLfast,xmllint,12,1623623130, 1, 249, 1771, 1707, 447, 12.03%, 0, 0, 3, 29.13, 169884
AFLfast,xmllint,12,1623623177, 1, 257, 1771, 1706, 443, 12.03%, 0, 0, 3, 35.58, 170910
AFLfast,xmllint,12,1623623192, 1, 259, 1771, 1705, 442, 12.03%, 0, 0, 3, 42.70, 171298
AFLfast,xmllint,12,1623623210, 1, 266, 1771, 1704, 441, 12.03%, 0, 0, 3, 0.12, 171608
AFLfast,xmllint,12,1623623230, 1, 278, 1771, 1703, 441, 12.03%, 0, 0, 3, 1.24, 172052
AFLfast,xmllint,12,1623623235, 1, 278, 1772, 1704, 441, 12.03%, 0, 0, 3, 30.72, 172206
AFLfast,xmllint,12,1623623312, 1, 278, 1773, 1705, 441, 12.03%, 0, 0, 3, 29.27, 174298
AFLfast,xmllint,12,1623623317, 1, 278, 1774, 1706, 441, 12.03%, 0, 0, 3, 28.47, 174444
AFLfast,xmllint,12,1623623322, 1, 278, 1775, 1707, 441, 12.03%, 0, 0, 3, 27.02, 174582
AFLfast,xmllint,12,1623623373, 1, 278, 1776, 1708, 441, 12.03%, 0, 0, 3, 28.96, 175994
AFLfast,xmllint,12,1623623410, 1, 278, 1777, 1709, 441, 12.03%, 0, 0, 3, 27.80, 176935
AFLfast,xmllint,12,1623623415, 1, 290, 1777, 1708, 440, 12.03%, 0, 0, 3, 27.96, 177071
AFLfast,xmllint,12,1623623431, 1, 293, 1777, 1707, 439, 12.03%, 0, 0, 3, 38.03, 177488
AFLfast,xmllint,12,1623623436, 1, 293, 1778, 1708, 439, 12.03%, 0, 0, 3, 32.50, 177643
AFLfast,xmllint,12,1623623441, 1, 293, 1779, 1709, 439, 12.03%, 0, 0, 3, 32.13, 177811
AFLfast,xmllint,12,1623623493, 1, 297, 1779, 1708, 439, 12.03%, 0, 0, 3, 39.34, 179190
AFLfast,xmllint,12,1623623513, 1, 298, 1779, 1707, 438, 12.03%, 0, 0, 3, 43.08, 179684
AFLfast,xmllint,12,1623623529, 1, 302, 1779, 1706, 437, 12.03%, 0, 0, 3, 31.67, 180093
AFLfast,xmllint,12,1623623552, 1, 305, 1779, 1705, 436, 12.03%, 0, 0, 3, 1.48, 180625
AFLfast,xmllint,12,1623623578, 1, 318, 1779, 1704, 435, 12.03%, 0, 0, 3, 38.31, 181342
AFLfast,xmllint,12,1623623583, 1, 318, 1780, 1705, 435, 12.03%, 0, 0, 3, 31.28, 181491
AFLfast,xmllint,12,1623623588, 1, 318, 1781, 1706, 435, 12.03%, 0, 0, 3, 29.20, 181639
AFLfast,xmllint,12,1623623593, 1, 318, 1782, 1707, 435, 12.03%, 0, 0, 3, 28.45, 181785
AFLfast,xmllint,12,1623623624, 1, 318, 1783, 1708, 435, 12.03%, 0, 0, 3, 27.09, 182619
AFLfast,xmllint,12,1623623634, 1, 318, 1784, 1709, 435, 12.03%, 0, 0, 3, 30.39, 182907
AFLfast,xmllint,12,1623623681, 1, 318, 1785, 1710, 435, 12.03%, 0, 0, 3, 30.04, 184189
AFLfast,xmllint,12,1623623789, 1, 318, 1786, 1711, 435, 12.03%, 0, 0, 3, 26.94, 187053
AFLfast,xmllint,12,1623623825, 1, 319, 1786, 1710, 435, 12.03%, 0, 0, 3, 30.66, 187975
AFLfast,xmllint,12,1623623836, 1, 319, 1787, 1711, 435, 12.03%, 0, 0, 3, 28.78, 188269
AFLfast,xmllint,12,1623623851, 1, 322, 1787, 1710, 434, 12.03%, 0, 0, 3, 36.96, 188657
AFLfast,xmllint,12,1623623856, 1, 322, 1788, 1711, 434, 12.03%, 0, 0, 3, 30.98, 188801
AFLfast,xmllint,12,1623623867, 1, 322, 1789, 1712, 434, 12.03%, 0, 0, 3, 28.38, 189087
AFLfast,xmllint,12,1623623904, 1, 322, 1790, 1713, 434, 12.03%, 0, 0, 3, 28.58, 190098
AFLfast,xmllint,12,1623623991, 1, 322, 1792, 1715, 434, 12.03%, 0, 0, 3, 27.45, 192339
AFLfast,xmllint,12,1623623996, 1, 322, 1794, 1717, 434, 12.03%, 0, 0, 3, 26.40, 192477
AFLfast,xmllint,12,1623624042, 1, 330, 1794, 1716, 433, 12.03%, 0, 0, 3, 28.39, 193655
AFLfast,xmllint,12,1623624057, 1, 332, 1794, 1715, 432, 12.03%, 0, 0, 3, 35.97, 194030
AFLfast,xmllint,12,1623624084, 1, 343, 1794, 1714, 431, 12.03%, 0, 0, 3, 0.11, 194557
AFLfast,xmllint,12,1623624100, 1, 344, 1794, 1713, 430, 12.03%, 0, 0, 3, 3.08, 194983
AFLfast,xmllint,12,1623624110, 1, 344, 1795, 1714, 430, 12.03%, 0, 0, 3, 28.87, 195286
AFLfast,xmllint,12,1623624116, 1, 344, 1796, 1715, 430, 12.03%, 0, 0, 3, 27.63, 195426
AFLfast,xmllint,12,1623624121, 1, 344, 1797, 1716, 430, 12.03%, 0, 0, 3, 27.86, 195575
AFLfast,xmllint,12,1623624126, 1, 344, 1798, 1717, 430, 12.03%, 0, 0, 3, 27.10, 195714
AFLfast,xmllint,12,1623624210, 1, 344, 1799, 1718, 430, 12.03%, 0, 0, 3, 27.42, 197935
AFLfast,xmllint,12,1623624215, 1, 344, 1801, 1720, 430, 12.03%, 0, 0, 3, 27.02, 198073
AFLfast,xmllint,12,1623624230, 1, 344, 1802, 1721, 430, 12.03%, 0, 0, 3, 25.33, 198444
AFLfast,xmllint,12,1623624276, 1, 344, 1803, 1722, 430, 12.03%, 0, 0, 3, 26.72, 199661
AFLfast,xmllint,12,1623624303, 1, 344, 1804, 1723, 430, 12.04%, 0, 0, 3, 23.73, 200351
AFLfast,xmllint,12,1623624313, 1, 344, 1805, 1724, 430, 12.04%, 0, 0, 3, 27.06, 200623
AFLfast,xmllint,12,1623624324, 1, 344, 1806, 1725, 430, 12.04%, 0, 0, 3, 27.35, 200908
AFLfast,xmllint,12,1623624355, 1, 347, 1806, 1724, 430, 12.04%, 0, 0, 3, 42.50, 201673
AFLfast,xmllint,12,1623624370, 1, 348, 1806, 1723, 429, 12.04%, 0, 0, 3, 31.63, 202084
AFLfast,xmllint,12,1623624385, 1, 348, 1807, 1724, 429, 12.04%, 0, 0, 3, 29.22, 202534
AFLfast,xmllint,12,1623624398, 1, 362, 1807, 1723, 428, 12.04%, 0, 0, 3, 0.29, 202816
AFLfast,xmllint,12,1623624414, 1, 364, 1807, 1722, 427, 12.04%, 0, 0, 3, 29.60, 203252
AFLfast,xmllint,12,1623624424, 1, 373, 1807, 1721, 426, 12.04%, 0, 0, 3, 39.06, 203542
AFLfast,xmllint,12,1623624439, 1, 374, 1807, 1720, 426, 12.04%, 0, 0, 3, 1.83, 203902
AFLfast,xmllint,12,1623624444, 1, 374, 1808, 1721, 426, 12.04%, 0, 0, 3, 27.97, 204051
AFLfast,xmllint,12,1623624450, 1, 374, 1809, 1722, 426, 12.04%, 0, 0, 3, 28.75, 204200
AFLfast,xmllint,12,1623624460, 1, 374, 1810, 1723, 426, 12.04%, 0, 0, 3, 28.04, 204489
AFLfast,xmllint,12,1623624475, 1, 374, 1811, 1724, 426, 12.04%, 0, 0, 3, 29.30, 204929
AFLfast,xmllint,12,1623624485, 1, 374, 1812, 1725, 426, 12.04%, 0, 0, 3, 25.52, 205156
AFLfast,xmllint,12,1623624496, 1, 374, 1813, 1726, 426, 12.04%, 0, 0, 3, 28.50, 205453
AFLfast,xmllint,12,1623624532, 1, 374, 1814, 1727, 426, 12.04%, 0, 0, 3, 27.72, 206421
AFLfast,xmllint,12,1623624552, 1, 374, 1815, 1728, 426, 12.04%, 0, 0, 3, 28.25, 207007
AFLfast,xmllint,12,1623624588, 1, 374, 1816, 1729, 426, 12.04%, 0, 0, 3, 27.94, 207977
AFLfast,xmllint,12,1623624599, 1, 374, 1817, 1730, 426, 12.04%, 0, 0, 3, 27.61, 208247
AFLfast,xmllint,12,1623624619, 1, 374, 1818, 1731, 426, 12.04%, 0, 0, 3, 28.26, 208833
AFLfast,xmllint,12,1623624635, 1, 374, 1819, 1732, 426, 12.04%, 0, 0, 3, 25.47, 209228
AFLfast,xmllint,12,1623624645, 1, 374, 1820, 1733, 426, 12.04%, 0, 0, 3, 27.66, 209517
AFLfast,xmllint,12,1623624661, 1, 374, 1821, 1734, 426, 12.04%, 0, 0, 3, 27.75, 209945
AFLfast,xmllint,12,1623624687, 1, 383, 1821, 1733, 427, 12.04%, 0, 0, 3, 5.37, 210595
AFLfast,xmllint,12,1623624702, 1, 387, 1821, 1732, 426, 12.04%, 0, 0, 3, 1.12, 211021
AFLfast,xmllint,12,1623624728, 1, 393, 1821, 1731, 425, 12.04%, 0, 0, 3, 34.05, 211714
AFLfast,xmllint,12,1623624744, 1, 405, 1821, 1730, 424, 12.04%, 0, 0, 3, 34.21, 212116
AFLfast,xmllint,12,1623624749, 1, 405, 1822, 1731, 424, 12.04%, 0, 0, 3, 31.11, 212272
AFLfast,xmllint,12,1623624775, 1, 414, 1822, 1730, 423, 12.04%, 0, 0, 3, 24.46, 212978
AFLfast,xmllint,12,1623624790, 1, 427, 1822, 1729, 422, 12.04%, 0, 0, 3, 23.79, 213407
AFLfast,xmllint,12,1623624811, 1, 429, 1822, 1728, 421, 12.04%, 0, 0, 3, 5.19, 214017
AFLfast,xmllint,12,1623624827, 1, 439, 1822, 1727, 420, 12.04%, 0, 0, 3, 38.42, 214439
AFLfast,xmllint,12,1623624832, 1, 439, 1823, 1728, 420, 12.04%, 0, 0, 3, 32.25, 214588
AFLfast,xmllint,12,1623624858, 1, 441, 1823, 1727, 420, 12.04%, 0, 0, 3, 29.99, 215277
AFLfast,xmllint,12,1623624869, 1, 444, 1823, 1726, 419, 12.04%, 0, 0, 3, 1.65, 215508
AFLfast,xmllint,12,1623624884, 1, 444, 1824, 1727, 419, 12.05%, 0, 0, 3, 30.56, 215986
AFLfast,xmllint,12,1623624905, 1, 444, 1825, 1728, 419, 12.05%, 0, 0, 3, 29.43, 216576
AFLfast,xmllint,12,1623624958, 1, 456, 1825, 1727, 419, 12.05%, 0, 0, 3, 0.11, 217288
AFLfast,xmllint,12,1623624973, 1, 456, 1827, 1729, 419, 12.05%, 0, 0, 3, 30.87, 217765
AFLfast,xmllint,12,1623625025, 1, 456, 1828, 1730, 419, 12.05%, 0, 0, 3, 19.11, 219196
AFLfast,xmllint,12,1623625072, 1, 456, 1829, 1731, 419, 12.05%, 0, 0, 3, 2.61, 220420
AFLfast,xmllint,12,1623625097, 1, 456, 1830, 1732, 419, 12.05%, 0, 0, 3, 29.60, 221158
AFLfast,xmllint,12,1623625108, 1, 456, 1831, 1733, 419, 12.05%, 0, 0, 3, 27.58, 221454
AFLfast,xmllint,12,1623625113, 1, 456, 1832, 1734, 419, 12.05%, 0, 0, 3, 28.22, 221559
AFLfast,xmllint,12,1623625134, 1, 456, 1833, 1735, 419, 12.05%, 0, 0, 3, 27.55, 222158
AFLfast,xmllint,12,1623625141, 1, 464, 1833, 1734, 418, 12.05%, 0, 0, 3, 2.19, 222291
AFLfast,xmllint,12,1623625151, 1, 464, 1834, 1735, 418, 12.05%, 0, 0, 3, 30.55, 222606
AFLfast,xmllint,12,1623625172, 1, 469, 1834, 1734, 418, 12.05%, 0, 0, 3, 31.33, 223182
AFLfast,xmllint,12,1623625177, 1, 469, 1835, 1735, 418, 12.05%, 0, 0, 3, 30.54, 223339
AFLfast,xmllint,12,1623625192, 1, 477, 1835, 1734, 418, 12.05%, 0, 0, 3, 44.78, 223758
AFLfast,xmllint,12,1623625197, 1, 477, 1836, 1735, 418, 12.05%, 0, 0, 3, 34.36, 223913
AFLfast,xmllint,12,1623625223, 1, 478, 1836, 1734, 418, 12.05%, 0, 0, 3, 31.20, 224629
AFLfast,xmllint,12,1623625238, 1, 492, 1836, 1733, 417, 12.05%, 0, 0, 3, 0.74, 225053
AFLfast,xmllint,12,1623625264, 1, 495, 1836, 1732, 416, 12.05%, 0, 0, 3, 31.71, 225766
AFLfast,xmllint,12,1623625280, 1, 496, 1836, 1731, 415, 12.05%, 0, 0, 3, 38.57, 226187
AFLfast,xmllint,12,1623625296, 1, 505, 1836, 1730, 414, 12.05%, 0, 0, 3, 31.27, 226602
AFLfast,xmllint,12,1623625311, 1, 506, 1836, 1729, 412, 12.05%, 0, 0, 3, 1.41, 227003
AFLfast,xmllint,12,1623625327, 1, 509, 1836, 1728, 411, 12.05%, 0, 0, 3, 2.55, 227435
AFLfast,xmllint,12,1623625343, 1, 516, 1836, 1727, 410, 12.05%, 0, 0, 3, 1.18, 227875
AFLfast,xmllint,12,1623625364, 1, 521, 1836, 1726, 409, 12.05%, 0, 0, 3, 37.71, 228387
AFLfast,xmllint,12,1623625379, 1, 529, 1836, 1725, 408, 12.05%, 0, 0, 3, 25.04, 228774
AFLfast,xmllint,12,1623625395, 1, 535, 1836, 1724, 407, 12.05%, 0, 0, 3, 1.48, 229195
AFLfast,xmllint,12,1623625405, 1, 535, 1837, 1725, 407, 12.05%, 0, 0, 3, 28.15, 229474
AFLfast,xmllint,12,1623625420, 1, 535, 1838, 1726, 407, 12.06%, 0, 0, 3, 29.01, 229921
AFLfast,xmllint,12,1623625446, 1, 535, 1839, 1727, 407, 12.06%, 0, 0, 3, 27.34, 230613
AFLfast,xmllint,12,1623625517, 1, 546, 1839, 1726, 406, 12.06%, 0, 0, 3, 3.50, 232526
AFLfast,xmllint,12,1623625533, 1, 548, 1839, 1725, 405, 12.06%, 0, 0, 3, 4.53, 232963
AFLfast,xmllint,12,1623625543, 1, 548, 1840, 1726, 405, 12.06%, 0, 0, 3, 32.28, 233284
AFLfast,xmllint,12,1623625559, 1, 548, 1841, 1727, 405, 12.07%, 0, 0, 3, 29.74, 233770
AFLfast,xmllint,12,1623625595, 1, 549, 1841, 1726, 403, 12.07%, 0, 0, 3, 25.64, 234724
AFLfast,xmllint,12,1623625600, 1, 549, 1842, 1727, 403, 12.07%, 0, 0, 3, 26.22, 234859
AFLfast,xmllint,12,1623625605, 1, 549, 1843, 1728, 403, 12.07%, 0, 0, 3, 27.34, 235005
AFLfast,xmllint,12,1623625615, 1, 549, 1844, 1729, 403, 12.07%, 0, 0, 3, 29.11, 235311
AFLfast,xmllint,12,1623625630, 1, 549, 1845, 1730, 403, 12.07%, 0, 0, 3, 26.95, 235732
AFLfast,xmllint,12,1623625641, 1, 549, 1846, 1731, 403, 12.07%, 0, 0, 3, 27.92, 235991
AFLfast,xmllint,12,1623625646, 1, 549, 1847, 1732, 403, 12.07%, 0, 0, 3, 28.13, 236136
AFLfast,xmllint,12,1623625682, 1, 549, 1848, 1733, 403, 12.07%, 0, 0, 3, 29.83, 237124
AFLfast,xmllint,12,1623625713, 1, 549, 1850, 1735, 403, 12.07%, 0, 0, 3, 28.95, 237982
AFLfast,xmllint,12,1623625754, 1, 549, 1851, 1736, 403, 12.07%, 0, 0, 3, 29.00, 239144
AFLfast,xmllint,12,1623625834, 1, 555, 1851, 1735, 403, 12.07%, 0, 0, 3, 4.49, 241298
AFLfast,xmllint,12,1623625850, 1, 559, 1851, 1734, 402, 12.07%, 0, 0, 3, 46.76, 241726
AFLfast,xmllint,12,1623625891, 1, 563, 1851, 1733, 401, 12.07%, 0, 0, 3, 0.12, 242463
AFLfast,xmllint,12,1623625901, 1, 563, 1852, 1734, 401, 12.07%, 0, 0, 3, 28.88, 242785
AFLfast,xmllint,12,1623625931, 1, 563, 1853, 1735, 401, 12.07%, 0, 0, 3, 26.22, 243590
AFLfast,xmllint,12,1623625967, 1, 565, 1853, 1734, 401, 12.07%, 0, 0, 3, 37.67, 244412
AFLfast,xmllint,12,1623625983, 1, 567, 1853, 1733, 400, 12.07%, 0, 0, 3, 40.54, 244812
AFLfast,xmllint,12,1623625999, 1, 576, 1853, 1732, 399, 12.07%, 0, 0, 3, 4.78, 245252
AFLfast,xmllint,12,1623626014, 1, 581, 1853, 1731, 398, 12.07%, 0, 0, 3, 0.77, 245696
AFLfast,xmllint,12,1623626051, 1, 594, 1853, 1730, 397, 12.07%, 0, 0, 3, 1.23, 246713
AFLfast,xmllint,12,1623626066, 1, 596, 1853, 1729, 396, 12.07%, 0, 0, 3, 2.62, 247149
AFLfast,xmllint,12,1623626081, 1, 597, 1854, 1729, 395, 12.07%, 0, 0, 3, 36.43, 247581
AFLfast,xmllint,12,1623626086, 1, 597, 1855, 1730, 395, 12.07%, 0, 0, 3, 32.48, 247738
AFLfast,xmllint,12,1623626107, 1, 597, 1856, 1731, 395, 12.07%, 0, 0, 3, 29.13, 248347
AFLfast,xmllint,12,1623626199, 1, 599, 1856, 1730, 395, 12.07%, 0, 0, 3, 35.94, 250923
AFLfast,xmllint,12,1623626209, 1, 600, 1856, 1729, 394, 12.07%, 0, 0, 3, 33.84, 251208
AFLfast,xmllint,12,1623626219, 1, 600, 1857, 1730, 394, 12.07%, 0, 0, 3, 29.74, 251507
AFLfast,xmllint,12,1623626240, 1, 601, 1857, 1729, 393, 12.07%, 0, 0, 3, 1.72, 252045
AFLfast,xmllint,12,1623626245, 1, 601, 1858, 1730, 393, 12.07%, 0, 0, 3, 33.83, 252213
AFLfast,xmllint,12,1623626271, 1, 603, 1858, 1729, 392, 12.07%, 0, 0, 3, 33.48, 252981
AFLfast,xmllint,12,1623626286, 1, 608, 1858, 1728, 391, 12.07%, 0, 0, 3, 38.80, 253407
AFLfast,xmllint,12,1623626302, 1, 609, 1858, 1727, 390, 12.07%, 0, 0, 3, 33.67, 253847
AFLfast,xmllint,12,1623626313, 1, 610, 1858, 1726, 389, 12.07%, 0, 0, 3, 3.32, 254119
AFLfast,xmllint,12,1623626334, 1, 611, 1858, 1725, 388, 12.07%, 0, 0, 3, 27.50, 254695
AFLfast,xmllint,12,1623626344, 1, 612, 1858, 1724, 387, 12.07%, 0, 0, 3, 34.57, 254972
AFLfast,xmllint,12,1623626360, 1, 613, 1858, 1723, 386, 12.07%, 0, 0, 3, 3.83, 255391
AFLfast,xmllint,12,1623626375, 1, 621, 1858, 1722, 385, 12.07%, 0, 0, 3, 0.70, 255823
AFLfast,xmllint,12,1623626387, 1, 622, 1858, 1721, 384, 12.07%, 0, 0, 3, 4.43, 256157
AFLfast,xmllint,12,1623626402, 1, 623, 1858, 1720, 383, 12.07%, 0, 0, 3, 40.43, 256587
AFLfast,xmllint,12,1623626418, 1, 625, 1858, 1719, 382, 12.07%, 0, 0, 3, 35.70, 257027
AFLfast,xmllint,12,1623626438, 1, 626, 1858, 1718, 381, 12.07%, 0, 0, 3, 38.44, 257596
AFLfast,xmllint,12,1623626453, 1, 627, 1858, 1717, 380, 12.07%, 0, 0, 3, 33.25, 258021
AFLfast,xmllint,12,1623626469, 1, 628, 1858, 1716, 379, 12.07%, 0, 0, 3, 36.41, 258457
AFLfast,xmllint,12,1623626479, 1, 628, 1859, 1717, 379, 12.07%, 0, 0, 3, 31.37, 258779
AFLfast,xmllint,12,1623626484, 1, 628, 1860, 1718, 379, 12.07%, 0, 0, 3, 28.82, 258928
AFLfast,xmllint,12,1623626515, 1, 628, 1862, 1720, 379, 12.07%, 0, 0, 3, 28.84, 259797
AFLfast,xmllint,12,1623626525, 1, 628, 1863, 1721, 379, 12.07%, 0, 0, 3, 30.30, 260106
AFLfast,xmllint,12,1623626535, 1, 628, 1864, 1722, 379, 12.07%, 0, 0, 3, 29.90, 260409
AFLfast,xmllint,12,1623626592, 1, 628, 1865, 1723, 379, 12.07%, 0, 0, 3, 28.83, 261980
AFLfast,xmllint,12,1623626643, 1, 628, 1866, 1724, 379, 12.07%, 0, 0, 3, 27.18, 263417
AFLfast,xmllint,12,1623626664, 1, 628, 1867, 1725, 379, 12.07%, 0, 0, 3, 28.27, 263976
AFLfast,xmllint,12,1623626685, 1, 628, 1869, 1727, 379, 12.07%, 0, 0, 3, 29.86, 264559
AFLfast,xmllint,12,1623626690, 1, 628, 1870, 1728, 379, 12.07%, 0, 0, 3, 28.68, 264701
AFLfast,xmllint,12,1623626706, 1, 630, 1870, 1727, 379, 12.07%, 0, 0, 3, 5.32, 265131
AFLfast,xmllint,12,1623626747, 1, 636, 1870, 1726, 378, 12.07%, 0, 0, 3, 0.23, 265877
AFLfast,xmllint,12,1623626762, 1, 641, 1870, 1725, 377, 12.07%, 0, 0, 3, 37.70, 266321
AFLfast,xmllint,12,1623626768, 1, 641, 1872, 1727, 377, 12.07%, 0, 0, 3, 32.98, 266483
AFLfast,xmllint,12,1623626773, 1, 641, 1873, 1728, 377, 12.07%, 0, 0, 3, 30.26, 266628
AFLfast,xmllint,12,1623626778, 1, 641, 1874, 1729, 377, 12.07%, 0, 0, 3, 29.20, 266768
AFLfast,xmllint,12,1623626798, 1, 641, 1875, 1730, 377, 12.08%, 0, 0, 3, 27.60, 267346
AFLfast,xmllint,12,1623626829, 1, 641, 1876, 1731, 377, 12.08%, 0, 0, 3, 28.40, 268182
AFLfast,xmllint,12,1623626853, 1, 641, 1877, 1732, 377, 12.08%, 0, 0, 3, 29.28, 268762
AFLfast,xmllint,12,1623626863, 1, 641, 1878, 1733, 377, 12.08%, 0, 0, 3, 28.86, 269059
AFLfast,xmllint,12,1623627013, 1, 643, 1878, 1732, 380, 12.08%, 0, 0, 3, 1.60, 272978
AFLfast,xmllint,12,1623627031, 1, 649, 1878, 1731, 379, 12.08%, 0, 0, 3, 0.31, 273319
AFLfast,xmllint,12,1623627048, 1, 659, 1878, 1730, 378, 12.08%, 0, 0, 3, 1.97, 273782
AFLfast,xmllint,12,1623627053, 1, 659, 1879, 1731, 378, 12.08%, 0, 0, 3, 31.40, 273935
AFLfast,xmllint,12,1623627073, 1, 662, 1879, 1730, 377, 12.08%, 0, 0, 3, 34.26, 274502
AFLfast,xmllint,12,1623627093, 1, 667, 1879, 1729, 376, 12.08%, 0, 0, 3, 0.50, 274996
AFLfast,xmllint,12,1623627119, 1, 667, 1880, 1730, 376, 12.08%, 0, 0, 3, 29.37, 275790
AFLfast,xmllint,12,1623627140, 1, 669, 1880, 1729, 375, 12.08%, 0, 0, 3, 27.93, 276306
AFLfast,xmllint,12,1623627145, 1, 669, 1881, 1730, 375, 12.08%, 0, 0, 3, 29.50, 276461
AFLfast,xmllint,12,1623627170, 1, 689, 1881, 1729, 375, 12.08%, 0, 0, 3, 36.14, 277195
AFLfast,xmllint,12,1623627186, 1, 691, 1881, 1728, 374, 12.08%, 0, 0, 3, 27.40, 277623
AFLfast,xmllint,12,1623627191, 1, 691, 1882, 1729, 374, 12.08%, 0, 0, 3, 30.10, 277782
AFLfast,xmllint,12,1623627211, 1, 693, 1882, 1728, 374, 12.08%, 0, 0, 3, 44.25, 278336
AFLfast,xmllint,12,1623627237, 1, 694, 1882, 1727, 374, 12.08%, 0, 0, 3, 33.13, 279043
AFLfast,xmllint,12,1623627252, 1, 695, 1882, 1726, 373, 12.08%, 0, 0, 3, 29.93, 279463
AFLfast,xmllint,12,1623627263, 1, 695, 1885, 1729, 373, 12.09%, 0, 0, 3, 28.01, 279756
AFLfast,xmllint,12,1623627268, 1, 695, 1886, 1730, 373, 12.09%, 0, 0, 3, 28.12, 279901
AFLfast,xmllint,12,1623627273, 1, 695, 1888, 1732, 373, 12.09%, 0, 0, 3, 27.45, 280042
AFLfast,xmllint,12,1623627299, 1, 695, 1889, 1733, 373, 12.09%, 0, 0, 3, 26.38, 280710
AFLfast,xmllint,12,1623627304, 1, 695, 1890, 1734, 373, 12.09%, 0, 0, 3, 28.22, 280855
AFLfast,xmllint,12,1623627324, 1, 695, 1894, 1738, 373, 12.09%, 0, 0, 3, 27.84, 281440
AFLfast,xmllint,12,1623627340, 1, 695, 1895, 1739, 373, 12.09%, 0, 0, 3, 26.09, 281800
AFLfast,xmllint,12,1623627345, 1, 695, 1896, 1740, 373, 12.09%, 0, 0, 3, 26.43, 281936
AFLfast,xmllint,12,1623627360, 1, 695, 1898, 1742, 373, 12.09%, 0, 0, 3, 27.13, 282343
AFLfast,xmllint,12,1623627365, 1, 695, 1899, 1743, 373, 12.09%, 0, 0, 3, 27.47, 282484
AFLfast,xmllint,12,1623627370, 1, 695, 1900, 1744, 373, 12.09%, 0, 0, 3, 28.02, 282634
AFLfast,xmllint,12,1623627381, 1, 695, 1901, 1745, 373, 12.09%, 0, 0, 3, 26.08, 282852
AFLfast,xmllint,12,1623627391, 1, 695, 1902, 1746, 373, 12.09%, 0, 0, 3, 28.11, 283144
AFLfast,xmllint,12,1623627396, 1, 695, 1903, 1747, 373, 12.09%, 0, 0, 3, 27.60, 283289
AFLfast,xmllint,12,1623627411, 1, 695, 1904, 1748, 373, 12.09%, 0, 0, 3, 26.21, 283705
AFLfast,xmllint,12,1623627427, 1, 695, 1905, 1749, 373, 12.09%, 0, 0, 3, 27.36, 284074
AFLfast,xmllint,12,1623627437, 1, 695, 1906, 1750, 373, 12.09%, 0, 0, 3, 26.50, 284347
AFLfast,xmllint,12,1623627447, 1, 700, 1906, 1749, 376, 12.09%, 0, 0, 3, 29.77, 284587
AFLfast,xmllint,12,1623627452, 1, 700, 1907, 1750, 376, 12.09%, 0, 0, 3, 29.90, 284740
AFLfast,xmllint,12,1623627472, 1, 702, 1907, 1749, 376, 12.09%, 0, 0, 3, 34.69, 285273
AFLfast,xmllint,12,1623627483, 1, 702, 1908, 1750, 376, 12.09%, 0, 0, 3, 28.80, 285579
AFLfast,xmllint,12,1623627493, 1, 702, 1909, 1751, 376, 12.09%, 0, 0, 3, 27.15, 285853
AFLfast,xmllint,12,1623627498, 1, 702, 1911, 1753, 376, 12.10%, 0, 0, 3, 26.37, 285991
AFLfast,xmllint,12,1623627503, 1, 702, 1912, 1754, 376, 12.10%, 0, 0, 3, 28.00, 286135
AFLfast,xmllint,12,1623627508, 1, 702, 1913, 1755, 376, 12.10%, 0, 0, 3, 28.06, 286275
AFLfast,xmllint,12,1623627555, 1, 702, 1914, 1756, 376, 12.10%, 0, 0, 3, 27.28, 287433
AFLfast,xmllint,12,1623627561, 1, 702, 1915, 1757, 376, 12.10%, 0, 0, 3, 1.55, 287521
AFLfast,xmllint,12,1623627571, 1, 702, 1916, 1758, 376, 12.10%, 0, 0, 3, 25.38, 287794
AFLfast,xmllint,12,1623627587, 1, 702, 1917, 1759, 376, 12.10%, 0, 0, 3, 26.87, 288204
AFLfast,xmllint,12,1623627605, 1, 702, 1918, 1760, 376, 12.11%, 0, 0, 3, 0.74, 288569
AFLfast,xmllint,12,1623627635, 1, 702, 1919, 1761, 376, 12.11%, 0, 0, 3, 26.55, 289379
AFLfast,xmllint,12,1623627674, 1, 702, 1920, 1762, 376, 12.11%, 0, 0, 3, 25.29, 290273
AFLfast,xmllint,12,1623627684, 1, 703, 1920, 1761, 378, 12.11%, 0, 0, 3, 34.61, 290444
AFLfast,xmllint,12,1623627700, 1, 704, 1920, 1760, 377, 12.11%, 0, 0, 3, 36.50, 290883
AFLfast,xmllint,12,1623627715, 1, 709, 1920, 1759, 376, 12.11%, 0, 0, 3, 39.13, 291286
AFLfast,xmllint,12,1623627731, 1, 713, 1920, 1758, 375, 12.11%, 0, 0, 3, 26.79, 291704
AFLfast,xmllint,12,1623627741, 1, 713, 1921, 1759, 375, 12.11%, 0, 0, 3, 29.64, 292007
AFLfast,xmllint,12,1623627777, 1, 716, 1921, 1758, 375, 12.11%, 0, 0, 3, 32.85, 292964
AFLfast,xmllint,12,1623627804, 1, 717, 1921, 1757, 374, 12.11%, 0, 0, 3, 0.47, 293691
AFLfast,xmllint,12,1623627821, 1, 718, 1921, 1756, 373, 12.11%, 0, 0, 3, 1.79, 294124
AFLfast,xmllint,12,1623627826, 1, 718, 1922, 1757, 373, 12.11%, 0, 0, 3, 33.93, 294283
AFLfast,xmllint,12,1623627851, 1, 718, 1923, 1758, 373, 12.11%, 0, 0, 3, 28.72, 295025
AFLfast,xmllint,12,1623627913, 1, 720, 1923, 1757, 375, 12.11%, 0, 0, 3, 34.03, 296698
AFLfast,xmllint,12,1623627928, 1, 726, 1923, 1756, 374, 12.11%, 0, 0, 3, 24.82, 297113
AFLfast,xmllint,12,1623627949, 1, 730, 1923, 1755, 373, 12.11%, 0, 0, 3, 33.51, 297680
AFLfast,xmllint,12,1623627954, 1, 730, 1924, 1756, 373, 12.11%, 0, 0, 3, 31.83, 297837
AFLfast,xmllint,12,1623627980, 1, 733, 1924, 1755, 372, 12.11%, 0, 0, 3, 32.24, 298526
AFLfast,xmllint,12,1623627985, 1, 733, 1925, 1756, 372, 12.11%, 0, 0, 3, 29.04, 298668
AFLfast,xmllint,12,1623628005, 1, 733, 1926, 1757, 372, 12.11%, 0, 0, 3, 29.08, 299257
AFLfast,xmllint,12,1623628042, 1, 741, 1926, 1756, 372, 12.11%, 0, 0, 3, 27.62, 300226
AFLfast,xmllint,12,1623628057, 1, 744, 1926, 1755, 371, 12.11%, 0, 0, 3, 33.17, 300601
AFLfast,xmllint,12,1623628072, 1, 752, 1926, 1754, 370, 12.11%, 0, 0, 3, 29.22, 301020
AFLfast,xmllint,12,1623628088, 1, 755, 1926, 1753, 369, 12.11%, 0, 0, 3, 19.96, 301425
AFLfast,xmllint,12,1623628104, 1, 761, 1926, 1752, 368, 12.11%, 0, 0, 3, 3.28, 301853
AFLfast,xmllint,12,1623628124, 1, 762, 1926, 1751, 367, 12.11%, 0, 0, 3, 30.58, 302417
AFLfast,xmllint,12,1623628139, 1, 765, 1926, 1750, 366, 12.11%, 0, 0, 3, 33.15, 302793
AFLfast,xmllint,12,1623628155, 1, 765, 1927, 1751, 366, 12.11%, 0, 0, 3, 28.91, 303238
AFLfast,xmllint,12,1623628160, 1, 765, 1928, 1752, 366, 12.11%, 0, 0, 3, 29.00, 303385
AFLfast,xmllint,12,1623628185, 1, 765, 1929, 1753, 366, 12.11%, 0, 0, 3, 24.80, 304034
AFLfast,xmllint,12,1623628205, 1, 765, 1930, 1754, 366, 12.11%, 0, 0, 3, 26.80, 304578
AFLfast,xmllint,12,1623628247, 1, 765, 1931, 1755, 366, 12.11%, 0, 0, 3, 27.41, 305663
AFLfast,xmllint,12,1623628262, 1, 765, 1932, 1756, 366, 12.11%, 0, 0, 3, 25.22, 306049
AFLfast,xmllint,12,1623628283, 1, 765, 1933, 1757, 366, 12.11%, 0, 0, 3, 27.62, 306610
AFLfast,xmllint,12,1623628288, 1, 765, 1934, 1758, 366, 12.12%, 0, 0, 3, 28.32, 306753
AFLfast,xmllint,12,1623628308, 1, 765, 1935, 1759, 366, 12.12%, 0, 0, 3, 26.90, 307318
AFLfast,xmllint,12,1623628365, 1, 765, 1938, 1762, 366, 12.12%, 0, 0, 3, 27.70, 308858
AFLfast,xmllint,12,1623628381, 1, 765, 1939, 1763, 366, 12.13%, 0, 0, 3, 25.68, 309239
AFLfast,xmllint,12,1623628391, 1, 770, 1939, 1762, 370, 12.13%, 0, 0, 3, 21.86, 309481
AFLfast,xmllint,12,1623628408, 1, 773, 1939, 1761, 368, 12.13%, 0, 0, 3, 4.88, 309921
AFLfast,xmllint,12,1623628425, 1, 774, 1939, 1760, 367, 12.13%, 0, 0, 3, 3.32, 310360
AFLfast,xmllint,12,1623628435, 1, 774, 1940, 1761, 367, 12.13%, 0, 0, 3, 29.07, 310672
AFLfast,xmllint,12,1623628440, 1, 774, 1941, 1762, 367, 12.13%, 0, 0, 3, 28.12, 310824
AFLfast,xmllint,12,1623628491, 1, 776, 1941, 1761, 367, 12.13%, 0, 0, 3, 36.06, 312172
AFLfast,xmllint,12,1623628507, 1, 780, 1941, 1760, 366, 12.13%, 0, 0, 3, 29.77, 312572
AFLfast,xmllint,12,1623628522, 1, 791, 1941, 1759, 365, 12.13%, 0, 0, 3, 35.23, 312979
AFLfast,xmllint,12,1623628532, 1, 791, 1942, 1760, 365, 12.13%, 0, 0, 3, 28.42, 313263
AFLfast,xmllint,12,1623628554, 1, 793, 1942, 1759, 365, 12.13%, 0, 0, 3, 1.26, 313822
AFLfast,xmllint,12,1623628574, 1, 795, 1942, 1758, 364, 12.13%, 0, 0, 3, 31.01, 314386
AFLfast,xmllint,12,1623628590, 1, 796, 1942, 1757, 363, 12.13%, 0, 0, 3, 20.08, 314783
AFLfast,xmllint,12,1623628605, 1, 800, 1942, 1756, 361, 12.13%, 0, 0, 3, 35.85, 315180
AFLfast,xmllint,12,1623628621, 1, 818, 1942, 1755, 360, 12.13%, 0, 0, 3, 2.65, 315609
AFLfast,xmllint,12,1623628642, 1, 822, 1942, 1754, 360, 12.13%, 0, 0, 3, 28.95, 316194
AFLfast,xmllint,12,1623628657, 1, 825, 1942, 1753, 359, 12.13%, 0, 0, 3, 42.44, 316604
AFLfast,xmllint,12,1623628663, 1, 825, 1944, 1755, 359, 12.13%, 0, 0, 3, 33.33, 316754
AFLfast,xmllint,12,1623628668, 1, 825, 1946, 1757, 359, 12.13%, 0, 0, 3, 30.29, 316908
AFLfast,xmllint,12,1623628678, 1, 825, 1947, 1758, 359, 12.14%, 0, 0, 3, 27.84, 317194
AFLfast,xmllint,12,1623628693, 1, 825, 1948, 1759, 359, 12.14%, 0, 0, 3, 28.57, 317636
AFLfast,xmllint,12,1623628709, 1, 825, 1949, 1760, 359, 12.14%, 0, 0, 3, 26.61, 318023
AFLfast,xmllint,12,1623628729, 1, 825, 1950, 1761, 359, 12.14%, 0, 0, 3, 28.68, 318601
AFLfast,xmllint,12,1623628745, 1, 825, 1951, 1762, 359, 12.14%, 0, 0, 3, 28.20, 318994
AFLfast,xmllint,12,1623628750, 1, 825, 1952, 1763, 359, 12.14%, 0, 0, 3, 28.47, 319137
AFLfast,xmllint,12,1623628791, 1, 825, 1953, 1764, 359, 12.14%, 0, 0, 3, 26.92, 320208
AFLfast,xmllint,12,1623628811, 1, 825, 1954, 1765, 359, 12.14%, 0, 0, 3, 27.04, 320752
AFLfast,xmllint,12,1623628827, 1, 825, 1955, 1766, 359, 12.15%, 0, 0, 3, 26.10, 321097
AFLfast,xmllint,12,1623628832, 1, 825, 1956, 1767, 359, 12.15%, 0, 0, 3, 27.19, 321235
AFLfast,xmllint,12,1623628873, 1, 825, 1957, 1768, 359, 12.15%, 0, 0, 3, 32.36, 322262
AFLfast,xmllint,12,1623628878, 1, 825, 1961, 1772, 359, 12.15%, 0, 0, 3, 30.89, 322413
AFLfast,xmllint,12,1623628889, 1, 825, 1962, 1773, 359, 12.15%, 0, 0, 3, 28.03, 322660
AFLfast,xmllint,12,1623628900, 1, 825, 1964, 1775, 359, 12.15%, 0, 0, 3, 29.28, 322889
AFLfast,xmllint,12,1623628916, 1, 825, 1965, 1776, 359, 12.16%, 0, 0, 3, 26.52, 323304
AFLfast,xmllint,12,1623628921, 1, 826, 1965, 1775, 361, 12.16%, 0, 0, 3, 27.20, 323445
AFLfast,xmllint,12,1623628931, 1, 826, 1966, 1776, 361, 12.16%, 0, 0, 3, 27.20, 323732
AFLfast,xmllint,12,1623628941, 1, 826, 1967, 1777, 361, 12.16%, 0, 0, 3, 27.90, 324011
AFLfast,xmllint,12,1623628983, 1, 830, 1967, 1776, 361, 12.16%, 0, 0, 3, 41.43, 325088
AFLfast,xmllint,12,1623629005, 1, 834, 1967, 1775, 360, 12.16%, 0, 0, 3, 0.21, 325584
AFLfast,xmllint,12,1623629010, 1, 834, 1969, 1777, 360, 12.17%, 0, 0, 3, 32.09, 325736
AFLfast,xmllint,12,1623629015, 1, 834, 1971, 1779, 360, 12.17%, 0, 0, 3, 29.55, 325883
AFLfast,xmllint,12,1623629020, 1, 834, 1973, 1781, 360, 12.17%, 0, 0, 3, 28.23, 326022
AFLfast,xmllint,12,1623629046, 1, 834, 1974, 1782, 360, 12.17%, 0, 0, 3, 5.13, 326725
AFLfast,xmllint,12,1623629051, 1, 834, 1975, 1783, 360, 12.17%, 0, 0, 3, 31.50, 326869
AFLfast,xmllint,12,1623629056, 1, 834, 1976, 1784, 360, 12.19%, 0, 0, 3, 28.78, 327010
AFLfast,xmllint,12,1623629061, 1, 834, 1977, 1785, 360, 12.19%, 0, 0, 3, 28.25, 327154
AFLfast,xmllint,12,1623629087, 1, 834, 1978, 1786, 360, 12.19%, 0, 0, 3, 26.55, 327837
AFLfast,xmllint,12,1623629102, 1, 834, 1979, 1787, 360, 12.19%, 0, 0, 3, 27.86, 328264
AFLfast,xmllint,12,1623629107, 1, 834, 1980, 1788, 360, 12.21%, 0, 0, 3, 27.25, 328400
AFLfast,xmllint,12,1623629123, 1, 834, 1982, 1790, 360, 12.21%, 0, 0, 3, 28.78, 328835
AFLfast,xmllint,12,1623629128, 1, 834, 1983, 1791, 360, 12.21%, 0, 0, 3, 22.40, 328934
AFLfast,xmllint,12,1623629133, 1, 834, 1984, 1792, 360, 12.21%, 0, 0, 3, 26.41, 329077
AFLfast,xmllint,12,1623629138, 1, 834, 1985, 1793, 360, 12.22%, 0, 0, 3, 26.40, 329211
AFLfast,xmllint,12,1623629143, 1, 834, 1986, 1794, 360, 12.23%, 0, 0, 3, 27.74, 329356
AFLfast,xmllint,12,1623629158, 1, 834, 1988, 1796, 360, 12.23%, 0, 0, 3, 27.31, 329768
AFLfast,xmllint,12,1623629196, 1, 837, 1988, 1795, 366, 12.23%, 0, 0, 3, 3.37, 330724
AFLfast,xmllint,12,1623629207, 1, 837, 1989, 1796, 366, 12.23%, 0, 0, 3, 32.17, 331041
AFLfast,xmllint,12,1623629227, 1, 837, 1990, 1797, 366, 12.23%, 0, 0, 3, 30.63, 331652
AFLfast,xmllint,12,1623629238, 1, 837, 1991, 1798, 366, 12.23%, 0, 0, 3, 28.92, 331907
AFLfast,xmllint,12,1623629248, 1, 837, 1992, 1799, 366, 12.23%, 0, 0, 3, 29.85, 332215
AFLfast,xmllint,12,1623629258, 1, 837, 1993, 1800, 366, 12.23%, 0, 0, 3, 27.28, 332497
AFLfast,xmllint,12,1623629310, 1, 837, 1994, 1801, 366, 12.23%, 0, 0, 3, 27.25, 333874
AFLfast,xmllint,12,1623629325, 1, 837, 1995, 1802, 366, 12.23%, 0, 0, 3, 25.53, 334252
AFLfast,xmllint,12,1623629330, 1, 837, 1998, 1805, 366, 12.24%, 0, 0, 3, 27.38, 334395
AFLfast,xmllint,12,1623629340, 1, 837, 1999, 1806, 366, 12.24%, 0, 0, 3, 27.76, 334677
AFLfast,xmllint,12,1623629351, 1, 837, 2000, 1807, 366, 12.24%, 0, 0, 3, 27.84, 334957
AFLfast,xmllint,12,1623629366, 1, 837, 2001, 1808, 366, 12.24%, 0, 0, 3, 27.66, 335362
AFLfast,xmllint,12,1623629387, 1, 840, 2001, 1807, 368, 12.24%, 0, 0, 3, 32.37, 335868
AFLfast,xmllint,12,1623629392, 1, 840, 2002, 1808, 368, 12.24%, 0, 0, 3, 27.92, 336002
AFLfast,xmllint,12,1623629407, 1, 840, 2003, 1809, 368, 12.24%, 0, 0, 3, 26.22, 336414
AFLfast,xmllint,12,1623629438, 1, 847, 2003, 1808, 367, 12.24%, 0, 0, 3, 26.43, 337195
AFLfast,xmllint,12,1623629453, 1, 850, 2004, 1808, 366, 12.24%, 0, 0, 3, 29.03, 337622
AFLfast,xmllint,12,1623629464, 1, 850, 2005, 1809, 366, 12.24%, 0, 0, 3, 27.94, 337910
AFLfast,xmllint,12,1623629505, 1, 850, 2007, 1811, 366, 12.24%, 0, 0, 3, 32.81, 338910
AFLfast,xmllint,12,1623629546, 1, 850, 2008, 1812, 366, 12.24%, 0, 0, 3, 26.27, 340003
AFLfast,xmllint,12,1623629556, 1, 850, 2009, 1813, 366, 12.24%, 0, 0, 3, 27.70, 340287
AFLfast,xmllint,12,1623629572, 1, 850, 2010, 1814, 366, 12.25%, 0, 0, 3, 2.15, 340696
AFLfast,xmllint,12,1623629577, 1, 850, 2011, 1815, 366, 12.25%, 0, 0, 3, 32.85, 340834
AFLfast,xmllint,12,1623629582, 1, 850, 2012, 1816, 366, 12.25%, 0, 0, 3, 28.90, 340970
AFLfast,xmllint,12,1623629592, 1, 850, 2013, 1817, 366, 12.25%, 0, 0, 3, 28.47, 341253
AFLfast,xmllint,12,1623629633, 1, 850, 2014, 1818, 366, 12.25%, 0, 0, 3, 28.75, 342359
AFLfast,xmllint,12,1623629696, 1, 850, 2015, 1819, 366, 12.25%, 0, 0, 3, 23.26, 344016
AFLfast,xmllint,12,1623629706, 1, 851, 2015, 1818, 367, 12.25%, 0, 0, 3, 31.11, 344267
AFLfast,xmllint,12,1623629717, 1, 855, 2015, 1817, 366, 12.25%, 0, 0, 3, 29.24, 344531
AFLfast,xmllint,12,1623629722, 1, 855, 2016, 1818, 366, 12.25%, 0, 0, 3, 28.37, 344678
AFLfast,xmllint,12,1623629748, 1, 857, 2016, 1817, 366, 12.25%, 0, 0, 3, 34.31, 345337
AFLfast,xmllint,12,1623629753, 1, 857, 2017, 1818, 366, 12.25%, 0, 0, 3, 31.85, 345495
AFLfast,xmllint,12,1623629758, 1, 857, 2018, 1819, 366, 12.25%, 0, 0, 3, 29.31, 345644
AFLfast,xmllint,12,1623629768, 1, 857, 2020, 1821, 366, 12.25%, 0, 0, 3, 26.70, 345926
AFLfast,xmllint,12,1623629789, 1, 857, 2021, 1822, 366, 12.25%, 0, 0, 3, 31.61, 346473
AFLfast,xmllint,12,1623629794, 1, 857, 2023, 1824, 366, 12.25%, 0, 0, 3, 28.09, 346607
AFLfast,xmllint,12,1623629809, 1, 857, 2024, 1825, 366, 12.25%, 0, 0, 3, 27.72, 347029
AFLfast,xmllint,12,1623629814, 1, 857, 2025, 1826, 366, 12.25%, 0, 0, 3, 27.09, 347168
AFLfast,xmllint,12,1623629835, 1, 857, 2026, 1827, 366, 12.25%, 0, 0, 3, 25.68, 347669
AFLfast,xmllint,12,1623629845, 1, 857, 2027, 1828, 366, 12.25%, 0, 0, 3, 27.72, 347947
AFLfast,xmllint,12,1623629881, 1, 857, 2028, 1829, 366, 12.26%, 0, 0, 3, 27.90, 348876
AFLfast,xmllint,12,1623629932, 1, 857, 2029, 1830, 366, 12.26%, 0, 0, 3, 26.38, 350188
AFLfast,xmllint,12,1623629942, 1, 857, 2030, 1831, 366, 12.26%, 0, 0, 3, 27.07, 350468
AFLfast,xmllint,12,1623630009, 1, 875, 2030, 1830, 370, 12.26%, 0, 0, 3, 32.79, 352127
AFLfast,xmllint,12,1623630019, 1, 875, 2031, 1831, 370, 12.26%, 0, 0, 3, 27.50, 352412
AFLfast,xmllint,12,1623630025, 1, 875, 2033, 1833, 370, 12.26%, 0, 0, 3, 26.86, 352546
AFLfast,xmllint,12,1623630066, 1, 875, 2036, 1836, 370, 12.26%, 0, 0, 3, 26.87, 353585
AFLfast,xmllint,12,1623630081, 1, 875, 2038, 1838, 370, 12.26%, 0, 0, 3, 25.50, 353983
AFLfast,xmllint,12,1623630086, 1, 875, 2039, 1839, 370, 12.26%, 0, 0, 3, 26.40, 354118
AFLfast,xmllint,12,1623630117, 1, 875, 2040, 1840, 370, 12.26%, 0, 0, 3, 26.42, 354864
AFLfast,xmllint,12,1623630122, 1, 875, 2042, 1842, 370, 12.26%, 0, 0, 3, 25.36, 354994
AFLfast,xmllint,12,1623630132, 1, 875, 2043, 1843, 370, 12.26%, 0, 0, 3, 27.00, 355275
AFLfast,xmllint,12,1623630168, 1, 875, 2044, 1844, 370, 12.26%, 0, 0, 3, 26.17, 356145
AFLfast,xmllint,12,1623630173, 1, 875, 2045, 1845, 370, 12.26%, 0, 0, 3, 26.45, 356286
AFLfast,xmllint,12,1623630194, 1, 875, 2046, 1846, 370, 12.26%, 0, 0, 3, 25.86, 356774
AFLfast,xmllint,12,1623630214, 1, 893, 2046, 1845, 373, 12.26%, 0, 0, 3, 20.02, 357279
AFLfast,xmllint,12,1623630225, 1, 893, 2047, 1846, 373, 12.26%, 0, 0, 3, 25.49, 357559
AFLfast,xmllint,12,1623630241, 1, 895, 2047, 1845, 373, 12.26%, 0, 0, 3, 24.41, 357955
AFLfast,xmllint,12,1623630252, 1, 895, 2049, 1847, 373, 12.26%, 0, 0, 3, 26.93, 358249
AFLfast,xmllint,12,1623630298, 1, 896, 2049, 1846, 373, 12.26%, 0, 0, 3, 29.66, 359437
AFLfast,xmllint,12,1623630318, 1, 918, 2049, 1845, 373, 12.26%, 0, 0, 3, 29.63, 359967
AFLfast,xmllint,12,1623630323, 1, 918, 2050, 1846, 373, 12.26%, 0, 0, 3, 28.75, 360117
AFLfast,xmllint,12,1623630334, 1, 918, 2051, 1847, 373, 12.26%, 0, 0, 3, 26.41, 360388
AFLfast,xmllint,12,1623630344, 1, 918, 2052, 1848, 373, 12.26%, 0, 0, 3, 25.26, 360655
AFLfast,xmllint,12,1623630385, 1, 918, 2053, 1849, 373, 12.26%, 0, 0, 3, 25.61, 361687
AFLfast,xmllint,12,1623630411, 1, 918, 2054, 1850, 373, 12.26%, 0, 0, 3, 23.13, 362292
AFLfast,xmllint,12,1623630426, 1, 918, 2055, 1851, 373, 12.26%, 0, 0, 3, 25.39, 362675
AFLfast,xmllint,12,1623630448, 1, 918, 2056, 1852, 373, 12.26%, 0, 0, 3, 2.33, 363175
AFLfast,xmllint,12,1623630569, 1, 918, 2057, 1853, 373, 12.26%, 0, 0, 3, 27.13, 366148
AFLfast,xmllint,12,1623630590, 1, 918, 2059, 1855, 373, 12.26%, 0, 0, 3, 25.23, 366646
AFLfast,xmllint,12,1623630595, 1, 919, 2059, 1854, 373, 12.26%, 0, 0, 3, 33.86, 366757
AFLfast,xmllint,12,1623630622, 1, 921, 2059, 1853, 372, 12.26%, 0, 0, 3, 1.72, 367411
AFLfast,xmllint,12,1623630638, 1, 924, 2059, 1852, 371, 12.26%, 0, 0, 3, 1.85, 367842
AFLfast,xmllint,12,1623630659, 1, 925, 2059, 1851, 370, 12.26%, 0, 0, 3, 25.54, 368358
AFLfast,xmllint,12,1623630684, 1, 927, 2059, 1850, 369, 12.26%, 0, 0, 3, 29.10, 369028
AFLfast,xmllint,12,1623630699, 1, 927, 2060, 1851, 369, 12.26%, 0, 0, 3, 26.55, 369434
AFLfast,xmllint,12,1623630714, 1, 927, 2061, 1852, 369, 12.26%, 0, 0, 3, 25.46, 369838
AFLfast,xmllint,12,1623630720, 1, 927, 2062, 1853, 369, 12.26%, 0, 0, 3, 25.87, 369971
AFLfast,xmllint,12,1623630736, 1, 927, 2063, 1854, 369, 12.26%, 0, 0, 3, 23.89, 370311
AFLfast,xmllint,12,1623630741, 1, 927, 2065, 1856, 369, 12.26%, 0, 0, 3, 24.15, 370440
AFLfast,xmllint,12,1623630746, 1, 927, 2066, 1857, 369, 12.26%, 0, 0, 3, 24.00, 370564
AFLfast,xmllint,12,1623630751, 1, 927, 2067, 1858, 369, 12.26%, 0, 0, 3, 25.02, 370697
AFLfast,xmllint,12,1623630756, 1, 927, 2068, 1859, 369, 12.26%, 0, 0, 3, 24.75, 370821
AFLfast,xmllint,12,1623630761, 1, 927, 2069, 1860, 369, 12.26%, 0, 0, 3, 25.19, 370948
AFLfast,xmllint,12,1623630766, 1, 927, 2070, 1861, 369, 12.26%, 0, 0, 3, 26.52, 371087
AFLfast,xmllint,12,1623630771, 1, 927, 2071, 1862, 369, 12.26%, 0, 0, 3, 25.14, 371215
AFLfast,xmllint,12,1623630777, 1, 927, 2072, 1863, 369, 12.26%, 0, 0, 3, 18.78, 371280
AFLfast,xmllint,12,1623630787, 1, 927, 2073, 1864, 369, 12.26%, 0, 0, 3, 24.78, 371542
AFLfast,xmllint,12,1623630808, 1, 927, 2075, 1866, 369, 12.26%, 0, 0, 3, 23.54, 372042
AFLfast,xmllint,12,1623630813, 1, 927, 2076, 1867, 369, 12.26%, 0, 0, 3, 24.23, 372168
AFLfast,xmllint,12,1623630849, 1, 927, 2077, 1868, 369, 12.26%, 0, 0, 3, 24.71, 373036
AFLfast,xmllint,12,1623630885, 1, 927, 2078, 1869, 369, 12.26%, 0, 0, 3, 25.99, 373931
AFLfast,xmllint,12,1623630896, 1, 930, 2079, 1869, 369, 12.26%, 0, 0, 3, 1.37, 374157
AFLfast,xmllint,12,1623630917, 1, 930, 2080, 1870, 369, 12.26%, 0, 0, 3, 25.09, 374705
AFLfast,xmllint,12,1623630937, 1, 936, 2080, 1869, 368, 12.26%, 0, 0, 3, 27.14, 375198
AFLfast,xmllint,12,1623630953, 1, 938, 2080, 1868, 367, 12.26%, 0, 0, 3, 29.12, 375606
AFLfast,xmllint,12,1623630963, 1, 938, 2082, 1870, 367, 12.26%, 0, 0, 3, 27.49, 375900
AFLfast,xmllint,12,1623630968, 1, 938, 2083, 1871, 367, 12.26%, 0, 0, 3, 26.60, 376037
AFLfast,xmllint,12,1623630973, 1, 938, 2084, 1872, 367, 12.26%, 0, 0, 3, 26.94, 376177
AFLfast,xmllint,12,1623630988, 1, 938, 2085, 1873, 367, 12.26%, 0, 0, 3, 26.37, 376572
AFLfast,xmllint,12,1623630999, 1, 938, 2086, 1874, 367, 12.26%, 0, 0, 3, 25.40, 376801
AFLfast,xmllint,12,1623631004, 1, 938, 2087, 1875, 367, 12.26%, 0, 0, 3, 25.87, 376935
AFLfast,xmllint,12,1623631045, 1, 938, 2088, 1876, 367, 12.26%, 0, 0, 3, 24.94, 377950
AFLfast,xmllint,12,1623631091, 1, 938, 2089, 1877, 367, 12.26%, 0, 0, 3, 24.97, 379091
AFLfast,xmllint,12,1623631112, 1, 938, 2090, 1878, 367, 12.26%, 0, 0, 3, 25.20, 379619
AFLfast,xmllint,12,1623631181, 1, 938, 2091, 1879, 367, 12.26%, 0, 0, 3, 24.58, 381279
AFLfast,xmllint,12,1623631216, 1, 938, 2092, 1880, 367, 12.26%, 0, 0, 3, 24.88, 382142
AFLfast,xmllint,12,1623631222, 1, 938, 2093, 1881, 367, 12.26%, 0, 0, 3, 24.97, 382274
AFLfast,xmllint,12,1623631227, 1, 955, 2094, 1881, 368, 12.26%, 0, 0, 3, 39.09, 382379
AFLfast,xmllint,12,1623631237, 1, 955, 2095, 1882, 368, 12.26%, 0, 0, 3, 28.35, 382669
AFLfast,xmllint,12,1623631253, 1, 961, 2095, 1881, 367, 12.26%, 0, 0, 3, 4.52, 383049
AFLfast,xmllint,12,1623631268, 1, 961, 2096, 1882, 367, 12.26%, 0, 0, 3, 26.50, 383473
AFLfast,xmllint,12,1623631273, 1, 961, 2097, 1883, 367, 12.26%, 0, 0, 3, 23.42, 383585
AFLfast,xmllint,12,1623631283, 1, 961, 2098, 1884, 367, 12.26%, 0, 0, 3, 23.00, 383828
AFLfast,xmllint,12,1623631326, 1, 961, 2099, 1885, 367, 12.26%, 0, 0, 3, 26.20, 384848
AFLfast,xmllint,12,1623631342, 1, 961, 2100, 1886, 367, 12.26%, 0, 0, 3, 25.35, 385246
AFLfast,xmllint,12,1623631362, 1, 961, 2101, 1887, 367, 12.26%, 0, 0, 3, 24.55, 385697
AFLfast,xmllint,12,1623631367, 1, 961, 2102, 1888, 367, 12.26%, 0, 0, 3, 22.94, 385810
AFLfast,xmllint,12,1623631377, 1, 961, 2105, 1891, 367, 12.26%, 0, 0, 3, 17.94, 386027
AFLfast,xmllint,12,1623631383, 1, 961, 2106, 1892, 367, 12.26%, 0, 0, 3, 21.87, 386149
AFLfast,xmllint,12,1623631404, 1, 961, 2107, 1893, 367, 12.26%, 0, 0, 3, 23.10, 386570
AFLfast,xmllint,12,1623631409, 1, 961, 2108, 1894, 367, 12.26%, 0, 0, 3, 23.67, 386690
AFLfast,xmllint,12,1623631414, 1, 961, 2111, 1897, 367, 12.27%, 0, 0, 3, 24.02, 386813
AFLfast,xmllint,12,1623631429, 1, 961, 2112, 1898, 367, 12.27%, 0, 0, 3, 23.88, 387180
AFLfast,xmllint,12,1623631440, 1, 961, 2113, 1899, 367, 12.27%, 0, 0, 3, 23.22, 387421
AFLfast,xmllint,12,1623631452, 1, 961, 2114, 1900, 367, 12.27%, 0, 0, 3, 21.16, 387642
AFLfast,xmllint,12,1623631478, 1, 961, 2115, 1901, 367, 12.27%, 0, 0, 3, 24.31, 388227
AFLfast,xmllint,12,1623631483, 1, 961, 2116, 1902, 367, 12.27%, 0, 0, 3, 24.07, 388352
AFLfast,xmllint,12,1623631488, 1, 961, 2117, 1903, 367, 12.27%, 0, 0, 3, 22.55, 388464
AFLfast,xmllint,12,1623631501, 1, 961, 2118, 1904, 367, 12.27%, 0, 0, 3, 21.30, 388694
AFLfast,xmllint,12,1623631522, 1, 961, 2119, 1905, 367, 12.27%, 0, 0, 3, 23.99, 389184
AFLfast,xmllint,12,1623631553, 1, 961, 2120, 1906, 367, 12.27%, 0, 0, 3, 22.49, 389855
AFLfast,xmllint,12,1623631563, 1, 963, 2120, 1905, 368, 12.27%, 0, 0, 3, 28.10, 390048
AFLfast,xmllint,12,1623631573, 1, 963, 2121, 1906, 368, 12.27%, 0, 0, 3, 27.21, 390348
AFLfast,xmllint,12,1623631601, 1, 969, 2121, 1905, 367, 12.27%, 0, 0, 3, 2.49, 390989
AFLfast,xmllint,12,1623631621, 1, 973, 2121, 1904, 366, 12.27%, 0, 0, 3, 2.57, 391533
AFLfast,xmllint,12,1623631631, 1, 973, 2122, 1905, 366, 12.27%, 0, 0, 3, 26.81, 391828
AFLfast,xmllint,12,1623631652, 1, 973, 2123, 1906, 366, 12.27%, 0, 0, 3, 24.25, 392351
AFLfast,xmllint,12,1623631657, 1, 973, 2124, 1907, 366, 12.28%, 0, 0, 3, 23.48, 392453
AFLfast,xmllint,12,1623631725, 1, 973, 2125, 1908, 366, 12.28%, 0, 0, 3, 20.28, 393897
AFLfast,xmllint,12,1623631761, 1, 973, 2126, 1909, 366, 12.28%, 0, 0, 3, 24.45, 394784
AFLfast,xmllint,12,1623631771, 1, 973, 2128, 1911, 366, 12.28%, 0, 0, 3, 9.57, 394973
AFLfast,xmllint,12,1623631867, 1, 973, 2129, 1912, 366, 12.28%, 0, 0, 3, 24.69, 397138
AFLfast,xmllint,12,1623631914, 1, 973, 2130, 1913, 366, 12.28%, 0, 0, 3, 26.17, 398249
AFLfast,xmllint,12,1623631919, 1, 975, 2130, 1912, 367, 12.28%, 0, 0, 3, 34.72, 398340
AFLfast,xmllint,12,1623631945, 1, 975, 2134, 1916, 367, 12.28%, 0, 0, 3, 28.33, 399145
AFLfast,xmllint,12,1623631950, 1, 975, 2137, 1919, 367, 12.28%, 0, 0, 3, 26.11, 399276
AFLfast,xmllint,12,1623631955, 1, 975, 2138, 1920, 367, 12.28%, 0, 0, 3, 25.08, 399405
AFLfast,xmllint,12,1623632006, 1, 975, 2139, 1921, 367, 12.28%, 0, 0, 3, 24.00, 400491
AFLfast,xmllint,12,1623632027, 1, 975, 2140, 1922, 367, 12.28%, 0, 0, 3, 24.59, 400992
AFLfast,xmllint,12,1623632068, 1, 975, 2141, 1923, 367, 12.29%, 0, 0, 3, 23.62, 401286
AFLfast,xmllint,12,1623632078, 1, 975, 2143, 1925, 367, 12.29%, 0, 0, 3, 23.66, 401527
AFLfast,xmllint,12,1623632099, 1, 975, 2144, 1926, 367, 12.29%, 0, 0, 3, 23.63, 402032
AFLfast,xmllint,12,1623632105, 1, 975, 2145, 1927, 367, 12.29%, 0, 0, 3, 23.09, 402149
AFLfast,xmllint,12,1623632176, 1, 975, 2146, 1928, 367, 12.29%, 0, 0, 3, 23.08, 403369
AFLfast,xmllint,12,1623632192, 1, 975, 2148, 1930, 367, 12.29%, 0, 0, 3, 23.84, 403723
AFLfast,xmllint,12,1623632215, 1, 977, 2148, 1929, 372, 12.29%, 0, 0, 3, 0.37, 404090
AFLfast,xmllint,12,1623632253, 1, 1007, 2148, 1928, 371, 12.29%, 0, 0, 3, 0.46, 404974
AFLfast,xmllint,12,1623632269, 1, 1023, 2148, 1927, 370, 12.29%, 0, 0, 3, 0.64, 405355
AFLfast,xmllint,12,1623632305, 1, 1030, 2148, 1926, 369, 12.29%, 0, 0, 3, 0.46, 405888
AFLfast,xmllint,12,1623632330, 1, 1032, 2148, 1925, 368, 12.29%, 0, 0, 3, 0.99, 406443
AFLfast,xmllint,12,1623632350, 1, 1033, 2148, 1924, 367, 12.29%, 0, 0, 3, 32.15, 407005
AFLfast,xmllint,12,1623632355, 1, 1033, 2149, 1925, 367, 12.29%, 0, 0, 3, 28.09, 407140
AFLfast,xmllint,12,1623632398, 1, 1036, 2149, 1924, 367, 12.29%, 0, 0, 3, 0.18, 407826
AFLfast,xmllint,12,1623632420, 1, 1037, 2149, 1923, 366, 12.29%, 0, 0, 3, 1.69, 408374
AFLfast,xmllint,12,1623632440, 1, 1043, 2149, 1922, 365, 12.29%, 0, 0, 3, 36.27, 408915
AFLfast,xmllint,12,1623632445, 1, 1043, 2152, 1925, 365, 12.31%, 0, 0, 3, 31.11, 409065
AFLfast,xmllint,12,1623632450, 1, 1043, 2156, 1929, 365, 12.32%, 0, 0, 3, 27.98, 409204
AFLfast,xmllint,12,1623632465, 1, 1043, 2157, 1930, 365, 12.32%, 0, 0, 3, 26.75, 409609
AFLfast,xmllint,12,1623632471, 1, 1043, 2158, 1931, 365, 12.32%, 0, 0, 3, 26.22, 409741
AFLfast,xmllint,12,1623632491, 1, 1043, 2159, 1932, 365, 12.32%, 0, 0, 3, 25.55, 410228
AFLfast,xmllint,12,1623632496, 1, 1043, 2160, 1933, 365, 12.32%, 0, 0, 3, 25.58, 410363
AFLfast,xmllint,12,1623632502, 1, 1043, 2161, 1934, 365, 12.32%, 0, 0, 3, 25.50, 410491
AFLfast,xmllint,12,1623632606, 1, 1043, 2162, 1935, 365, 12.32%, 0, 0, 3, 25.96, 413050
AFLfast,xmllint,12,1623632628, 1, 1043, 2163, 1936, 365, 12.32%, 0, 0, 3, 25.79, 413558
AFLfast,xmllint,12,1623632643, 1, 1043, 2164, 1937, 365, 12.32%, 0, 0, 3, 24.68, 413943
AFLfast,xmllint,12,1623632648, 1, 1044, 2164, 1936, 368, 12.32%, 0, 0, 3, 32.00, 414041
AFLfast,xmllint,12,1623632664, 1, 1047, 2164, 1935, 367, 12.32%, 0, 0, 3, 34.35, 414451
AFLfast,xmllint,12,1623632679, 1, 1047, 2165, 1936, 367, 12.32%, 0, 0, 3, 27.40, 414873
AFLfast,xmllint,12,1623632704, 1, 1052, 2165, 1935, 367, 12.32%, 0, 0, 3, 0.91, 415293
AFLfast,xmllint,12,1623632709, 1, 1052, 2166, 1936, 367, 12.32%, 0, 0, 3, 28.15, 415441
AFLfast,xmllint,12,1623632730, 1, 1054, 2166, 1935, 366, 12.32%, 0, 0, 3, 43.02, 415973
AFLfast,xmllint,12,1623632764, 1, 1055, 2166, 1934, 365, 12.32%, 0, 0, 3, 0.53, 416459
AFLfast,xmllint,12,1623632788, 1, 1056, 2166, 1933, 364, 12.32%, 0, 0, 3, 1.05, 417005
AFLfast,xmllint,12,1623632809, 1, 1060, 2166, 1932, 363, 12.32%, 0, 0, 3, 35.25, 417560
AFLfast,xmllint,12,1623632829, 1, 1062, 2166, 1931, 362, 12.32%, 0, 0, 3, 41.68, 418055
AFLfast,xmllint,12,1623632850, 1, 1064, 2166, 1930, 361, 12.32%, 0, 0, 3, 0.26, 418545
AFLfast,xmllint,12,1623632870, 1, 1065, 2166, 1929, 360, 12.32%, 0, 0, 3, 31.01, 419081
AFLfast,xmllint,12,1623632891, 1, 1067, 2166, 1928, 359, 12.32%, 0, 0, 3, 30.01, 419622
AFLfast,xmllint,12,1623632916, 1, 1069, 2166, 1927, 358, 12.32%, 0, 0, 3, 0.81, 420153
AFLfast,xmllint,12,1623632931, 1, 1071, 2166, 1926, 357, 12.32%, 0, 0, 3, 25.45, 420555
AFLfast,xmllint,12,1623632953, 1, 1072, 2166, 1925, 356, 12.32%, 0, 0, 3, 3.51, 421121
AFLfast,xmllint,12,1623632964, 1, 1072, 2167, 1926, 356, 12.32%, 0, 0, 3, 28.01, 421419
AFLfast,xmllint,12,1623632984, 1, 1076, 2167, 1925, 355, 12.32%, 0, 0, 3, 21.86, 421897
AFLfast,xmllint,12,1623633000, 1, 1076, 2168, 1926, 355, 12.32%, 0, 0, 3, 26.64, 422301
AFLfast,xmllint,12,1623633015, 1, 1076, 2169, 1927, 355, 12.33%, 0, 0, 3, 26.13, 422716
AFLfast,xmllint,12,1623633040, 1, 1083, 2169, 1926, 355, 12.33%, 0, 0, 3, 0.93, 423269
AFLfast,xmllint,12,1623633051, 1, 1083, 2170, 1927, 355, 12.33%, 0, 0, 3, 28.39, 423577
AFLfast,xmllint,12,1623633056, 1, 1083, 2171, 1928, 355, 12.33%, 0, 0, 3, 27.59, 423723
AFLfast,xmllint,12,1623633061, 1, 1083, 2172, 1929, 355, 12.33%, 0, 0, 3, 26.64, 423863
AFLfast,xmllint,12,1623633077, 1, 1083, 2173, 1930, 355, 12.33%, 0, 0, 3, 28.11, 424287
AFLfast,xmllint,12,1623633082, 1, 1083, 2175, 1932, 355, 12.33%, 0, 0, 3, 27.09, 424424
AFLfast,xmllint,12,1623633145, 1, 1083, 2176, 1933, 355, 12.33%, 0, 0, 3, 24.85, 425889
AFLfast,xmllint,12,1623633188, 1, 1083, 2177, 1934, 355, 12.33%, 0, 0, 3, 26.35, 426934
AFLfast,xmllint,12,1623633232, 1, 1083, 2178, 1935, 355, 12.34%, 0, 0, 3, 25.41, 427968
AFLfast,xmllint,12,1623633237, 1, 1083, 2179, 1936, 355, 12.34%, 0, 0, 3, 23.79, 428091
AFLfast,xmllint,12,1623633316, 1, 1083, 2180, 1937, 355, 12.34%, 0, 0, 3, 26.23, 429898
AFLfast,xmllint,12,1623633326, 1, 1094, 2181, 1937, 359, 12.34%, 0, 0, 3, 25.85, 430084
AFLfast,xmllint,12,1623633342, 1, 1095, 2181, 1936, 358, 12.34%, 0, 0, 3, 2.23, 430472
AFLfast,xmllint,12,1623633363, 1, 1096, 2181, 1935, 357, 12.34%, 0, 0, 3, 31.89, 430991
AFLfast,xmllint,12,1623633378, 1, 1097, 2181, 1934, 356, 12.34%, 0, 0, 3, 31.38, 431360
AFLfast,xmllint,12,1623633395, 1, 1101, 2181, 1933, 355, 12.34%, 0, 0, 3, 2.16, 431757
AFLfast,xmllint,12,1623633405, 1, 1101, 2182, 1934, 355, 12.35%, 0, 0, 3, 29.04, 432049
AFLfast,xmllint,12,1623633420, 1, 1102, 2182, 1933, 355, 12.35%, 0, 0, 3, 35.98, 432445
AFLfast,xmllint,12,1623633436, 1, 1103, 2182, 1932, 354, 12.35%, 0, 0, 3, 37.74, 432832
AFLfast,xmllint,12,1623633462, 1, 1105, 2182, 1931, 353, 12.35%, 0, 0, 3, 39.09, 433506
AFLfast,xmllint,12,1623633478, 1, 1106, 2182, 1930, 352, 12.35%, 0, 0, 3, 2.60, 433876
AFLfast,xmllint,12,1623633495, 1, 1112, 2182, 1929, 351, 12.35%, 0, 0, 3, 4.27, 434300
AFLfast,xmllint,12,1623633520, 1, 1118, 2182, 1928, 350, 12.35%, 0, 0, 3, 2.20, 434929
AFLfast,xmllint,12,1623633541, 1, 1121, 2182, 1927, 349, 12.35%, 0, 0, 3, 26.38, 435454
AFLfast,xmllint,12,1623633546, 1, 1121, 2183, 1928, 349, 12.35%, 0, 0, 3, 26.52, 435592
AFLfast,xmllint,12,1623633572, 1, 1123, 2183, 1927, 348, 12.35%, 0, 0, 3, 27.15, 436261
AFLfast,xmllint,12,1623633587, 1, 1127, 2183, 1926, 347, 12.35%, 0, 0, 3, 29.66, 436651
AFLfast,xmllint,12,1623633592, 1, 1127, 2184, 1927, 347, 12.35%, 0, 0, 3, 27.63, 436790
AFLfast,xmllint,12,1623633623, 1, 1144, 2184, 1926, 347, 12.35%, 0, 0, 3, 35.54, 437621
AFLfast,xmllint,12,1623633640, 1, 1153, 2184, 1925, 346, 12.35%, 0, 0, 3, 0.65, 437909
AFLfast,xmllint,12,1623633665, 1, 1158, 2184, 1924, 345, 12.35%, 0, 0, 3, 0.44, 438456
AFLfast,xmllint,12,1623633675, 1, 1158, 2186, 1926, 345, 12.35%, 0, 0, 3, 27.19, 438746
AFLfast,xmllint,12,1623633696, 1, 1158, 2187, 1927, 345, 12.35%, 0, 0, 3, 24.72, 439254
AFLfast,xmllint,12,1623633721, 1, 1158, 2189, 1929, 345, 12.35%, 0, 0, 3, 20.53, 439821
AFLfast,xmllint,12,1623633726, 1, 1158, 2190, 1930, 345, 12.35%, 0, 0, 3, 23.57, 439947
AFLfast,xmllint,12,1623633731, 1, 1158, 2191, 1931, 345, 12.35%, 0, 0, 3, 4.48, 440065
AFLfast,xmllint,12,1623633752, 1, 1158, 2192, 1932, 345, 12.35%, 0, 0, 3, 22.72, 440555
AFLfast,xmllint,12,1623633757, 1, 1158, 2194, 1934, 345, 12.35%, 0, 0, 3, 23.90, 440678
AFLfast,xmllint,12,1623633774, 1, 1158, 2195, 1935, 345, 12.35%, 0, 0, 3, 22.58, 440993
AFLfast,xmllint,12,1623633843, 1, 1158, 2196, 1936, 345, 12.35%, 0, 0, 3, 23.72, 442519
AFLfast,xmllint,12,1623633897, 1, 1165, 2196, 1935, 345, 12.35%, 0, 0, 3, 0.33, 443637
AFLfast,xmllint,12,1623633917, 1, 1180, 2196, 1934, 344, 12.35%, 0, 0, 3, 27.75, 444127
AFLfast,xmllint,12,1623633928, 1, 1180, 2198, 1936, 344, 12.35%, 0, 0, 3, 27.16, 444436
AFLfast,xmllint,12,1623633933, 1, 1180, 2199, 1937, 344, 12.35%, 0, 0, 3, 24.74, 444562
AFLfast,xmllint,12,1623633948, 1, 1180, 2200, 1938, 344, 12.35%, 0, 0, 3, 25.21, 444944
AFLfast,xmllint,12,1623633953, 1, 1180, 2201, 1939, 344, 12.35%, 0, 0, 3, 24.70, 445071
AFLfast,xmllint,12,1623633958, 1, 1180, 2202, 1940, 344, 12.35%, 0, 0, 3, 26.26, 445205
AFLfast,xmllint,12,1623633963, 1, 1180, 2203, 1941, 344, 12.35%, 0, 0, 3, 23.03, 445322
AFLfast,xmllint,12,1623633975, 1, 1180, 2204, 1942, 344, 12.35%, 0, 0, 3, 22.47, 445522
AFLfast,xmllint,12,1623633990, 1, 1180, 2205, 1943, 344, 12.36%, 0, 0, 3, 25.12, 445914
AFLfast,xmllint,12,1623633996, 1, 1180, 2206, 1944, 344, 12.36%, 0, 0, 3, 24.48, 446037
AFLfast,xmllint,12,1623634087, 1, 1180, 2207, 1945, 344, 12.37%, 0, 0, 3, 26.28, 448015
AFLfast,xmllint,12,1623634143, 1, 1180, 2208, 1946, 344, 12.37%, 0, 0, 3, 24.78, 449268
AFLfast,xmllint,12,1623634151, 1, 1189, 2208, 1945, 344, 12.37%, 0, 0, 3, 0.18, 449328
AFLfast,xmllint,12,1623634161, 1, 1189, 2209, 1946, 344, 12.37%, 0, 0, 3, 26.57, 449629
AFLfast,xmllint,12,1623634184, 1, 1192, 2209, 1945, 344, 12.37%, 0, 0, 3, 1.61, 450138
AFLfast,xmllint,12,1623634190, 1, 1192, 2210, 1946, 344, 12.37%, 0, 0, 3, 31.85, 450312
AFLfast,xmllint,12,1623634205, 1, 1192, 2211, 1947, 344, 12.37%, 0, 0, 3, 24.13, 450691
AFLfast,xmllint,12,1623634210, 1, 1192, 2212, 1948, 344, 12.37%, 0, 0, 3, 26.42, 450830
AFLfast,xmllint,12,1623634225, 1, 1192, 2213, 1949, 344, 12.37%, 0, 0, 3, 25.31, 451221
AFLfast,xmllint,12,1623634241, 1, 1192, 2214, 1950, 344, 12.37%, 0, 0, 3, 24.70, 451559
AFLfast,xmllint,12,1623634246, 1, 1192, 2215, 1951, 344, 12.37%, 0, 0, 3, 23.39, 451680
AFLfast,xmllint,12,1623634284, 1, 1192, 2217, 1953, 344, 12.37%, 0, 0, 3, 23.32, 452524
AFLfast,xmllint,12,1623634345, 1, 1192, 2218, 1954, 344, 12.37%, 0, 0, 3, 24.30, 454001
AFLfast,xmllint,12,1623634351, 1, 1192, 2219, 1955, 344, 12.37%, 0, 0, 3, 25.04, 454134
AFLfast,xmllint,12,1623634372, 1, 1192, 2220, 1956, 344, 12.37%, 0, 0, 3, 26.90, 454615
AFLfast,xmllint,12,1623634377, 1, 1192, 2222, 1958, 344, 12.37%, 0, 0, 3, 24.45, 454735
AFLfast,xmllint,12,1623634382, 1, 1192, 2223, 1959, 344, 12.37%, 0, 0, 3, 23.22, 454859
AFLfast,xmllint,12,1623634403, 1, 1207, 2223, 1958, 348, 12.37%, 0, 0, 3, 20.87, 455338
AFLfast,xmllint,12,1623634413, 1, 1207, 2224, 1959, 348, 12.37%, 0, 0, 3, 25.96, 455622
AFLfast,xmllint,12,1623634444, 1, 1228, 2224, 1958, 348, 12.37%, 0, 0, 3, 35.52, 456419
AFLfast,xmllint,12,1623634464, 1, 1231, 2224, 1957, 347, 12.37%, 0, 0, 3, 29.61, 456930
AFLfast,xmllint,12,1623634485, 1, 1241, 2224, 1956, 346, 12.37%, 0, 0, 3, 31.95, 457460
AFLfast,xmllint,12,1623634505, 1, 1243, 2224, 1955, 345, 12.37%, 0, 0, 3, 32.43, 457969
AFLfast,xmllint,12,1623634522, 1, 1250, 2224, 1954, 344, 12.37%, 0, 0, 3, 1.62, 458389
AFLfast,xmllint,12,1623634527, 1, 1250, 2225, 1955, 344, 12.37%, 0, 0, 3, 26.36, 458535
AFLfast,xmllint,12,1623634548, 1, 1251, 2225, 1954, 344, 12.37%, 0, 0, 3, 0.64, 459042
AFLfast,xmllint,12,1623634558, 1, 1251, 2226, 1955, 344, 12.37%, 0, 0, 3, 29.75, 459339
AFLfast,xmllint,12,1623634574, 1, 1253, 2226, 1954, 344, 12.37%, 0, 0, 3, 31.54, 459717
AFLfast,xmllint,12,1623634589, 1, 1253, 2227, 1955, 344, 12.37%, 0, 0, 3, 27.38, 460128
AFLfast,xmllint,12,1623634610, 1, 1254, 2227, 1954, 344, 12.37%, 0, 0, 3, 33.64, 460657
AFLfast,xmllint,12,1623634620, 1, 1254, 2228, 1955, 344, 12.37%, 0, 0, 3, 27.98, 460942
AFLfast,xmllint,12,1623634641, 1, 1255, 2228, 1954, 343, 12.37%, 0, 0, 3, 33.35, 461464
AFLfast,xmllint,12,1623634656, 1, 1256, 2228, 1953, 342, 12.37%, 0, 0, 3, 0.99, 461856
AFLfast,xmllint,12,1623634661, 1, 1256, 2229, 1954, 342, 12.37%, 0, 0, 3, 28.94, 462007
AFLfast,xmllint,12,1623634666, 1, 1256, 2230, 1955, 342, 12.37%, 0, 0, 3, 26.47, 462136
AFLfast,xmllint,12,1623634671, 1, 1256, 2231, 1956, 342, 12.37%, 0, 0, 3, 26.49, 462276
AFLfast,xmllint,12,1623634682, 1, 1256, 2233, 1958, 342, 12.37%, 0, 0, 3, 27.77, 462557
AFLfast,xmllint,12,1623634703, 1, 1256, 2234, 1959, 342, 12.37%, 0, 0, 3, 28.29, 463106
AFLfast,xmllint,12,1623634718, 1, 1256, 2235, 1960, 342, 12.37%, 0, 0, 3, 25.98, 463518
AFLfast,xmllint,12,1623634744, 1, 1256, 2236, 1961, 342, 12.37%, 0, 0, 3, 26.47, 464190
AFLfast,xmllint,12,1623634749, 1, 1256, 2237, 1962, 342, 12.37%, 0, 0, 3, 26.96, 464333
AFLfast,xmllint,12,1623634759, 1, 1256, 2238, 1963, 342, 12.37%, 0, 0, 3, 27.46, 464609
AFLfast,xmllint,12,1623634785, 1, 1256, 2239, 1964, 342, 12.38%, 0, 0, 3, 25.58, 465265
AFLfast,xmllint,12,1623634790, 1, 1256, 2240, 1965, 342, 12.38%, 0, 0, 3, 28.35, 465417
AFLfast,xmllint,12,1623634801, 1, 1256, 2241, 1966, 342, 12.38%, 0, 0, 3, 27.98, 465700
AFLfast,xmllint,12,1623634837, 1, 1256, 2242, 1967, 342, 12.38%, 0, 0, 3, 27.92, 466664
AFLfast,xmllint,12,1623634847, 1, 1256, 2243, 1968, 342, 12.38%, 0, 0, 3, 26.56, 466941
AFLfast,xmllint,12,1623634868, 1, 1256, 2244, 1969, 342, 12.38%, 0, 0, 3, 26.50, 467456
AFLfast,xmllint,12,1623634898, 1, 1256, 2245, 1970, 342, 12.38%, 0, 0, 3, 24.87, 468244
AFLfast,xmllint,12,1623634914, 1, 1258, 2246, 1970, 346, 12.38%, 0, 0, 3, 27.30, 468619
AFLfast,xmllint,12,1623634939, 1, 1259, 2246, 1969, 345, 12.38%, 0, 0, 3, 38.77, 469311
AFLfast,xmllint,12,1623634945, 1, 1259, 2247, 1970, 345, 12.38%, 0, 0, 3, 30.06, 469450
AFLfast,xmllint,12,1623634965, 1, 1259, 2248, 1971, 345, 12.38%, 0, 0, 3, 25.38, 469990
AFLfast,xmllint,12,1623634970, 1, 1259, 2249, 1972, 345, 12.38%, 0, 0, 3, 25.51, 470120
AFLfast,xmllint,12,1623634980, 1, 1259, 2250, 1973, 345, 12.38%, 0, 0, 3, 18.91, 470366
AFLfast,xmllint,12,1623634986, 1, 1259, 2252, 1975, 345, 12.38%, 0, 0, 3, 23.98, 470504
AFLfast,xmllint,12,1623634996, 1, 1259, 2254, 1977, 345, 12.38%, 0, 0, 3, 25.74, 470775
AFLfast,xmllint,12,1623635017, 1, 1259, 2255, 1978, 345, 12.38%, 0, 0, 3, 7.51, 471306
AFLfast,xmllint,12,1623635048, 1, 1259, 2256, 1979, 345, 12.38%, 0, 0, 3, 25.02, 472091
AFLfast,xmllint,12,1623635064, 1, 1259, 2257, 1980, 345, 12.38%, 0, 0, 3, 10.04, 472478
AFLfast,xmllint,12,1623635085, 1, 1259, 2258, 1981, 345, 12.39%, 0, 0, 3, 26.71, 473043
AFLfast,xmllint,12,1623635105, 1, 1259, 2259, 1982, 345, 12.39%, 0, 0, 3, 20.83, 473542
AFLfast,xmllint,12,1623635115, 1, 1259, 2260, 1983, 345, 12.39%, 0, 0, 3, 25.30, 473807
AFLfast,xmllint,12,1623635203, 1, 1263, 2261, 1983, 347, 12.39%, 0, 0, 3, 31.49, 475987
AFLfast,xmllint,12,1623635218, 1, 1266, 2261, 1982, 346, 12.39%, 0, 0, 3, 29.41, 476374
AFLfast,xmllint,12,1623635229, 1, 1268, 2261, 1981, 345, 12.39%, 0, 0, 3, 1.42, 476624
AFLfast,xmllint,12,1623635249, 1, 1273, 2261, 1980, 344, 12.39%, 0, 0, 3, 29.68, 477163
AFLfast,xmllint,12,1623635264, 1, 1282, 2261, 1979, 343, 12.39%, 0, 0, 3, 42.49, 477549
AFLfast,xmllint,12,1623635280, 1, 1288, 2261, 1978, 342, 12.39%, 0, 0, 3, 27.65, 477956
AFLfast,xmllint,12,1623635296, 1, 1289, 2261, 1977, 341, 12.39%, 0, 0, 3, 18.85, 478342
AFLfast,xmllint,12,1623635311, 1, 1294, 2261, 1976, 340, 12.39%, 0, 0, 3, 2.77, 478729
AFLfast,xmllint,12,1623635316, 1, 1294, 2262, 1977, 340, 12.40%, 0, 0, 3, 28.80, 478877
AFLfast,xmllint,12,1623635327, 1, 1294, 2264, 1979, 340, 12.40%, 0, 0, 3, 27.74, 479158
AFLfast,xmllint,12,1623635383, 1, 1294, 2265, 1980, 340, 12.40%, 0, 0, 3, 28.69, 480660
AFLfast,xmllint,12,1623635441, 1, 1294, 2266, 1981, 340, 12.40%, 0, 0, 3, 26.48, 482143
AFLfast,xmllint,12,1623635451, 1, 1294, 2267, 1982, 340, 12.40%, 0, 0, 3, 26.19, 482412
AFLfast,xmllint,12,1623635461, 1, 1294, 2268, 1983, 340, 12.40%, 0, 0, 3, 27.43, 482690
AFLfast,xmllint,12,1623635503, 1, 1294, 2269, 1984, 340, 12.41%, 0, 0, 3, 25.29, 483743
AFLfast,xmllint,12,1623635533, 1, 1294, 2270, 1985, 340, 12.41%, 0, 0, 3, 26.45, 484490
AFLfast,xmllint,12,1623635569, 1, 1295, 2270, 1984, 340, 12.41%, 0, 0, 3, 29.80, 485446
AFLfast,xmllint,12,1623635590, 1, 1295, 2272, 1986, 340, 12.41%, 0, 0, 3, 26.19, 485993
AFLfast,xmllint,12,1623635626, 1, 1295, 2274, 1988, 340, 12.41%, 0, 0, 3, 26.39, 486899
AFLfast,xmllint,12,1623635631, 1, 1295, 2275, 1989, 340, 12.41%, 0, 0, 3, 26.05, 487037
AFLfast,xmllint,12,1623635646, 1, 1295, 2276, 1990, 340, 12.41%, 0, 0, 3, 25.61, 487435
AFLfast,xmllint,12,1623635662, 1, 1295, 2277, 1991, 340, 12.41%, 0, 0, 3, 25.71, 487814
AFLfast,xmllint,12,1623635667, 1, 1295, 2278, 1992, 340, 12.41%, 0, 0, 3, 26.73, 487954
AFLfast,xmllint,12,1623635688, 1, 1295, 2279, 1993, 340, 12.41%, 0, 0, 3, 26.86, 488519
AFLfast,xmllint,12,1623635693, 1, 1295, 2280, 1994, 340, 12.41%, 0, 0, 3, 28.44, 488620
AFLfast,xmllint,12,1623635698, 1, 1295, 2281, 1995, 340, 12.41%, 0, 0, 3, 28.06, 488763
AFLfast,xmllint,12,1623635703, 1, 1295, 2282, 1996, 340, 12.41%, 0, 0, 3, 27.04, 488903
AFLfast,xmllint,12,1623635718, 1, 1295, 2283, 1997, 340, 12.41%, 0, 0, 3, 26.96, 489307
AFLfast,xmllint,12,1623635729, 1, 1295, 2285, 1999, 340, 12.41%, 0, 0, 3, 26.34, 489572
AFLfast,xmllint,12,1623635734, 1, 1295, 2286, 2000, 340, 12.42%, 0, 0, 3, 2.12, 489674
AFLfast,xmllint,12,1623635744, 1, 1295, 2287, 2001, 340, 12.42%, 0, 0, 3, 26.41, 489946
AFLfast,xmllint,12,1623635755, 1, 1295, 2288, 2002, 340, 12.42%, 0, 0, 3, 26.20, 490212
AFLfast,xmllint,12,1623635770, 1, 1295, 2289, 2003, 340, 12.42%, 0, 0, 3, 25.27, 490597
AFLfast,xmllint,12,1623635787, 1, 1295, 2290, 2004, 340, 12.42%, 0, 0, 3, 26.53, 490996
AFLfast,xmllint,12,1623635835, 1, 1298, 2290, 2003, 342, 12.42%, 0, 0, 3, 4.91, 492153
AFLfast,xmllint,12,1623635851, 1, 1298, 2291, 2004, 342, 12.42%, 0, 0, 3, 28.01, 492548
AFLfast,xmllint,12,1623635872, 1, 1299, 2291, 2003, 341, 12.42%, 0, 0, 3, 25.45, 493069
AFLfast,xmllint,12,1623635882, 1, 1300, 2291, 2002, 340, 12.42%, 0, 0, 3, 25.97, 493335
AFLfast,xmllint,12,1623635903, 1, 1304, 2291, 2001, 339, 12.42%, 0, 0, 3, 32.34, 493868
AFLfast,xmllint,12,1623635949, 1, 1310, 2291, 2000, 338, 12.42%, 0, 0, 3, 29.85, 495091
AFLfast,xmllint,12,1623635964, 1, 1312, 2291, 1999, 337, 12.42%, 0, 0, 3, 31.88, 495497
AFLfast,xmllint,12,1623635985, 1, 1314, 2291, 1998, 336, 12.42%, 0, 0, 3, 25.84, 496033
AFLfast,xmllint,12,1623636001, 1, 1317, 2291, 1997, 335, 12.42%, 0, 0, 3, 37.31, 496431
AFLfast,xmllint,12,1623636017, 1, 1319, 2291, 1996, 334, 12.42%, 0, 0, 3, 5.29, 496837
AFLfast,xmllint,12,1623636032, 1, 1321, 2291, 1995, 333, 12.42%, 0, 0, 3, 35.71, 497264
AFLfast,xmllint,12,1623636049, 1, 1323, 2291, 1994, 332, 12.42%, 0, 0, 3, 1.94, 497684
AFLfast,xmllint,12,1623636064, 1, 1324, 2291, 1993, 331, 12.42%, 0, 0, 3, 33.60, 498089
AFLfast,xmllint,12,1623636079, 1, 1326, 2291, 1992, 330, 12.42%, 0, 0, 3, 2.65, 498456
AFLfast,xmllint,12,1623636100, 1, 1328, 2291, 1991, 329, 12.42%, 0, 0, 3, 29.85, 498979
AFLfast,xmllint,12,1623636110, 1, 1328, 2292, 1992, 329, 12.42%, 0, 0, 3, 29.41, 499280
AFLfast,xmllint,12,1623636120, 1, 1329, 2292, 1991, 329, 12.42%, 0, 0, 3, 33.57, 499539
AFLfast,xmllint,12,1623636125, 1, 1329, 2293, 1992, 329, 12.42%, 0, 0, 3, 28.54, 499678
AFLfast,xmllint,12,1623636171, 1, 1334, 2293, 1991, 328, 12.42%, 0, 0, 3, 21.22, 500867
AFLfast,xmllint,12,1623636187, 1, 1335, 2293, 1990, 327, 12.42%, 0, 0, 3, 38.42, 501263
AFLfast,xmllint,12,1623636202, 1, 1344, 2293, 1989, 326, 12.42%, 0, 0, 3, 32.29, 501678
AFLfast,xmllint,12,1623636228, 1, 1349, 2293, 1988, 325, 12.42%, 0, 0, 3, 30.24, 502346
AFLfast,xmllint,12,1623636244, 1, 1351, 2293, 1987, 324, 12.42%, 0, 0, 3, 36.32, 502732
AFLfast,xmllint,12,1623636249, 1, 1351, 2294, 1988, 324, 12.42%, 0, 0, 3, 29.44, 502880
AFLfast,xmllint,12,1623636259, 1, 1351, 2296, 1990, 324, 12.42%, 0, 0, 3, 25.88, 503147
AFLfast,xmllint,12,1623636270, 1, 1351, 2297, 1991, 324, 12.43%, 0, 0, 3, 24.64, 503405
AFLfast,xmllint,12,1623636280, 1, 1351, 2298, 1992, 324, 12.43%, 0, 0, 3, 23.97, 503654
AFLfast,xmllint,12,1623636285, 1, 1351, 2299, 1993, 324, 12.43%, 0, 0, 3, 24.92, 503784
AFLfast,xmllint,12,1623636291, 1, 1351, 2300, 1994, 324, 12.43%, 0, 0, 3, 0.63, 503897
AFLfast,xmllint,12,1623636312, 1, 1351, 2302, 1996, 324, 12.43%, 0, 0, 3, 26.56, 504367
AFLfast,xmllint,12,1623636353, 1, 1351, 2303, 1997, 324, 12.44%, 0, 0, 3, 24.93, 505347
AFLfast,xmllint,12,1623636363, 1, 1351, 2304, 1998, 324, 12.44%, 0, 0, 3, 25.35, 505603
AFLfast,xmllint,12,1623636368, 1, 1351, 2306, 2000, 324, 12.44%, 0, 0, 3, 24.50, 505729
AFLfast,xmllint,12,1623636373, 1, 1351, 2307, 2001, 324, 12.44%, 0, 0, 3, 24.47, 505851
AFLfast,xmllint,12,1623636384, 1, 1351, 2308, 2002, 324, 12.44%, 0, 0, 3, 24.31, 506063
AFLfast,xmllint,12,1623636399, 1, 1351, 2309, 2003, 324, 12.44%, 0, 0, 3, 25.03, 506424
AFLfast,xmllint,12,1623636425, 1, 1351, 2311, 2005, 324, 12.44%, 0, 0, 3, 3.84, 507057
AFLfast,xmllint,12,1623636446, 1, 1351, 2312, 2006, 324, 12.44%, 0, 0, 3, 25.67, 507582
AFLfast,xmllint,12,1623636461, 1, 1353, 2312, 2005, 327, 12.44%, 0, 0, 3, 28.35, 507934
AFLfast,xmllint,12,1623636477, 1, 1354, 2312, 2004, 326, 12.44%, 0, 0, 3, 3.09, 508323
AFLfast,xmllint,12,1623636498, 1, 1355, 2312, 2003, 325, 12.44%, 0, 0, 3, 30.26, 508847
AFLfast,xmllint,12,1623636514, 1, 1357, 2312, 2002, 324, 12.44%, 0, 0, 3, 29.34, 509226
AFLfast,xmllint,12,1623636534, 1, 1364, 2312, 2001, 323, 12.44%, 0, 0, 3, 34.04, 509731
AFLfast,xmllint,12,1623636551, 1, 1368, 2312, 2000, 322, 12.44%, 0, 0, 3, 2.60, 510116
AFLfast,xmllint,12,1623636571, 1, 1371, 2313, 2000, 321, 12.44%, 0, 0, 3, 26.17, 510644
AFLfast,xmllint,12,1623636593, 1, 1372, 2313, 1999, 321, 12.44%, 0, 0, 3, 2.06, 511182
AFLfast,xmllint,12,1623636613, 1, 1374, 2313, 1998, 320, 12.44%, 0, 0, 3, 30.14, 511692
AFLfast,xmllint,12,1623636628, 1, 1377, 2313, 1997, 319, 12.44%, 0, 0, 3, 28.03, 512075
AFLfast,xmllint,12,1623636644, 1, 1378, 2313, 1996, 318, 12.44%, 0, 0, 3, 1.28, 512453
AFLfast,xmllint,12,1623636665, 1, 1383, 2313, 1995, 317, 12.44%, 0, 0, 3, 31.85, 512982
AFLfast,xmllint,12,1623636680, 1, 1384, 2313, 1994, 316, 12.44%, 0, 0, 3, 34.23, 513383
AFLfast,xmllint,12,1623636695, 1, 1385, 2313, 1993, 315, 12.44%, 0, 0, 3, 32.82, 513789
AFLfast,xmllint,12,1623636711, 1, 1386, 2313, 1992, 314, 12.44%, 0, 0, 3, 32.00, 514231
AFLfast,xmllint,12,1623636727, 1, 1389, 2313, 1991, 313, 12.44%, 0, 0, 3, 35.02, 514642
AFLfast,xmllint,12,1623636742, 1, 1389, 2314, 1992, 313, 12.44%, 0, 0, 3, 27.90, 515067
AFLfast,xmllint,12,1623636758, 1, 1389, 2315, 1993, 313, 12.44%, 0, 0, 3, 26.45, 515481
AFLfast,xmllint,12,1623636783, 1, 1389, 2316, 1994, 313, 12.44%, 0, 0, 3, 25.22, 516096
AFLfast,xmllint,12,1623636793, 1, 1389, 2317, 1995, 313, 12.45%, 0, 0, 3, 25.10, 516366
AFLfast,xmllint,12,1623636820, 1, 1389, 2318, 1996, 313, 12.45%, 0, 0, 3, 25.45, 517008
AFLfast,xmllint,12,1623636851, 1, 1389, 2319, 1997, 313, 12.45%, 0, 0, 3, 25.86, 517775
AFLfast,xmllint,12,1623636877, 1, 1391, 2319, 1996, 314, 12.45%, 0, 0, 3, 4.03, 518380
AFLfast,xmllint,12,1623636898, 1, 1400, 2319, 1995, 313, 12.45%, 0, 0, 3, 0.94, 518931
AFLfast,xmllint,12,1623636903, 1, 1400, 2320, 1996, 313, 12.45%, 0, 0, 3, 25.62, 519081
AFLfast,xmllint,12,1623636923, 1, 1400, 2321, 1997, 313, 12.45%, 0, 0, 3, 27.18, 519638
AFLfast,xmllint,12,1623636960, 1, 1400, 2322, 1998, 313, 12.45%, 0, 0, 3, 25.36, 520540
AFLfast,xmllint,12,1623636985, 1, 1400, 2323, 1999, 313, 12.45%, 0, 0, 3, 25.61, 521159
AFLfast,xmllint,12,1623636991, 1, 1400, 2324, 2000, 313, 12.45%, 0, 0, 3, 26.05, 521299
AFLfast,xmllint,12,1623637052, 1, 1400, 2326, 2002, 313, 12.45%, 0, 0, 3, 24.83, 522805
AFLfast,xmllint,12,1623637104, 1, 1400, 2328, 2004, 313, 12.45%, 0, 0, 3, 26.00, 524091
AFLfast,xmllint,12,1623637109, 1, 1400, 2329, 2005, 313, 12.46%, 0, 0, 3, 25.98, 524225
AFLfast,xmllint,12,1623637166, 1, 1405, 2330, 2005, 316, 12.46%, 0, 0, 3, 3.85, 525645
AFLfast,xmllint,12,1623637187, 1, 1408, 2330, 2004, 315, 12.46%, 0, 0, 3, 36.41, 526217
AFLfast,xmllint,12,1623637197, 1, 1408, 2331, 2005, 315, 12.46%, 0, 0, 3, 29.89, 526527
AFLfast,xmllint,12,1623637224, 1, 1409, 2331, 2004, 315, 12.46%, 0, 0, 3, 1.47, 527164
AFLfast,xmllint,12,1623637246, 1, 1412, 2331, 2003, 314, 12.46%, 0, 0, 3, 1.60, 527715
AFLfast,xmllint,12,1623637272, 1, 1423, 2331, 2002, 313, 12.46%, 0, 0, 3, 41.41, 528401
AFLfast,xmllint,12,1623637277, 1, 1423, 2332, 2003, 313, 12.46%, 0, 0, 3, 31.47, 528546
AFLfast,xmllint,12,1623637307, 1, 1424, 2332, 2002, 313, 12.46%, 0, 0, 3, 0.63, 529247
AFLfast,xmllint,12,1623637317, 1, 1424, 2333, 2003, 313, 12.46%, 0, 0, 3, 37.72, 529541
AFLfast,xmllint,12,1623637333, 1, 1424, 2334, 2004, 313, 12.46%, 0, 0, 3, 26.34, 529940
AFLfast,xmllint,12,1623637381, 1, 1425, 2334, 2003, 313, 12.46%, 0, 0, 3, 1.25, 531041
AFLfast,xmllint,12,1623637396, 1, 1425, 2335, 2004, 313, 12.46%, 0, 0, 3, 26.40, 531470
AFLfast,xmllint,12,1623637412, 1, 1429, 2335, 2003, 312, 12.46%, 0, 0, 3, 38.06, 531816
AFLfast,xmllint,12,1623637432, 1, 1430, 2335, 2002, 311, 12.46%, 0, 0, 3, 28.12, 532367
AFLfast,xmllint,12,1623637453, 1, 1431, 2335, 2001, 310, 12.46%, 0, 0, 3, 28.27, 532879
AFLfast,xmllint,12,1623637463, 1, 1431, 2336, 2002, 310, 12.48%, 0, 0, 3, 25.57, 533158
AFLfast,xmllint,12,1623637468, 1, 1431, 2337, 2003, 310, 12.48%, 0, 0, 3, 25.60, 533291
AFLfast,xmllint,12,1623637484, 1, 1431, 2338, 2004, 310, 12.48%, 0, 0, 3, 23.80, 533663
AFLfast,xmllint,12,1623637494, 1, 1431, 2339, 2005, 310, 12.49%, 0, 0, 3, 25.15, 533921
AFLfast,xmllint,12,1623637509, 1, 1431, 2340, 2006, 310, 12.49%, 0, 0, 3, 23.06, 534239
AFLfast,xmllint,12,1623637514, 1, 1431, 2341, 2007, 310, 12.49%, 0, 0, 3, 23.16, 534361
AFLfast,xmllint,12,1623637520, 1, 1431, 2343, 2009, 310, 12.49%, 0, 0, 3, 23.02, 534480
AFLfast,xmllint,12,1623637530, 1, 1431, 2344, 2010, 310, 12.49%, 0, 0, 3, 24.26, 534727
AFLfast,xmllint,12,1623637556, 1, 1431, 2346, 2012, 310, 12.50%, 0, 0, 3, 22.14, 535295
AFLfast,xmllint,12,1623637576, 1, 1431, 2347, 2013, 310, 12.50%, 0, 0, 3, 24.03, 535779
AFLfast,xmllint,12,1623637581, 1, 1431, 2348, 2014, 310, 12.50%, 0, 0, 3, 23.65, 535896
AFLfast,xmllint,12,1623637592, 1, 1431, 2349, 2015, 310, 12.50%, 0, 0, 3, 22.65, 536137
AFLfast,xmllint,12,1623637623, 1, 1436, 2349, 2014, 315, 12.50%, 0, 0, 3, 0.51, 536804
AFLfast,xmllint,12,1623637639, 1, 1436, 2351, 2016, 315, 12.50%, 0, 0, 3, 23.78, 537216
AFLfast,xmllint,12,1623637707, 1, 1436, 2352, 2017, 315, 12.50%, 0, 0, 3, 23.73, 538788
AFLfast,xmllint,12,1623637718, 1, 1436, 2354, 2019, 315, 12.50%, 0, 0, 3, 24.19, 539031
AFLfast,xmllint,12,1623637729, 1, 1436, 2355, 2020, 315, 12.50%, 0, 0, 3, 21.38, 539230
AFLfast,xmllint,12,1623637734, 1, 1436, 2356, 2021, 315, 12.50%, 0, 0, 3, 22.56, 539349
AFLfast,xmllint,12,1623637760, 1, 1436, 2357, 2022, 315, 12.50%, 0, 0, 3, 23.10, 539939
AFLfast,xmllint,12,1623637777, 1, 1436, 2358, 2023, 315, 12.51%, 0, 0, 3, 21.62, 540271
AFLfast,xmllint,12,1623637782, 1, 1436, 2359, 2024, 315, 12.51%, 0, 0, 3, 22.80, 540392
AFLfast,xmllint,12,1623637787, 1, 1436, 2360, 2025, 315, 12.51%, 0, 0, 3, 22.32, 540503
AFLfast,xmllint,12,1623637792, 1, 1436, 2361, 2026, 315, 12.51%, 0, 0, 3, 23.53, 540620
AFLfast,xmllint,12,1623637808, 1, 1436, 2362, 2027, 315, 12.51%, 0, 0, 3, 22.94, 540970
AFLfast,xmllint,12,1623637838, 1, 1436, 2363, 2028, 315, 12.51%, 0, 0, 3, 21.53, 541593
AFLfast,xmllint,12,1623637864, 1, 1436, 2364, 2029, 315, 12.52%, 0, 0, 3, 24.43, 542199
AFLfast,xmllint,12,1623637874, 1, 1436, 2365, 2030, 315, 12.52%, 0, 0, 3, 21.82, 542388
AFLfast,xmllint,12,1623637884, 1, 1436, 2366, 2031, 315, 12.52%, 0, 0, 3, 23.94, 542632
AFLfast,xmllint,12,1623637900, 1, 1436, 2367, 2032, 315, 12.52%, 0, 0, 3, 23.15, 542993
AFLfast,xmllint,12,1623637926, 1, 1436, 2368, 2033, 315, 12.52%, 0, 0, 3, 24.08, 543555
AFLfast,xmllint,12,1623637931, 1, 1436, 2371, 2036, 315, 12.52%, 0, 0, 3, 23.03, 543672
AFLfast,xmllint,12,1623637937, 1, 1438, 2372, 2036, 317, 12.52%, 0, 0, 3, 1.30, 543756
AFLfast,xmllint,12,1623637968, 1, 1444, 2372, 2035, 316, 12.52%, 0, 0, 3, 25.67, 544549
AFLfast,xmllint,12,1623637983, 1, 1448, 2372, 2034, 315, 12.52%, 0, 0, 3, 1.76, 544932
AFLfast,xmllint,12,1623637994, 1, 1448, 2373, 2035, 315, 12.52%, 0, 0, 3, 23.38, 545176
AFLfast,xmllint,12,1623637999, 1, 1448, 2374, 2036, 315, 12.52%, 0, 0, 3, 23.32, 545293
AFLfast,xmllint,12,1623638014, 1, 1448, 2375, 2037, 315, 12.52%, 0, 0, 3, 26.05, 545682
AFLfast,xmllint,12,1623638029, 1, 1448, 2376, 2038, 315, 12.52%, 0, 0, 3, 23.90, 546064
AFLfast,xmllint,12,1623638065, 1, 1448, 2377, 2039, 315, 12.52%, 0, 0, 3, 22.13, 546874
AFLfast,xmllint,12,1623638071, 1, 1448, 2378, 2040, 315, 12.52%, 0, 0, 3, 22.88, 546998
AFLfast,xmllint,12,1623638076, 1, 1448, 2379, 2041, 315, 12.52%, 0, 0, 3, 22.49, 547119
AFLfast,xmllint,12,1623638086, 1, 1448, 2380, 2042, 315, 12.52%, 0, 0, 3, 21.74, 547319
AFLfast,xmllint,12,1623638112, 1, 1448, 2382, 2044, 315, 12.52%, 0, 0, 3, 21.49, 547911
AFLfast,xmllint,12,1623638117, 1, 1448, 2383, 2045, 315, 12.52%, 0, 0, 3, 21.07, 548029
AFLfast,xmllint,12,1623638134, 1, 1448, 2384, 2046, 315, 12.52%, 0, 0, 3, 23.30, 548371
AFLfast,xmllint,12,1623638139, 1, 1448, 2385, 2047, 315, 12.52%, 0, 0, 3, 23.54, 548491
AFLfast,xmllint,12,1623638200, 1, 1448, 2386, 2048, 315, 12.52%, 0, 0, 3, 24.48, 549793
AFLfast,xmllint,12,1623638210, 1, 1448, 2387, 2049, 315, 12.52%, 0, 0, 3, 23.59, 550041
AFLfast,xmllint,12,1623638217, 1, 1453, 2387, 2048, 319, 12.52%, 0, 0, 3, 1.18, 550130
AFLfast,xmllint,12,1623638237, 1, 1457, 2387, 2047, 318, 12.52%, 0, 0, 3, 33.38, 550672
AFLfast,xmllint,12,1623638258, 1, 1458, 2387, 2046, 317, 12.52%, 0, 0, 3, 17.70, 551197
AFLfast,xmllint,12,1623638268, 1, 1458, 2389, 2048, 317, 12.52%, 0, 0, 3, 26.07, 551487
AFLfast,xmllint,12,1623638331, 1, 1458, 2391, 2050, 317, 12.54%, 0, 0, 3, 24.68, 552970
AFLfast,xmllint,12,1623638336, 1, 1458, 2392, 2051, 317, 12.54%, 0, 0, 3, 26.24, 553114
AFLfast,xmllint,12,1623638363, 1, 1458, 2393, 2052, 317, 12.54%, 0, 0, 3, 24.46, 553747
AFLfast,xmllint,12,1623638476, 1, 1462, 2393, 2051, 318, 12.54%, 0, 0, 3, 0.99, 556246
AFLfast,xmllint,12,1623638482, 1, 1462, 2394, 2052, 318, 12.54%, 0, 0, 3, 31.68, 556405
AFLfast,xmllint,12,1623638487, 1, 1462, 2395, 2053, 318, 12.54%, 0, 0, 3, 26.53, 556529
AFLfast,xmllint,12,1623638517, 1, 1462, 2396, 2054, 318, 12.54%, 0, 0, 3, 24.69, 557295
AFLfast,xmllint,12,1623638543, 1, 1462, 2397, 2055, 318, 12.54%, 0, 0, 3, 24.71, 557897
AFLfast,xmllint,12,1623638559, 1, 1462, 2398, 2056, 318, 12.54%, 0, 0, 3, 24.69, 558268
AFLfast,xmllint,12,1623638564, 1, 1462, 2399, 2057, 318, 12.54%, 0, 0, 3, 23.77, 558389
AFLfast,xmllint,12,1623638586, 1, 1462, 2400, 2058, 318, 12.54%, 0, 0, 3, 22.93, 558848
AFLfast,xmllint,12,1623638591, 1, 1462, 2401, 2059, 318, 12.54%, 0, 0, 3, 23.03, 558966
AFLfast,xmllint,12,1623638607, 1, 1462, 2402, 2060, 318, 12.54%, 0, 0, 3, 24.41, 559329
AFLfast,xmllint,12,1623638612, 1, 1462, 2403, 2061, 318, 12.54%, 0, 0, 3, 23.25, 559447
AFLfast,xmllint,12,1623638632, 1, 1462, 2404, 2062, 318, 12.54%, 0, 0, 3, 24.45, 559806
AFLfast,xmllint,12,1623638678, 1, 1462, 2405, 2063, 318, 12.54%, 0, 0, 3, 23.87, 560836
AFLfast,xmllint,12,1623638706, 1, 1463, 2405, 2062, 320, 12.54%, 0, 0, 3, 1.12, 561405
AFLfast,xmllint,12,1623638722, 1, 1463, 2406, 2063, 320, 12.54%, 0, 0, 3, 24.49, 561811
AFLfast,xmllint,12,1623638768, 1, 1466, 2406, 2062, 320, 12.54%, 0, 0, 3, 26.45, 562878
AFLfast,xmllint,12,1623638799, 1, 1470, 2406, 2061, 319, 12.54%, 0, 0, 3, 33.45, 563614
AFLfast,xmllint,12,1623638825, 1, 1471, 2406, 2060, 318, 12.54%, 0, 0, 3, 23.91, 564267
AFLfast,xmllint,12,1623638846, 1, 1474, 2406, 2059, 317, 12.54%, 0, 0, 3, 0.48, 564774
AFLfast,xmllint,12,1623638867, 1, 1474, 2407, 2060, 317, 12.54%, 0, 0, 3, 24.12, 565314
AFLfast,xmllint,12,1623638903, 1, 1475, 2407, 2059, 317, 12.54%, 0, 0, 3, 1.93, 566152
AFLfast,xmllint,12,1623638913, 1, 1475, 2409, 2061, 317, 12.54%, 0, 0, 3, 27.34, 566446
AFLfast,xmllint,12,1623638929, 1, 1475, 2410, 2062, 317, 12.54%, 0, 0, 3, 0.74, 566805
AFLfast,xmllint,12,1623638960, 1, 1475, 2413, 2065, 317, 12.55%, 0, 0, 3, 23.30, 567523
AFLfast,xmllint,12,1623638965, 1, 1475, 2416, 2068, 317, 12.55%, 0, 0, 3, 24.67, 567654
AFLfast,xmllint,12,1623638970, 1, 1475, 2417, 2069, 317, 12.55%, 0, 0, 3, 25.03, 567786
AFLfast,xmllint,12,1623638976, 1, 1475, 2418, 2070, 317, 12.55%, 0, 0, 3, 24.56, 567917
AFLfast,xmllint,12,1623638981, 1, 1475, 2420, 2072, 317, 12.55%, 0, 0, 3, 24.76, 568046
AFLfast,xmllint,12,1623639023, 1, 1475, 2421, 2073, 317, 12.55%, 0, 0, 3, 24.11, 568969
AFLfast,xmllint,12,1623639028, 1, 1475, 2423, 2075, 317, 12.55%, 0, 0, 3, 23.68, 569087
AFLfast,xmllint,12,1623639043, 1, 1475, 2424, 2076, 317, 12.55%, 0, 0, 3, 23.62, 569445
AFLfast,xmllint,12,1623639051, 1, 1475, 2425, 2077, 317, 12.55%, 0, 0, 3, 0.85, 569561
AFLfast,xmllint,12,1623639071, 1, 1475, 2426, 2078, 317, 12.55%, 0, 0, 3, 23.86, 570049
AFLfast,xmllint,12,1623639107, 1, 1475, 2427, 2079, 317, 12.55%, 0, 0, 3, 24.14, 570859
AFLfast,xmllint,12,1623639122, 1, 1475, 2428, 2080, 317, 12.55%, 0, 0, 3, 25.00, 571225
AFLfast,xmllint,12,1623639133, 1, 1481, 2428, 2079, 318, 12.55%, 0, 0, 3, 1.63, 571424
AFLfast,xmllint,12,1623639159, 1, 1482, 2428, 2078, 317, 12.55%, 0, 0, 3, 28.51, 572061
AFLfast,xmllint,12,1623639175, 1, 1483, 2428, 2077, 316, 12.55%, 0, 0, 3, 26.78, 572426
AFLfast,xmllint,12,1623639200, 1, 1483, 2429, 2078, 316, 12.55%, 0, 0, 3, 25.94, 573094
AFLfast,xmllint,12,1623639231, 1, 1484, 2429, 2077, 315, 12.55%, 0, 0, 3, 28.25, 573787
AFLfast,xmllint,12,1623639247, 1, 1487, 2429, 2076, 314, 12.55%, 0, 0, 3, 3.58, 574170
AFLfast,xmllint,12,1623639283, 1, 1492, 2429, 2075, 313, 12.55%, 0, 0, 3, 35.90, 575051
AFLfast,xmllint,12,1623639298, 1, 1492, 2430, 2076, 313, 12.55%, 0, 0, 3, 25.88, 575466
AFLfast,xmllint,12,1623639319, 1, 1492, 2431, 2077, 313, 12.55%, 0, 0, 3, 26.46, 575986
AFLfast,xmllint,12,1623639344, 1, 1492, 2432, 2078, 313, 12.55%, 0, 0, 3, 25.51, 576598
AFLfast,xmllint,12,1623639475, 1, 1492, 2433, 2079, 313, 12.55%, 0, 0, 3, 25.63, 579725
AFLfast,xmllint,12,1623639491, 1, 1496, 2433, 2078, 313, 12.55%, 0, 0, 3, 36.61, 580065
AFLfast,xmllint,12,1623639518, 1, 1498, 2433, 2077, 312, 12.55%, 0, 0, 3, 23.93, 580721
AFLfast,xmllint,12,1623639538, 1, 1500, 2433, 2076, 311, 12.55%, 0, 0, 3, 33.62, 581233
AFLfast,xmllint,12,1623639559, 1, 1502, 2433, 2075, 311, 12.55%, 0, 0, 3, 31.09, 581748
AFLfast,xmllint,12,1623639564, 1, 1502, 2434, 2076, 311, 12.56%, 0, 0, 3, 26.75, 581876
AFLfast,xmllint,12,1623639610, 1, 1503, 2435, 2076, 311, 12.56%, 0, 0, 3, 29.68, 583002
AFLfast,xmllint,12,1623639615, 1, 1503, 2436, 2077, 311, 12.56%, 0, 0, 3, 27.06, 583135
AFLfast,xmllint,12,1623639620, 1, 1503, 2437, 2078, 311, 12.56%, 0, 0, 3, 26.96, 583276
AFLfast,xmllint,12,1623639626, 1, 1503, 2441, 2082, 311, 12.56%, 0, 0, 3, 27.36, 583417
AFLfast,xmllint,12,1623639641, 1, 1503, 2442, 2083, 311, 12.56%, 0, 0, 3, 26.80, 583830
AFLfast,xmllint,12,1623639646, 1, 1503, 2443, 2084, 311, 12.56%, 0, 0, 3, 26.01, 583958
AFLfast,xmllint,12,1623639661, 1, 1503, 2444, 2085, 311, 12.56%, 0, 0, 3, 26.25, 584323
AFLfast,xmllint,12,1623639677, 1, 1503, 2445, 2086, 311, 12.56%, 0, 0, 3, 26.14, 584728
AFLfast,xmllint,12,1623639682, 1, 1503, 2446, 2087, 311, 12.56%, 0, 0, 3, 26.04, 584867
AFLfast,xmllint,12,1623639692, 1, 1503, 2447, 2088, 311, 12.56%, 0, 0, 3, 11.83, 585095
AFLfast,xmllint,12,1623639697, 1, 1503, 2449, 2090, 311, 12.56%, 0, 0, 3, 22.34, 585225
AFLfast,xmllint,12,1623639708, 1, 1503, 2451, 2092, 311, 12.56%, 0, 0, 3, 25.70, 585491
AFLfast,xmllint,12,1623639713, 1, 1503, 2454, 2095, 311, 12.57%, 0, 0, 3, 26.97, 585630
AFLfast,xmllint,12,1623639723, 1, 1503, 2455, 2096, 311, 12.57%, 0, 0, 3, 25.64, 585901
AFLfast,xmllint,12,1623639785, 1, 1503, 2456, 2097, 311, 12.57%, 0, 0, 3, 24.81, 587447
AFLfast,xmllint,12,1623639796, 1, 1503, 2457, 2098, 311, 12.57%, 0, 0, 3, 25.59, 587720
AFLfast,xmllint,12,1623639873, 1, 1506, 2457, 2097, 312, 12.57%, 0, 0, 3, 41.16, 589666
AFLfast,xmllint,12,1623639893, 1, 1508, 2457, 2096, 311, 12.57%, 0, 0, 3, 30.06, 590146
AFLfast,xmllint,12,1623639898, 1, 1508, 2459, 2098, 311, 12.57%, 0, 0, 3, 27.34, 590279
AFLfast,xmllint,12,1623639929, 1, 1508, 2460, 2099, 311, 12.57%, 0, 0, 3, 25.67, 591074
AFLfast,xmllint,12,1623639950, 1, 1508, 2461, 2100, 311, 12.57%, 0, 0, 3, 23.90, 591565
AFLfast,xmllint,12,1623639955, 1, 1508, 2462, 2101, 311, 12.58%, 0, 0, 3, 25.60, 591699
AFLfast,xmllint,12,1623639961, 1, 1508, 2463, 2102, 311, 12.58%, 0, 0, 3, 26.16, 591837
AFLfast,xmllint,12,1623639981, 1, 1508, 2464, 2103, 311, 12.58%, 0, 0, 3, 23.06, 592325
AFLfast,xmllint,12,1623640007, 1, 1508, 2465, 2104, 311, 12.58%, 0, 0, 3, 26.46, 592982
AFLfast,xmllint,12,1623640012, 1, 1508, 2466, 2105, 311, 12.58%, 0, 0, 3, 28.48, 593108
AFLfast,xmllint,12,1623640043, 1, 1508, 2467, 2106, 311, 12.58%, 0, 0, 3, 24.30, 593850
AFLfast,xmllint,12,1623640116, 1, 1508, 2468, 2107, 311, 12.58%, 0, 0, 3, 23.60, 595516
AFLfast,xmllint,12,1623640126, 1, 1508, 2469, 2108, 311, 12.59%, 0, 0, 3, 24.62, 595764
AFLfast,xmllint,12,1623640146, 1, 1508, 2470, 2109, 311, 12.59%, 0, 0, 3, 24.21, 596250
AFLfast,xmllint,12,1623640152, 1, 1508, 2471, 2110, 311, 12.59%, 0, 0, 3, 2.51, 596355
AFLfast,xmllint,12,1623640173, 1, 1514, 2472, 2110, 315, 12.59%, 0, 0, 3, 34.01, 596855
AFLfast,xmllint,12,1623640189, 1, 1522, 2472, 2109, 314, 12.59%, 0, 0, 3, 1.35, 597231
AFLfast,xmllint,12,1623640199, 1, 1522, 2474, 2111, 314, 12.59%, 0, 0, 3, 25.64, 597502
AFLfast,xmllint,12,1623640235, 1, 1522, 2475, 2112, 314, 12.59%, 0, 0, 3, 23.58, 598408
AFLfast,xmllint,12,1623640256, 1, 1522, 2476, 2113, 314, 12.59%, 0, 0, 3, 25.77, 598930
AFLfast,xmllint,12,1623640390, 1, 1522, 2477, 2114, 314, 12.59%, 0, 0, 3, 25.14, 602139
AFLfast,xmllint,12,1623640456, 1, 1522, 2479, 2116, 314, 12.59%, 0, 0, 3, 24.38, 603702
AFLfast,xmllint,12,1623640467, 1, 1525, 2479, 2115, 314, 12.59%, 0, 0, 3, 35.12, 603928
AFLfast,xmllint,12,1623640472, 1, 1525, 2480, 2116, 314, 12.59%, 0, 0, 3, 28.45, 604059
AFLfast,xmllint,12,1623640554, 1, 1525, 2483, 2119, 314, 12.59%, 0, 0, 3, 17.18, 606065
AFLfast,xmllint,12,1623640559, 1, 1525, 2484, 2120, 314, 12.59%, 0, 0, 3, 21.58, 606183
AFLfast,xmllint,12,1623640564, 1, 1525, 2488, 2124, 314, 12.59%, 0, 0, 3, 21.03, 606290
AFLfast,xmllint,12,1623640574, 1, 1525, 2490, 2126, 314, 12.59%, 0, 0, 3, 21.92, 606516
AFLfast,xmllint,12,1623640590, 1, 1525, 2491, 2127, 314, 12.59%, 0, 0, 3, 20.40, 606841
AFLfast,xmllint,12,1623640612, 1, 1525, 2492, 2128, 314, 12.59%, 0, 0, 3, 22.42, 607282
AFLfast,xmllint,12,1623640617, 1, 1525, 2493, 2129, 314, 12.59%, 0, 0, 3, 22.73, 607399
AFLfast,xmllint,12,1623640622, 1, 1525, 2495, 2131, 314, 12.59%, 0, 0, 3, 21.37, 607505
AFLfast,xmllint,12,1623640653, 1, 1525, 2496, 2132, 314, 12.59%, 0, 0, 3, 21.83, 608198
AFLfast,xmllint,12,1623640663, 1, 1525, 2497, 2133, 314, 12.59%, 0, 0, 3, 22.95, 608434
AFLfast,xmllint,12,1623640689, 1, 1530, 2498, 2133, 313, 12.59%, 0, 0, 3, 28.94, 609069
AFLfast,xmllint,12,1623640695, 1, 1530, 2500, 2135, 313, 12.59%, 0, 0, 3, 26.54, 609207
AFLfast,xmllint,12,1623640700, 1, 1530, 2502, 2137, 313, 12.59%, 0, 0, 3, 26.29, 609342
AFLfast,xmllint,12,1623640705, 1, 1530, 2503, 2138, 313, 12.60%, 0, 0, 3, 25.77, 609469
AFLfast,xmllint,12,1623640710, 1, 1530, 2504, 2139, 313, 12.60%, 0, 0, 3, 25.51, 609599
AFLfast,xmllint,12,1623640725, 1, 1530, 2505, 2140, 313, 12.60%, 0, 0, 3, 24.95, 609983
AFLfast,xmllint,12,1623640746, 1, 1530, 2506, 2141, 313, 12.60%, 0, 0, 3, 22.87, 610424
AFLfast,xmllint,12,1623640751, 1, 1530, 2507, 2142, 313, 12.60%, 0, 0, 3, 24.05, 610545
AFLfast,xmllint,12,1623640776, 1, 1530, 2508, 2143, 313, 12.60%, 0, 0, 3, 24.15, 611157
AFLfast,xmllint,12,1623640791, 1, 1530, 2509, 2144, 313, 12.60%, 0, 0, 3, 25.09, 611482
AFLfast,xmllint,12,1623640797, 1, 1530, 2511, 2146, 313, 12.60%, 0, 0, 3, 24.34, 611603
AFLfast,xmllint,12,1623640802, 1, 1530, 2512, 2147, 313, 12.60%, 0, 0, 3, 23.67, 611723
AFLfast,xmllint,12,1623640807, 1, 1530, 2514, 2149, 313, 12.60%, 0, 0, 3, 23.87, 611842
AFLfast,xmllint,12,1623640817, 1, 1530, 2517, 2152, 313, 12.60%, 0, 0, 3, 22.35, 612076
AFLfast,xmllint,12,1623640827, 1, 1530, 2519, 2154, 313, 12.60%, 0, 0, 3, 23.76, 612322
AFLfast,xmllint,12,1623640858, 1, 1530, 2521, 2156, 313, 12.60%, 0, 0, 3, 24.32, 612992
AFLfast,xmllint,12,1623640873, 1, 1530, 2523, 2158, 313, 12.60%, 0, 0, 3, 23.97, 613365
AFLfast,xmllint,12,1623640884, 1, 1530, 2524, 2159, 313, 12.60%, 0, 0, 3, 22.51, 613538
AFLfast,xmllint,12,1623640904, 1, 1530, 2525, 2160, 313, 12.60%, 0, 0, 3, 22.32, 614016
AFLfast,xmllint,12,1623640932, 1, 1530, 2526, 2161, 313, 12.60%, 0, 0, 3, 23.62, 614556
AFLfast,xmllint,12,1623640947, 1, 1530, 2527, 2162, 313, 12.61%, 0, 0, 3, 21.70, 614891
AFLfast,xmllint,12,1623640952, 1, 1530, 2528, 2163, 313, 12.61%, 0, 0, 3, 21.05, 614998
AFLfast,xmllint,12,1623640962, 1, 1530, 2529, 2164, 313, 12.61%, 0, 0, 3, 21.82, 615218
AFLfast,xmllint,12,1623640983, 1, 1530, 2530, 2165, 313, 12.61%, 0, 0, 3, 22.28, 615607
AFLfast,xmllint,12,1623640994, 1, 1530, 2533, 2168, 313, 12.61%, 0, 0, 3, 22.43, 615834
AFLfast,xmllint,12,1623641000, 1, 1531, 2533, 2167, 321, 12.61%, 0, 0, 3, 1.68, 615929
AFLfast,xmllint,12,1623641020, 1, 1534, 2533, 2166, 320, 12.61%, 0, 0, 3, 1.57, 616396
AFLfast,xmllint,12,1623641046, 1, 1535, 2533, 2165, 319, 12.61%, 0, 0, 3, 2.88, 616987
AFLfast,xmllint,12,1623641062, 1, 1535, 2534, 2166, 319, 12.63%, 0, 0, 3, 24.59, 617386
AFLfast,xmllint,12,1623641072, 1, 1535, 2535, 2167, 319, 12.63%, 0, 0, 3, 24.14, 617635
AFLfast,xmllint,12,1623641077, 1, 1535, 2536, 2168, 319, 12.63%, 0, 0, 3, 24.03, 617759
AFLfast,xmllint,12,1623641108, 1, 1535, 2538, 2170, 319, 12.63%, 0, 0, 3, 22.44, 618440
AFLfast,xmllint,12,1623641159, 1, 1535, 2539, 2171, 319, 12.64%, 0, 0, 3, 24.03, 619594
AFLfast,xmllint,12,1623641164, 1, 1535, 2540, 2172, 319, 12.64%, 0, 0, 3, 24.74, 619723
AFLfast,xmllint,12,1623641175, 1, 1535, 2541, 2173, 319, 12.64%, 0, 0, 3, 24.30, 619978
AFLfast,xmllint,12,1623641207, 1, 1535, 2542, 2174, 319, 12.64%, 0, 0, 3, 22.37, 620679
AFLfast,xmllint,12,1623641218, 1, 1535, 2543, 2175, 319, 12.64%, 0, 0, 3, 22.57, 620910
AFLfast,xmllint,12,1623641348, 1, 1542, 2543, 2174, 323, 12.64%, 0, 0, 3, 16.63, 623722
AFLfast,xmllint,12,1623641353, 1, 1542, 2544, 2175, 323, 12.64%, 0, 0, 3, 22.14, 623856
AFLfast,xmllint,12,1623641369, 1, 1542, 2545, 2176, 323, 12.64%, 0, 0, 3, 23.54, 624224
AFLfast,xmllint,12,1623641405, 1, 1542, 2546, 2177, 323, 12.64%, 0, 0, 3, 22.38, 625029
AFLfast,xmllint,12,1623641430, 1, 1542, 2547, 2178, 323, 12.64%, 0, 0, 3, 22.55, 625609
AFLfast,xmllint,12,1623641483, 1, 1542, 2548, 2179, 323, 12.64%, 0, 0, 3, 22.72, 626804
AFLfast,xmllint,12,1623641643, 1, 1547, 2548, 2178, 322, 12.64%, 0, 0, 3, 33.55, 630389
AFLfast,xmllint,12,1623641653, 1, 1547, 2549, 2179, 322, 12.64%, 0, 0, 3, 26.37, 630644
AFLfast,xmllint,12,1623641679, 1, 1549, 2549, 2178, 321, 12.64%, 0, 0, 3, 22.81, 631209
AFLfast,xmllint,12,1623641721, 1, 1550, 2549, 2177, 320, 12.64%, 0, 0, 3, 1.01, 632203
AFLfast,xmllint,12,1623641752, 1, 1551, 2549, 2176, 319, 12.64%, 0, 0, 3, 29.22, 632935
AFLfast,xmllint,12,1623641782, 1, 1553, 2549, 2175, 318, 12.64%, 0, 0, 3, 30.35, 633641
AFLfast,xmllint,12,1623641798, 1, 1553, 2550, 2176, 318, 12.64%, 0, 0, 3, 24.69, 634027
AFLfast,xmllint,12,1623641808, 1, 1553, 2551, 2177, 318, 12.64%, 0, 0, 3, 24.32, 634282
AFLfast,xmllint,12,1623641860, 1, 1553, 2552, 2178, 318, 12.65%, 0, 0, 3, 24.32, 635472
AFLfast,xmllint,12,1623641906, 1, 1553, 2553, 2179, 318, 12.65%, 0, 0, 3, 23.10, 636497
AFLfast,xmllint,12,1623641962, 1, 1553, 2554, 2180, 318, 12.65%, 0, 0, 3, 36.70, 637844
AFLfast,xmllint,12,1623641982, 1, 1555, 2554, 2179, 320, 12.65%, 0, 0, 3, 57.49, 638761
AFLfast,xmllint,12,1623641993, 1, 1558, 2554, 2178, 319, 12.65%, 0, 0, 3, 32.29, 639234
AFLfast,xmllint,12,1623642008, 1, 1559, 2554, 2177, 318, 12.65%, 0, 0, 3, 44.92, 639921
AFLfast,xmllint,12,1623642029, 1, 1564, 2554, 2176, 317, 12.65%, 0, 0, 3, 38.89, 640613
AFLfast,xmllint,12,1623642039, 1, 1564, 2555, 2177, 317, 12.65%, 0, 0, 3, 45.58, 641080
AFLfast,xmllint,12,1623642049, 1, 1564, 2556, 2178, 317, 12.65%, 0, 0, 3, 46.23, 641546
AFLfast,xmllint,12,1623642059, 1, 1564, 2558, 2180, 317, 12.65%, 0, 0, 3, 43.94, 641976
AFLfast,xmllint,12,1623642076, 1, 1564, 2559, 2181, 317, 12.65%, 0, 0, 3, 1.49, 642649
AFLfast,xmllint,12,1623642081, 1, 1564, 2560, 2182, 317, 12.65%, 0, 0, 3, 44.73, 642879
AFLfast,xmllint,12,1623642117, 1, 1564, 2561, 2183, 317, 12.65%, 0, 0, 3, 24.70, 643846
AFLfast,xmllint,12,1623642138, 1, 1564, 2562, 2184, 317, 12.66%, 0, 0, 3, 22.23, 644300
AFLfast,xmllint,12,1623642184, 1, 1569, 2562, 2183, 317, 12.66%, 0, 0, 3, 41.97, 645684
AFLfast,xmllint,12,1623642200, 1, 1569, 2563, 2184, 317, 12.66%, 0, 0, 3, 46.79, 646400
AFLfast,xmllint,12,1623642205, 1, 1569, 2564, 2185, 317, 12.66%, 0, 0, 3, 47.31, 646643
AFLfast,xmllint,12,1623642215, 1, 1569, 2566, 2187, 317, 12.66%, 0, 0, 3, 44.04, 647060
AFLfast,xmllint,12,1623642220, 1, 1569, 2569, 2190, 317, 12.67%, 0, 0, 3, 45.26, 647288
AFLfast,xmllint,12,1623642225, 1, 1569, 2572, 2193, 317, 12.67%, 0, 0, 3, 44.48, 647506
AFLfast,xmllint,12,1623642230, 1, 1569, 2575, 2196, 317, 12.67%, 0, 0, 3, 28.80, 647624
AFLfast,xmllint,12,1623642236, 1, 1569, 2576, 2197, 317, 12.67%, 0, 0, 3, 24.09, 647744
AFLfast,xmllint,12,1623642241, 1, 1569, 2577, 2198, 317, 12.67%, 0, 0, 3, 21.72, 647851
AFLfast,xmllint,12,1623642256, 1, 1569, 2579, 2200, 317, 12.68%, 0, 0, 3, 21.08, 648113
AFLfast,xmllint,12,1623642266, 1, 1569, 2580, 2201, 317, 12.68%, 0, 0, 3, 21.33, 648327
AFLfast,xmllint,12,1623642272, 1, 1569, 2581, 2202, 317, 12.68%, 0, 0, 3, 21.84, 648443
AFLfast,xmllint,12,1623642282, 1, 1569, 2583, 2204, 317, 12.68%, 0, 0, 3, 22.36, 648666
AFLfast,xmllint,12,1623642292, 1, 1569, 2585, 2206, 317, 12.68%, 0, 0, 3, 22.46, 648898
AFLfast,xmllint,12,1623642314, 1, 1569, 2586, 2207, 317, 12.68%, 0, 0, 3, 23.15, 649325
AFLfast,xmllint,12,1623642319, 1, 1569, 2587, 2208, 317, 12.68%, 0, 0, 3, 23.93, 649445
AFLfast,xmllint,12,1623642324, 1, 1569, 2588, 2209, 317, 12.68%, 0, 0, 3, 22.92, 649562
AFLfast,xmllint,12,1623642340, 1, 1569, 2589, 2210, 317, 12.68%, 0, 0, 3, 23.11, 649919
AFLfast,xmllint,12,1623642379, 1, 1569, 2590, 2211, 317, 12.76%, 0, 0, 3, 21.65, 650729
AFLfast,xmllint,12,1623642389, 1, 1586, 2590, 2210, 315, 12.76%, 0, 0, 3, 26.97, 650894
AFLfast,xmllint,12,1623642409, 1, 1586, 2591, 2211, 315, 12.77%, 0, 0, 3, 23.47, 651406
AFLfast,xmllint,12,1623642470, 1, 1603, 2591, 2210, 315, 12.77%, 0, 0, 3, 0.65, 652225
AFLfast,xmllint,12,1623642496, 1, 1603, 2592, 2211, 315, 12.77%, 0, 0, 3, 23.46, 652898
AFLfast,xmllint,12,1623642527, 1, 1603, 2595, 2214, 315, 12.77%, 0, 0, 3, 41.94, 653688
AFLfast,xmllint,12,1623642532, 1, 1603, 2598, 2217, 315, 12.78%, 0, 0, 3, 43.40, 653920
AFLfast,xmllint,12,1623642537, 1, 1603, 2600, 2219, 315, 12.78%, 0, 0, 3, 44.15, 654153
AFLfast,xmllint,12,1623642543, 1, 1603, 2602, 2221, 315, 12.78%, 0, 0, 3, 44.36, 654382
AFLfast,xmllint,12,1623642549, 1, 1603, 2603, 2222, 315, 12.78%, 0, 0, 3, 2.91, 654575
AFLfast,xmllint,12,1623642554, 1, 1603, 2605, 2224, 315, 12.78%, 0, 0, 3, 41.58, 654803
AFLfast,xmllint,12,1623642559, 1, 1603, 2606, 2225, 315, 12.78%, 0, 0, 3, 43.43, 655032
AFLfast,xmllint,12,1623642564, 1, 1603, 2607, 2226, 315, 12.78%, 0, 0, 3, 43.95, 655258
AFLfast,xmllint,12,1623642574, 1, 1603, 2608, 2227, 315, 12.78%, 0, 0, 3, 5.69, 655639
AFLfast,xmllint,12,1623642579, 1, 1603, 2609, 2228, 315, 12.78%, 0, 0, 3, 42.97, 655865
AFLfast,xmllint,12,1623642585, 1, 1603, 2610, 2229, 315, 12.78%, 0, 0, 3, 29.14, 656004
AFLfast,xmllint,12,1623642595, 1, 1603, 2611, 2230, 315, 12.78%, 0, 0, 3, 21.29, 656215
AFLfast,xmllint,12,1623642610, 1, 1603, 2613, 2232, 315, 12.78%, 0, 0, 3, 21.58, 656551
AFLfast,xmllint,12,1623642631, 1, 1603, 2614, 2233, 315, 12.78%, 0, 0, 3, 21.68, 656935
AFLfast,xmllint,12,1623642636, 1, 1603, 2615, 2234, 315, 12.78%, 0, 0, 3, 22.50, 657056
AFLfast,xmllint,12,1623642662, 1, 1604, 2615, 2233, 313, 12.78%, 0, 0, 3, 33.04, 657575
AFLfast,xmllint,12,1623642682, 1, 1607, 2615, 2232, 312, 12.78%, 0, 0, 3, 51.98, 658063
AFLfast,xmllint,12,1623642698, 1, 1607, 2617, 2234, 312, 12.78%, 0, 0, 3, 23.23, 658439
AFLfast,xmllint,12,1623642803, 1, 1621, 2617, 2233, 313, 12.78%, 0, 0, 3, 26.72, 660655
AFLfast,xmllint,12,1623642824, 1, 1623, 2617, 2232, 313, 12.78%, 0, 0, 3, 2.49, 661153
AFLfast,xmllint,12,1623642839, 1, 1626, 2617, 2231, 312, 12.78%, 0, 0, 3, 47.15, 661860
AFLfast,xmllint,12,1623642855, 1, 1628, 2617, 2230, 311, 12.78%, 0, 0, 3, 7.06, 662574
AFLfast,xmllint,12,1623642871, 1, 1629, 2617, 2229, 310, 12.78%, 0, 0, 3, 53.09, 663309
AFLfast,xmllint,12,1623642886, 1, 1640, 2617, 2228, 309, 12.78%, 0, 0, 3, 43.06, 663933
AFLfast,xmllint,12,1623642896, 1, 1640, 2618, 2229, 309, 12.78%, 0, 0, 3, 45.10, 664405
AFLfast,xmllint,12,1623642921, 1, 1640, 2619, 2230, 309, 12.78%, 0, 0, 3, 44.05, 665513
AFLfast,xmllint,12,1623642973, 1, 1646, 2619, 2229, 309, 12.78%, 0, 0, 3, 43.80, 667353
AFLfast,xmllint,12,1623642983, 1, 1646, 2620, 2230, 309, 12.78%, 0, 0, 3, 46.46, 667837
AFLfast,xmllint,12,1623642994, 1, 1646, 2621, 2231, 309, 12.78%, 0, 0, 3, 46.13, 668319
AFLfast,xmllint,12,1623643004, 1, 1646, 2622, 2232, 309, 12.78%, 0, 0, 3, 45.71, 668753
AFLfast,xmllint,12,1623643009, 1, 1646, 2625, 2235, 309, 12.78%, 0, 0, 3, 44.92, 668977
AFLfast,xmllint,12,1623643014, 1, 1646, 2630, 2240, 309, 12.79%, 0, 0, 3, 45.45, 669207
AFLfast,xmllint,12,1623643019, 1, 1646, 2632, 2242, 309, 12.79%, 0, 0, 3, 45.37, 669439
AFLfast,xmllint,12,1623643026, 1, 1646, 2634, 2244, 309, 12.80%, 0, 0, 3, 0.95, 669606
AFLfast,xmllint,12,1623643031, 1, 1646, 2636, 2246, 309, 12.80%, 0, 0, 3, 19.19, 669723
AFLfast,xmllint,12,1623643097, 1, 1646, 2637, 2247, 309, 12.80%, 0, 0, 3, 21.94, 671089
AFLfast,xmllint,12,1623643133, 1, 1646, 2639, 2249, 309, 12.80%, 0, 0, 3, 21.65, 671812
AFLfast,xmllint,12,1623643148, 1, 1646, 2640, 2250, 309, 12.80%, 0, 0, 3, 21.57, 672133
AFLfast,xmllint,12,1623643158, 1, 1646, 2641, 2251, 309, 12.81%, 0, 0, 3, 20.14, 672341
AFLfast,xmllint,12,1623643163, 1, 1646, 2642, 2252, 309, 12.81%, 0, 0, 3, 20.99, 672453
AFLfast,xmllint,12,1623643170, 1, 1651, 2643, 2252, 312, 12.81%, 0, 0, 3, 1.40, 672541
AFLfast,xmllint,12,1623643181, 1, 1651, 2645, 2254, 312, 12.81%, 0, 0, 3, 23.76, 672807
AFLfast,xmllint,12,1623643191, 1, 1651, 2646, 2255, 312, 12.82%, 0, 0, 3, 23.34, 673039
AFLfast,xmllint,12,1623643196, 1, 1651, 2647, 2256, 312, 12.82%, 0, 0, 3, 22.55, 673157
AFLfast,xmllint,12,1623643201, 1, 1651, 2649, 2258, 312, 12.82%, 0, 0, 3, 21.94, 673269
AFLfast,xmllint,12,1623643232, 1, 1651, 2650, 2259, 312, 12.82%, 0, 0, 3, 19.37, 673875
AFLfast,xmllint,12,1623643267, 1, 1651, 2652, 2261, 312, 12.82%, 0, 0, 3, 20.53, 674617
AFLfast,xmllint,12,1623643272, 1, 1651, 2653, 2262, 312, 12.82%, 0, 0, 3, 22.80, 674738
AFLfast,xmllint,12,1623643289, 1, 1651, 2654, 2263, 312, 12.82%, 0, 0, 3, 20.16, 675035
AFLfast,xmllint,12,1623643315, 1, 1651, 2655, 2264, 312, 12.82%, 0, 0, 3, 21.47, 675563
AFLfast,xmllint,12,1623643320, 1, 1651, 2656, 2265, 312, 12.82%, 0, 0, 3, 21.03, 675668
AFLfast,xmllint,12,1623643342, 1, 1651, 2657, 2266, 312, 12.82%, 0, 0, 3, 23.22, 676102
AFLfast,xmllint,12,1623643367, 1, 1651, 2659, 2268, 312, 12.82%, 0, 0, 3, 20.78, 676668
AFLfast,xmllint,12,1623643403, 1, 1651, 2660, 2269, 312, 12.82%, 0, 0, 3, 21.41, 677371
AFLfast,xmllint,12,1623643418, 1, 1651, 2661, 2270, 312, 12.82%, 0, 0, 3, 20.71, 677686
AFLfast,xmllint,12,1623643424, 1, 1654, 2661, 2269, 316, 12.82%, 0, 0, 3, 0.34, 677743
AFLfast,xmllint,12,1623643444, 1, 1658, 2661, 2268, 315, 12.82%, 0, 0, 3, 46.51, 678513
AFLfast,xmllint,12,1623643459, 1, 1660, 2661, 2267, 314, 12.82%, 0, 0, 3, 60.16, 679201
AFLfast,xmllint,12,1623643470, 1, 1661, 2661, 2266, 313, 12.82%, 0, 0, 3, 3.95, 679597
AFLfast,xmllint,12,1623643485, 1, 1668, 2661, 2265, 313, 12.82%, 0, 0, 3, 50.25, 680340
AFLfast,xmllint,12,1623643490, 1, 1668, 2662, 2266, 313, 12.82%, 0, 0, 3, 35.16, 680506
AFLfast,xmllint,12,1623643495, 1, 1668, 2663, 2267, 313, 12.82%, 0, 0, 3, 27.75, 680633
AFLfast,xmllint,12,1623643547, 1, 1668, 2664, 2268, 313, 12.82%, 0, 0, 3, 40.82, 682490
AFLfast,xmllint,12,1623643557, 1, 1668, 2665, 2269, 313, 12.82%, 0, 0, 3, 41.35, 682913
AFLfast,xmllint,12,1623643562, 1, 1668, 2666, 2270, 313, 12.82%, 0, 0, 3, 41.74, 683132
AFLfast,xmllint,12,1623643620, 1, 1668, 2667, 2271, 313, 12.82%, 0, 0, 3, 41.70, 684903
AFLfast,xmllint,12,1623643631, 1, 1670, 2667, 2270, 314, 12.82%, 0, 0, 3, 6.96, 685285
AFLfast,xmllint,12,1623643646, 1, 1674, 2667, 2269, 313, 12.82%, 0, 0, 3, 48.97, 685974
AFLfast,xmllint,12,1623643657, 1, 1674, 2668, 2270, 313, 12.82%, 0, 0, 3, 44.62, 686437
AFLfast,xmllint,12,1623643682, 1, 1674, 2669, 2271, 313, 12.82%, 0, 0, 3, 35.64, 687071
AFLfast,xmllint,12,1623643687, 1, 1674, 2670, 2272, 313, 12.82%, 0, 0, 3, 41.15, 687289
AFLfast,xmllint,12,1623643692, 1, 1674, 2671, 2273, 313, 12.82%, 0, 0, 3, 42.03, 687519
AFLfast,xmllint,12,1623643703, 1, 1674, 2672, 2274, 313, 12.82%, 0, 0, 3, 43.36, 687953
AFLfast,xmllint,12,1623643785, 1, 1674, 2673, 2275, 313, 12.82%, 0, 0, 3, 42.13, 690442
AFLfast,xmllint,12,1623643790, 1, 1674, 2674, 2276, 313, 12.82%, 0, 0, 3, 44.60, 690610
AFLfast,xmllint,12,1623643800, 1, 1681, 2674, 2275, 313, 12.82%, 0, 0, 3, 8.84, 690977
AFLfast,xmllint,12,1623643815, 1, 1684, 2674, 2274, 312, 12.82%, 0, 0, 3, 56.14, 691732
AFLfast,xmllint,12,1623643820, 1, 1684, 2675, 2275, 312, 12.82%, 0, 0, 3, 49.48, 691973
AFLfast,xmllint,12,1623643826, 1, 1684, 2677, 2277, 312, 12.82%, 0, 0, 3, 45.87, 692202
AFLfast,xmllint,12,1623643836, 1, 1684, 2678, 2278, 312, 12.82%, 0, 0, 3, 42.83, 692648
AFLfast,xmllint,12,1623643842, 1, 1684, 2679, 2279, 312, 12.82%, 0, 0, 3, 2.27, 692766
AFLfast,xmllint,12,1623643873, 1, 1684, 2680, 2280, 312, 12.82%, 0, 0, 3, 21.93, 693439
AFLfast,xmllint,12,1623643899, 1, 1684, 2681, 2281, 312, 12.82%, 0, 0, 3, 21.73, 693940
AFLfast,xmllint,12,1623643905, 1, 1684, 2682, 2282, 312, 12.82%, 0, 0, 3, 22.01, 694054
AFLfast,xmllint,12,1623643951, 1, 1684, 2683, 2283, 312, 12.82%, 0, 0, 3, 41.96, 695418
AFLfast,xmllint,12,1623643976, 1, 1684, 2685, 2285, 312, 12.82%, 0, 0, 3, 41.13, 696449
AFLfast,xmllint,12,1623643987, 1, 1689, 2685, 2284, 312, 12.82%, 0, 0, 3, 56.42, 696846
AFLfast,xmllint,12,1623644007, 1, 1691, 2685, 2283, 311, 12.82%, 0, 0, 3, 36.87, 697422
AFLfast,xmllint,12,1623644025, 1, 1698, 2685, 2282, 310, 12.82%, 0, 0, 3, 0.28, 697803
AFLfast,xmllint,12,1623644035, 1, 1698, 2686, 2283, 310, 12.82%, 0, 0, 3, 44.52, 698299
AFLfast,xmllint,12,1623644046, 1, 1698, 2687, 2284, 310, 12.82%, 0, 0, 3, 43.41, 698741
AFLfast,xmllint,12,1623644051, 1, 1698, 2688, 2285, 310, 12.82%, 0, 0, 3, 42.46, 698958
AFLfast,xmllint,12,1623644128, 1, 1700, 2688, 2284, 310, 12.82%, 0, 0, 3, 43.14, 701419
AFLfast,xmllint,12,1623644144, 1, 1704, 2688, 2283, 309, 12.82%, 0, 0, 3, 50.11, 702034
AFLfast,xmllint,12,1623644149, 1, 1704, 2690, 2285, 309, 12.82%, 0, 0, 3, 45.50, 702265
AFLfast,xmllint,12,1623644154, 1, 1704, 2692, 2287, 309, 12.82%, 0, 0, 3, 44.04, 702490
AFLfast,xmllint,12,1623644171, 1, 1704, 2693, 2288, 309, 12.82%, 0, 0, 3, 4.54, 703121
AFLfast,xmllint,12,1623644217, 1, 1704, 2695, 2290, 309, 12.82%, 0, 0, 3, 20.73, 704087
AFLfast,xmllint,12,1623644224, 1, 1704, 2696, 2291, 309, 12.82%, 0, 0, 3, 0.41, 704169
AFLfast,xmllint,12,1623644250, 1, 1704, 2697, 2292, 309, 12.82%, 0, 0, 3, 34.04, 704788
AFLfast,xmllint,12,1623644255, 1, 1704, 2698, 2293, 309, 12.82%, 0, 0, 3, 40.26, 705006
AFLfast,xmllint,12,1623644271, 1, 1704, 2699, 2294, 309, 12.82%, 0, 0, 3, 43.81, 705653
AFLfast,xmllint,12,1623644276, 1, 1704, 2700, 2295, 309, 12.82%, 0, 0, 3, 43.84, 705879
AFLfast,xmllint,12,1623644307, 1, 1708, 2700, 2294, 310, 12.82%, 0, 0, 3, 30.73, 707089
AFLfast,xmllint,12,1623644333, 1, 1708, 2701, 2295, 310, 12.82%, 0, 0, 3, 20.70, 707687
AFLfast,xmllint,12,1623644369, 1, 1713, 2701, 2294, 309, 12.82%, 0, 0, 3, 42.40, 708571
AFLfast,xmllint,12,1623644384, 1, 1713, 2702, 2295, 309, 12.82%, 0, 0, 3, 43.16, 709248
AFLfast,xmllint,12,1623644404, 1, 1713, 2703, 2296, 309, 12.82%, 0, 0, 3, 38.39, 710069
AFLfast,xmllint,12,1623644409, 1, 1713, 2704, 2297, 309, 12.82%, 0, 0, 3, 41.44, 710282
AFLfast,xmllint,12,1623644414, 1, 1713, 2705, 2298, 309, 12.82%, 0, 0, 3, 37.93, 710482
AFLfast,xmllint,12,1623644420, 1, 1713, 2706, 2299, 309, 12.82%, 0, 0, 3, 25.01, 710585
AFLfast,xmllint,12,1623644465, 1, 1713, 2706, 2299, 309, 12.82%, 0, 1, 3, 0.40, 711359
AFLfast,xmllint,12,1623644470, 1, 1713, 2708, 2301, 309, 12.82%, 0, 1, 3, 41.24, 711576
AFLfast,xmllint,12,1623644481, 1, 1713, 2709, 2302, 309, 12.82%, 0, 1, 3, 37.54, 711941
AFLfast,xmllint,12,1623644491, 1, 1713, 2710, 2303, 309, 12.82%, 0, 1, 3, 39.45, 712344
AFLfast,xmllint,12,1623644501, 1, 1713, 2711, 2304, 309, 12.82%, 0, 1, 3, 40.50, 712753
AFLfast,xmllint,12,1623644534, 1, 1730, 2711, 2303, 309, 12.82%, 0, 1, 3, 0.73, 713685
AFLfast,xmllint,12,1623644554, 1, 1736, 2711, 2302, 308, 12.82%, 0, 1, 3, 29.50, 714119
AFLfast,xmllint,12,1623644580, 1, 1739, 2711, 2301, 307, 12.82%, 0, 1, 3, 40.96, 714895
AFLfast,xmllint,12,1623644590, 1, 1741, 2711, 2300, 306, 12.82%, 0, 1, 3, 37.98, 715312
AFLfast,xmllint,12,1623644595, 1, 1741, 2714, 2303, 306, 12.82%, 0, 1, 4, 44.08, 715548
AFLfast,xmllint,12,1623644626, 1, 1741, 2715, 2304, 306, 12.82%, 0, 1, 4, 44.10, 716883
AFLfast,xmllint,12,1623644760, 1, 1742, 2715, 2303, 305, 12.82%, 0, 1, 4, 45.87, 721949
AFLfast,xmllint,12,1623644771, 1, 1744, 2715, 2302, 304, 12.82%, 0, 1, 4, 44.65, 722410
AFLfast,xmllint,12,1623644781, 1, 1745, 2715, 2301, 303, 12.82%, 0, 1, 4, 55.03, 722882
AFLfast,xmllint,12,1623644811, 1, 1746, 2715, 2300, 302, 12.82%, 0, 1, 4, 0.18, 723543
AFLfast,xmllint,12,1623644832, 1, 1747, 2715, 2299, 301, 12.82%, 0, 1, 4, 50.93, 724383
AFLfast,xmllint,12,1623644847, 1, 1753, 2715, 2298, 300, 12.82%, 0, 1, 4, 58.25, 725025
AFLfast,xmllint,12,1623644867, 1, 1754, 2715, 2297, 299, 12.82%, 0, 1, 4, 1.48, 725538
AFLfast,xmllint,12,1623644872, 1, 1754, 2716, 2298, 299, 12.83%, 0, 1, 4, 47.28, 725801
AFLfast,xmllint,12,1623644895, 1, 1758, 2716, 2297, 299, 12.83%, 0, 1, 4, 0.49, 726501
AFLfast,xmllint,12,1623644900, 1, 1758, 2717, 2298, 299, 12.83%, 0, 1, 4, 42.34, 726723
AFLfast,xmllint,12,1623644905, 1, 1758, 2719, 2300, 299, 12.83%, 0, 1, 4, 42.67, 726942
AFLfast,xmllint,12,1623644971, 1, 1758, 2721, 2302, 299, 12.83%, 0, 1, 4, 44.30, 728988
AFLfast,xmllint,12,1623645038, 1, 1758, 2722, 2303, 299, 12.83%, 0, 1, 4, 41.06, 731349
AFLfast,xmllint,12,1623645063, 1, 1758, 2723, 2304, 299, 12.83%, 0, 1, 4, 40.22, 732375
AFLfast,xmllint,12,1623645084, 1, 1759, 2724, 2304, 301, 12.84%, 0, 1, 4, 40.88, 733176
AFLfast,xmllint,12,1623645089, 1, 1759, 2727, 2307, 301, 12.84%, 0, 1, 4, 27.21, 733295
AFLfast,xmllint,12,1623645136, 1, 1759, 2729, 2309, 301, 12.84%, 0, 1, 4, 24.44, 734376
AFLfast,xmllint,12,1623645141, 1, 1759, 2731, 2311, 301, 12.84%, 0, 1, 4, 23.45, 734495
AFLfast,xmllint,12,1623645176, 1, 1759, 2732, 2312, 301, 12.84%, 0, 1, 4, 21.40, 735248
AFLfast,xmllint,12,1623645187, 1, 1759, 2734, 2314, 301, 12.84%, 0, 1, 4, 23.04, 735482
AFLfast,xmllint,12,1623645192, 1, 1759, 2736, 2316, 301, 12.84%, 0, 1, 4, 21.91, 735597
AFLfast,xmllint,12,1623645212, 1, 1759, 2737, 2317, 301, 12.85%, 0, 1, 4, 23.25, 736069
AFLfast,xmllint,12,1623645244, 1, 1765, 2738, 2317, 303, 12.85%, 0, 1, 4, 51.72, 736920
AFLfast,xmllint,12,1623645249, 1, 1765, 2741, 2320, 303, 12.85%, 0, 1, 4, 48.40, 737162
AFLfast,xmllint,12,1623645254, 1, 1765, 2743, 2322, 303, 12.85%, 0, 1, 4, 47.17, 737411
AFLfast,xmllint,12,1623645265, 1, 1765, 2745, 2324, 303, 12.85%, 0, 1, 4, 48.57, 737916
AFLfast,xmllint,12,1623645270, 1, 1765, 2746, 2325, 303, 12.85%, 0, 1, 4, 45.15, 738130
AFLfast,xmllint,12,1623645275, 1, 1765, 2747, 2326, 303, 12.85%, 0, 1, 4, 45.24, 738359
AFLfast,xmllint,12,1623645280, 1, 1765, 2748, 2327, 303, 12.85%, 0, 1, 4, 42.59, 738553
AFLfast,xmllint,12,1623645296, 1, 1765, 2750, 2329, 303, 12.85%, 0, 1, 4, 39.77, 739233
AFLfast,xmllint,12,1623645306, 1, 1765, 2751, 2330, 303, 12.86%, 0, 1, 4, 22.24, 739450
AFLfast,xmllint,12,1623645311, 1, 1765, 2752, 2331, 303, 12.86%, 0, 1, 4, 21.00, 739554
AFLfast,xmllint,12,1623645316, 1, 1765, 2753, 2332, 303, 12.86%, 0, 1, 4, 20.17, 739653
AFLfast,xmllint,12,1623645322, 1, 1765, 2754, 2333, 303, 12.86%, 0, 1, 4, 20.77, 739759
AFLfast,xmllint,12,1623645342, 1, 1765, 2758, 2337, 303, 12.86%, 0, 1, 4, 20.42, 740162
AFLfast,xmllint,12,1623645347, 1, 1765, 2766, 2345, 303, 12.86%, 0, 1, 4, 21.68, 740278
AFLfast,xmllint,12,1623645352, 1, 1765, 2769, 2348, 303, 12.86%, 0, 1, 4, 21.73, 740389
AFLfast,xmllint,12,1623645358, 1, 1765, 2773, 2352, 303, 12.86%, 0, 1, 4, 21.71, 740502
AFLfast,xmllint,12,1623645363, 1, 1765, 2778, 2357, 303, 12.86%, 0, 1, 4, 21.86, 740618
AFLfast,xmllint,12,1623645368, 1, 1765, 2780, 2359, 303, 12.86%, 0, 1, 4, 23.24, 740740
AFLfast,xmllint,12,1623645373, 1, 1765, 2782, 2361, 303, 12.86%, 0, 1, 4, 22.14, 740858
AFLfast,xmllint,12,1623645378, 1, 1765, 2784, 2363, 303, 12.86%, 0, 1, 4, 21.21, 740964
AFLfast,xmllint,12,1623645383, 1, 1765, 2786, 2365, 303, 12.86%, 0, 1, 4, 17.20, 741053
AFLfast,xmllint,12,1623645389, 1, 1765, 2787, 2366, 303, 12.86%, 0, 1, 4, 18.86, 741152
AFLfast,xmllint,12,1623645394, 1, 1765, 2788, 2367, 303, 12.86%, 0, 1, 4, 20.17, 741256
AFLfast,xmllint,12,1623645399, 1, 1765, 2791, 2370, 303, 12.86%, 0, 1, 4, 21.24, 741362
AFLfast,xmllint,12,1623645404, 1, 1765, 2792, 2371, 303, 12.86%, 0, 1, 4, 16.03, 741437
AFLfast,xmllint,12,1623645414, 1, 1765, 2793, 2372, 303, 12.86%, 0, 1, 4, 19.56, 741640
AFLfast,xmllint,12,1623645419, 1, 1765, 2794, 2373, 303, 12.86%, 0, 1, 4, 18.83, 741737
AFLfast,xmllint,12,1623645424, 1, 1765, 2795, 2374, 303, 12.86%, 0, 1, 4, 19.60, 741840
AFLfast,xmllint,12,1623645429, 1, 1765, 2796, 2375, 303, 12.86%, 0, 1, 4, 19.29, 741936
AFLfast,xmllint,12,1623645434, 1, 1765, 2799, 2378, 303, 12.86%, 0, 1, 4, 19.76, 742038
AFLfast,xmllint,12,1623645445, 1, 1765, 2800, 2379, 303, 12.86%, 0, 1, 4, 19.67, 742243
AFLfast,xmllint,12,1623645460, 1, 1765, 2801, 2380, 303, 12.86%, 0, 1, 4, 19.78, 742544
AFLfast,xmllint,12,1623645466, 1, 1765, 2802, 2381, 303, 12.86%, 0, 1, 4, 20.60, 742655
AFLfast,xmllint,12,1623645471, 1, 1765, 2804, 2383, 303, 12.86%, 0, 1, 4, 20.26, 742757
AFLfast,xmllint,12,1623645481, 1, 1765, 2805, 2384, 303, 12.86%, 0, 1, 4, 19.73, 742963
AFLfast,xmllint,12,1623645486, 1, 1765, 2806, 2385, 303, 12.87%, 0, 1, 4, 20.96, 743072
AFLfast,xmllint,12,1623645491, 1, 1765, 2807, 2386, 303, 12.87%, 0, 1, 4, 20.99, 743184
AFLfast,xmllint,12,1623645496, 1, 1765, 2808, 2387, 303, 12.87%, 0, 1, 4, 19.48, 743280
AFLfast,xmllint,12,1623645501, 1, 1765, 2809, 2388, 303, 12.87%, 0, 1, 4, 20.24, 743387
AFLfast,xmllint,12,1623645507, 1, 1765, 2810, 2389, 303, 12.87%, 0, 1, 4, 20.95, 743501
AFLfast,xmllint,12,1623645512, 1, 1765, 2811, 2390, 303, 12.87%, 0, 1, 4, 20.54, 743608
AFLfast,xmllint,12,1623645517, 1, 1765, 2812, 2391, 303, 12.87%, 0, 1, 4, 19.48, 743703
AFLfast,xmllint,12,1623645522, 1, 1765, 2813, 2392, 303, 12.87%, 0, 1, 4, 18.91, 743793
AFLfast,xmllint,12,1623645537, 1, 1767, 2813, 2391, 309, 12.87%, 0, 1, 4, 21.62, 744082
AFLfast,xmllint,12,1623645553, 1, 1773, 2813, 2390, 308, 12.87%, 0, 1, 4, 26.90, 744404
AFLfast,xmllint,12,1623645574, 1, 1778, 2813, 2389, 307, 12.87%, 0, 1, 4, 1.18, 744797
AFLfast,xmllint,12,1623645594, 1, 1786, 2813, 2388, 306, 12.87%, 0, 1, 4, 28.96, 745230
AFLfast,xmllint,12,1623645604, 1, 1786, 2814, 2389, 306, 12.87%, 0, 1, 4, 22.11, 745467
AFLfast,xmllint,12,1623645609, 1, 1786, 2816, 2391, 306, 12.87%, 0, 1, 4, 20.05, 745567
AFLfast,xmllint,12,1623645676, 1, 1786, 2817, 2392, 306, 12.87%, 0, 1, 4, 20.14, 746824
AFLfast,xmllint,12,1623645727, 1, 1786, 2818, 2393, 306, 12.87%, 0, 1, 4, 19.47, 747825
AFLfast,xmllint,12,1623645753, 1, 1786, 2819, 2394, 306, 12.87%, 0, 1, 4, 20.33, 748334
AFLfast,xmllint,12,1623645835, 1, 1786, 2820, 2395, 306, 12.87%, 0, 1, 4, 20.07, 749917
AFLfast,xmllint,12,1623645840, 1, 1786, 2821, 2396, 306, 12.87%, 0, 1, 4, 19.73, 750019
AFLfast,xmllint,12,1623645928, 1, 1786, 2822, 2397, 306, 12.87%, 0, 1, 4, 21.07, 751699
AFLfast,xmllint,12,1623645940, 1, 1787, 2822, 2396, 305, 12.87%, 0, 1, 4, 0.46, 751892
AFLfast,xmllint,12,1623645962, 1, 1788, 2822, 2395, 304, 12.87%, 0, 1, 4, 1.03, 752324
AFLfast,xmllint,12,1623645988, 1, 1802, 2822, 2394, 303, 12.87%, 0, 1, 4, 26.13, 752843
AFLfast,xmllint,12,1623645993, 1, 1802, 2825, 2397, 303, 12.87%, 0, 1, 4, 23.02, 752957
AFLfast,xmllint,12,1623645998, 1, 1802, 2826, 2398, 303, 12.87%, 0, 1, 4, 21.28, 753064
AFLfast,xmllint,12,1623646003, 1, 1802, 2828, 2400, 303, 12.87%, 0, 1, 4, 19.17, 753159
AFLfast,xmllint,12,1623646008, 1, 1802, 2830, 2402, 303, 12.87%, 0, 1, 4, 20.50, 753262
AFLfast,xmllint,12,1623646018, 1, 1802, 2831, 2403, 303, 12.88%, 0, 1, 4, 20.46, 753467
AFLfast,xmllint,12,1623646059, 1, 1802, 2832, 2404, 303, 12.88%, 0, 1, 4, 19.40, 754260
AFLfast,xmllint,12,1623646070, 1, 1802, 2833, 2405, 303, 12.88%, 0, 1, 4, 19.42, 754459
AFLfast,xmllint,12,1623646080, 1, 1802, 2834, 2406, 303, 12.88%, 0, 1, 4, 19.33, 754660
AFLfast,xmllint,12,1623646085, 1, 1802, 2835, 2407, 303, 12.88%, 0, 1, 4, 19.93, 754764
AFLfast,xmllint,12,1623646111, 1, 1802, 2836, 2408, 303, 12.88%, 0, 1, 4, 20.51, 755239
AFLfast,xmllint,12,1623646121, 1, 1802, 2837, 2409, 303, 12.88%, 0, 1, 4, 21.23, 755460
AFLfast,xmllint,12,1623646168, 1, 1802, 2838, 2410, 303, 12.88%, 0, 1, 4, 19.57, 756349
AFLfast,xmllint,12,1623646178, 1, 1802, 2839, 2411, 303, 12.88%, 0, 1, 4, 20.67, 756556
AFLfast,xmllint,12,1623646226, 1, 1802, 2840, 2412, 303, 12.88%, 0, 1, 4, 20.14, 757495
AFLfast,xmllint,12,1623646256, 1, 1802, 2841, 2413, 303, 12.88%, 0, 1, 4, 40.95, 758348
AFLfast,xmllint,12,1623646288, 1, 1803, 2841, 2412, 303, 12.88%, 0, 1, 4, 36.69, 759540
AFLfast,xmllint,12,1623646298, 1, 1803, 2843, 2414, 303, 12.88%, 0, 1, 4, 37.91, 759934
AFLfast,xmllint,12,1623646313, 1, 1803, 2844, 2415, 303, 12.88%, 0, 1, 4, 20.57, 760318
AFLfast,xmllint,12,1623646333, 1, 1803, 2845, 2416, 303, 12.88%, 0, 1, 4, 17.98, 760693
AFLfast,xmllint,12,1623646345, 1, 1803, 2847, 2418, 303, 12.88%, 0, 1, 4, 16.38, 760853
AFLfast,xmllint,12,1623646356, 1, 1803, 2848, 2419, 303, 12.88%, 0, 1, 4, 15.95, 761021
AFLfast,xmllint,12,1623646381, 1, 1803, 2849, 2420, 303, 12.88%, 0, 1, 4, 30.83, 761558
AFLfast,xmllint,12,1623646387, 1, 1803, 2850, 2421, 303, 12.88%, 0, 1, 4, 36.00, 761753
AFLfast,xmllint,12,1623646392, 1, 1803, 2851, 2422, 303, 12.88%, 0, 1, 4, 36.21, 761862
AFLfast,xmllint,12,1623646397, 1, 1803, 2852, 2423, 303, 12.88%, 0, 1, 4, 37.87, 762051
AFLfast,xmllint,12,1623646402, 1, 1803, 2853, 2424, 303, 12.89%, 0, 1, 4, 37.65, 762237
AFLfast,xmllint,12,1623646417, 1, 1803, 2854, 2425, 303, 12.89%, 0, 1, 4, 34.71, 762768
AFLfast,xmllint,12,1623646433, 1, 1803, 2855, 2426, 303, 12.89%, 0, 1, 4, 34.36, 763244
AFLfast,xmllint,12,1623646458, 1, 1803, 2856, 2427, 303, 12.89%, 0, 1, 4, 16.23, 763729
AFLfast,xmllint,12,1623646469, 1, 1803, 2857, 2428, 303, 12.89%, 0, 1, 4, 17.12, 763910
AFLfast,xmllint,12,1623646489, 1, 1803, 2858, 2429, 303, 12.89%, 0, 1, 4, 16.51, 764205
AFLfast,xmllint,12,1623646504, 1, 1803, 2859, 2430, 303, 12.89%, 0, 1, 4, 18.16, 764481
AFLfast,xmllint,12,1623646514, 1, 1803, 2860, 2431, 303, 12.89%, 0, 1, 4, 17.78, 764667
AFLfast,xmllint,12,1623646519, 1, 1803, 2861, 2432, 303, 12.89%, 0, 1, 4, 19.01, 764761
AFLfast,xmllint,12,1623646540, 1, 1803, 2862, 2433, 303, 12.89%, 0, 1, 4, 14.75, 765080
AFLfast,xmllint,12,1623646546, 1, 1803, 2863, 2434, 303, 12.89%, 0, 1, 4, 17.79, 765175
AFLfast,xmllint,12,1623646561, 1, 1803, 2865, 2436, 303, 12.89%, 0, 1, 4, 16.81, 765433
AFLfast,xmllint,12,1623646581, 1, 1803, 2866, 2437, 303, 12.89%, 0, 1, 4, 17.48, 765790
AFLfast,xmllint,12,1623646615, 1, 1808, 2866, 2436, 303, 12.89%, 0, 1, 4, 55.16, 766563
AFLfast,xmllint,12,1623646625, 1, 1813, 2866, 2435, 302, 12.89%, 0, 1, 4, 50.32, 767000
AFLfast,xmllint,12,1623646630, 1, 1813, 2867, 2436, 302, 12.89%, 0, 1, 4, 44.01, 767211
AFLfast,xmllint,12,1623646636, 1, 1813, 2868, 2437, 302, 12.89%, 0, 1, 4, 42.43, 767426
AFLfast,xmllint,12,1623646661, 1, 1813, 2869, 2438, 302, 12.89%, 0, 1, 4, 39.09, 768377
AFLfast,xmllint,12,1623646712, 1, 1813, 2871, 2440, 302, 12.89%, 0, 1, 4, 42.46, 769836
AFLfast,xmllint,12,1623646743, 1, 1813, 2872, 2441, 302, 12.89%, 0, 1, 4, 39.12, 770993
AFLfast,xmllint,12,1623646768, 1, 1813, 2873, 2442, 302, 12.89%, 0, 1, 4, 19.70, 771595
AFLfast,xmllint,12,1623646810, 1, 1813, 2874, 2443, 302, 12.89%, 0, 1, 4, 40.55, 772857
AFLfast,xmllint,12,1623646831, 1, 1818, 2874, 2442, 303, 12.89%, 0, 1, 4, 2.53, 773618
AFLfast,xmllint,12,1623646836, 1, 1818, 2875, 2443, 303, 12.89%, 0, 1, 4, 45.42, 773843
AFLfast,xmllint,12,1623646862, 1, 1823, 2875, 2442, 302, 12.89%, 0, 1, 4, 28.17, 774576
AFLfast,xmllint,12,1623646882, 1, 1833, 2875, 2441, 301, 12.89%, 0, 1, 4, 0.92, 775025
AFLfast,xmllint,12,1623646893, 1, 1834, 2875, 2440, 300, 12.89%, 0, 1, 4, 38.80, 775437
AFLfast,xmllint,12,1623646903, 1, 1835, 2875, 2439, 299, 12.89%, 0, 1, 4, 7.35, 775851
AFLfast,xmllint,12,1623646924, 1, 1837, 2875, 2438, 298, 12.89%, 0, 1, 4, 47.23, 776643
AFLfast,xmllint,12,1623646934, 1, 1839, 2875, 2437, 298, 12.89%, 0, 1, 4, 48.94, 777033
AFLfast,xmllint,12,1623646965, 1, 1840, 2876, 2437, 297, 12.89%, 0, 1, 4, 42.36, 778254
AFLfast,xmllint,12,1623646970, 1, 1840, 2877, 2438, 297, 12.89%, 0, 1, 4, 43.05, 778474
AFLfast,xmllint,12,1623647001, 1, 1840, 2878, 2439, 297, 12.89%, 0, 1, 4, 22.33, 779451
AFLfast,xmllint,12,1623647011, 1, 1840, 2879, 2440, 297, 12.89%, 0, 1, 4, 21.35, 779669
AFLfast,xmllint,12,1623647017, 1, 1840, 2880, 2441, 297, 12.89%, 0, 1, 4, 21.07, 779777
AFLfast,xmllint,12,1623647150, 1, 1841, 2880, 2440, 296, 12.89%, 0, 1, 4, 45.63, 784861
AFLfast,xmllint,12,1623647161, 1, 1842, 2880, 2439, 295, 12.89%, 0, 1, 4, 40.97, 785255
AFLfast,xmllint,12,1623647166, 1, 1842, 2881, 2440, 295, 12.89%, 0, 1, 4, 41.40, 785467
AFLfast,xmllint,12,1623647171, 1, 1842, 2882, 2441, 295, 12.89%, 0, 1, 4, 42.68, 785686
AFLfast,xmllint,12,1623647176, 1, 1842, 2883, 2442, 295, 12.89%, 0, 1, 4, 42.67, 785901
AFLfast,xmllint,12,1623647254, 1, 1842, 2884, 2443, 295, 12.89%, 0, 1, 4, 40.90, 788372
AFLfast,xmllint,12,1623647264, 1, 1842, 2885, 2444, 295, 12.89%, 0, 1, 4, 41.19, 788812
AFLfast,xmllint,12,1623647351, 1, 1851, 2885, 2443, 295, 12.89%, 0, 1, 4, 46.94, 791952
AFLfast,xmllint,12,1623647372, 1, 1853, 2885, 2442, 294, 12.89%, 0, 1, 4, 38.02, 792702
AFLfast,xmllint,12,1623647383, 1, 1855, 2885, 2441, 293, 12.89%, 0, 1, 4, 1.19, 793123
AFLfast,xmllint,12,1623647393, 1, 1858, 2885, 2440, 292, 12.89%, 0, 1, 4, 40.74, 793547
AFLfast,xmllint,12,1623647408, 1, 1872, 2885, 2439, 291, 12.89%, 0, 1, 4, 50.47, 794187
AFLfast,xmllint,12,1623647419, 1, 1874, 2885, 2438, 290, 12.89%, 0, 1, 4, 43.02, 794624
AFLfast,xmllint,12,1623647429, 1, 1875, 2885, 2437, 289, 12.89%, 0, 1, 4, 39.93, 795046
AFLfast,xmllint,12,1623647439, 1, 1875, 2886, 2438, 289, 12.89%, 0, 1, 4, 33.65, 795456
AFLfast,xmllint,12,1623647460, 1, 1875, 2887, 2439, 289, 12.89%, 0, 1, 4, 37.03, 796083
AFLfast,xmllint,12,1623647470, 1, 1875, 2888, 2440, 289, 12.89%, 0, 1, 4, 37.69, 796432
AFLfast,xmllint,12,1623647475, 1, 1875, 2889, 2441, 289, 12.89%, 0, 1, 4, 38.81, 796631
AFLfast,xmllint,12,1623647521, 1, 1875, 2890, 2442, 289, 12.89%, 0, 1, 4, 18.80, 798077
AFLfast,xmllint,12,1623647567, 1, 1875, 2891, 2443, 289, 12.89%, 0, 1, 4, 36.35, 799326
AFLfast,xmllint,12,1623647582, 1, 1875, 2892, 2444, 289, 12.89%, 0, 1, 4, 36.40, 799826
AFLfast,xmllint,12,1623647593, 1, 1875, 2893, 2445, 289, 12.89%, 0, 1, 4, 36.19, 800203
AFLfast,xmllint,12,1623647655, 1, 1880, 2893, 2444, 290, 12.89%, 0, 1, 4, 45.32, 801904
AFLfast,xmllint,12,1623647665, 1, 1880, 2894, 2445, 290, 12.89%, 0, 1, 4, 42.09, 802331
AFLfast,xmllint,12,1623647670, 1, 1880, 2895, 2446, 290, 12.89%, 0, 1, 4, 42.82, 802549
AFLfast,xmllint,12,1623647696, 1, 1881, 2895, 2445, 290, 12.89%, 0, 1, 4, 1.80, 803466
AFLfast,xmllint,12,1623647717, 1, 1882, 2895, 2444, 289, 12.89%, 0, 1, 4, 43.70, 804051
AFLfast,xmllint,12,1623647727, 1, 1884, 2895, 2443, 288, 12.89%, 0, 1, 4, 45.64, 804463
AFLfast,xmllint,12,1623647738, 1, 1887, 2895, 2442, 287, 12.89%, 0, 1, 4, 32.67, 804843
AFLfast,xmllint,12,1623647753, 1, 1888, 2896, 2442, 286, 12.89%, 0, 1, 4, 43.06, 805489
AFLfast,xmllint,12,1623647774, 1, 1891, 2896, 2441, 284, 12.89%, 0, 1, 4, 0.89, 806224
AFLfast,xmllint,12,1623647795, 1, 1901, 2896, 2440, 284, 12.89%, 0, 1, 4, 3.34, 806970
AFLfast,xmllint,12,1623647805, 1, 1902, 2896, 2439, 283, 12.89%, 0, 1, 4, 43.63, 807419
AFLfast,xmllint,12,1623647816, 1, 1906, 2896, 2438, 282, 12.89%, 0, 1, 4, 56.39, 807860
AFLfast,xmllint,12,1623647831, 1, 1914, 2896, 2437, 281, 12.89%, 0, 1, 4, 46.34, 808541
AFLfast,xmllint,12,1623647842, 1, 1915, 2896, 2436, 280, 12.89%, 0, 1, 4, 1.30, 808896
AFLfast,xmllint,12,1623647860, 1, 1920, 2896, 2435, 279, 12.89%, 0, 1, 4, 0.98, 809455
AFLfast,xmllint,12,1623647870, 1, 1921, 2896, 2434, 278, 12.89%, 0, 1, 4, 42.22, 809862
AFLfast,xmllint,12,1623647881, 1, 1925, 2896, 2433, 277, 12.89%, 0, 1, 4, 47.99, 810272
AFLfast,xmllint,12,1623647896, 1, 1930, 2896, 2432, 276, 12.89%, 0, 1, 4, 42.74, 810919
AFLfast,xmllint,12,1623647901, 1, 1930, 2897, 2433, 276, 12.89%, 0, 1, 4, 36.99, 811118
AFLfast,xmllint,12,1623647917, 1, 1930, 2898, 2434, 276, 12.89%, 0, 1, 4, 40.68, 811614
AFLfast,xmllint,12,1623647927, 1, 1930, 2899, 2435, 276, 12.89%, 0, 1, 4, 43.23, 812024
AFLfast,xmllint,12,1623647932, 1, 1930, 2900, 2436, 276, 12.89%, 0, 1, 4, 42.92, 812250
AFLfast,xmllint,12,1623647937, 1, 1930, 2901, 2437, 276, 12.89%, 0, 1, 4, 41.21, 812456
AFLfast,xmllint,12,1623648040, 1, 1930, 2902, 2438, 276, 12.90%, 0, 1, 4, 43.26, 815912
AFLfast,xmllint,12,1623648087, 1, 1931, 2902, 2437, 277, 12.90%, 0, 1, 4, 40.75, 817580
AFLfast,xmllint,12,1623648097, 1, 1932, 2902, 2436, 276, 12.90%, 0, 1, 4, 48.75, 818010
AFLfast,xmllint,12,1623648107, 1, 1933, 2902, 2435, 275, 12.90%, 0, 1, 4, 26.57, 818424
AFLfast,xmllint,12,1623648117, 1, 1934, 2903, 2435, 274, 12.90%, 0, 1, 4, 41.56, 818852
AFLfast,xmllint,12,1623648122, 1, 1934, 2905, 2437, 274, 12.91%, 0, 1, 4, 41.38, 819058
AFLfast,xmllint,12,1623648158, 1, 1934, 2906, 2438, 274, 12.91%, 0, 1, 4, 17.98, 820009
AFLfast,xmllint,12,1623648225, 1, 1934, 2907, 2439, 274, 12.91%, 0, 1, 4, 39.93, 822419
AFLfast,xmllint,12,1623648246, 1, 1934, 2908, 2440, 274, 12.91%, 0, 1, 4, 34.24, 822989
AFLfast,xmllint,12,1623648256, 1, 1934, 2909, 2441, 274, 12.91%, 0, 1, 4, 37.99, 823376
AFLfast,xmllint,12,1623648292, 1, 1934, 2910, 2442, 274, 12.91%, 0, 1, 4, 46.17, 824836
AFLfast,xmllint,12,1623648302, 1, 1934, 2911, 2443, 274, 12.91%, 0, 1, 4, 46.42, 825312
AFLfast,xmllint,12,1623648307, 1, 1938, 2911, 2442, 277, 12.91%, 0, 1, 4, 37.70, 825400
AFLfast,xmllint,12,1623648312, 1, 1938, 2912, 2443, 277, 12.91%, 0, 1, 4, 25.92, 825511
AFLfast,xmllint,12,1623648349, 1, 1939, 2912, 2442, 277, 12.91%, 0, 1, 4, 1.57, 826223
AFLfast,xmllint,12,1623648360, 1, 1941, 2912, 2441, 275, 12.91%, 0, 1, 4, 41.61, 826663
AFLfast,xmllint,12,1623648376, 1, 1944, 2912, 2440, 274, 12.91%, 0, 1, 4, 51.51, 827298
AFLfast,xmllint,12,1623648381, 1, 1944, 2914, 2442, 274, 12.91%, 0, 1, 4, 44.66, 827516
AFLfast,xmllint,12,1623648396, 1, 1944, 2915, 2443, 274, 12.91%, 0, 1, 4, 40.50, 828150
AFLfast,xmllint,12,1623648463, 1, 1944, 2916, 2444, 274, 12.91%, 0, 1, 4, 41.10, 830188
AFLfast,xmllint,12,1623648489, 1, 1944, 2917, 2445, 274, 12.91%, 0, 1, 4, 38.53, 831169
AFLfast,xmllint,12,1623648552, 1, 1944, 2918, 2446, 274, 12.91%, 0, 1, 4, 40.52, 833238
AFLfast,xmllint,12,1623648573, 1, 1946, 2918, 2445, 276, 12.91%, 0, 1, 4, 40.92, 833976
AFLfast,xmllint,12,1623648588, 1, 1947, 2918, 2444, 275, 12.91%, 0, 1, 4, 51.16, 834376
AFLfast,xmllint,12,1623648603, 1, 1948, 2918, 2443, 274, 12.91%, 0, 1, 4, 42.03, 834996
AFLfast,xmllint,12,1623648619, 1, 1949, 2918, 2442, 274, 12.91%, 0, 1, 4, 48.26, 835662
AFLfast,xmllint,12,1623648634, 1, 1954, 2918, 2441, 273, 12.91%, 0, 1, 4, 51.09, 836288
AFLfast,xmllint,12,1623648650, 1, 1964, 2918, 2440, 272, 12.91%, 0, 1, 4, 44.76, 836919
AFLfast,xmllint,12,1623648660, 1, 1964, 2919, 2441, 272, 12.91%, 0, 1, 4, 41.65, 837352
AFLfast,xmllint,12,1623648665, 1, 1964, 2920, 2442, 272, 12.91%, 0, 1, 4, 41.11, 837556
AFLfast,xmllint,12,1623648670, 1, 1964, 2921, 2443, 272, 12.93%, 0, 1, 4, 41.49, 837775
AFLfast,xmllint,12,1623648681, 1, 1964, 2922, 2444, 272, 12.93%, 0, 1, 4, 39.83, 838176
AFLfast,xmllint,12,1623648754, 1, 1964, 2923, 2445, 272, 12.93%, 0, 1, 4, 39.07, 840246
AFLfast,xmllint,12,1623648815, 1, 1964, 2924, 2446, 272, 12.94%, 0, 1, 4, 30.96, 842426
AFLfast,xmllint,12,1623648826, 1, 1964, 2925, 2447, 272, 12.94%, 0, 1, 4, 37.98, 842817
AFLfast,xmllint,12,1623648831, 1, 1964, 2926, 2448, 272, 12.94%, 0, 1, 4, 40.16, 843028
AFLfast,xmllint,12,1623648836, 1, 1964, 2927, 2449, 272, 12.94%, 0, 1, 4, 37.58, 843179
AFLfast,xmllint,12,1623648846, 1, 1965, 2927, 2448, 276, 12.94%, 0, 1, 4, 48.28, 843555
AFLfast,xmllint,12,1623648851, 1, 1965, 2928, 2449, 276, 12.94%, 0, 1, 4, 45.67, 843773
AFLfast,xmllint,12,1623648857, 1, 1965, 2930, 2451, 276, 12.94%, 0, 1, 4, 46.43, 844018
AFLfast,xmllint,12,1623648923, 1, 1965, 2931, 2452, 276, 12.94%, 0, 1, 4, 20.08, 845653
AFLfast,xmllint,12,1623648949, 1, 1965, 2932, 2453, 276, 12.94%, 0, 1, 4, 35.52, 846221
AFLfast,xmllint,12,1623649057, 1, 1966, 2932, 2452, 275, 12.94%, 0, 1, 4, 47.73, 850273
AFLfast,xmllint,12,1623649067, 1, 1966, 2933, 2453, 275, 12.94%, 0, 1, 4, 42.56, 850703
AFLfast,xmllint,12,1623649083, 1, 1967, 2933, 2452, 274, 12.94%, 0, 1, 4, 29.99, 851155
AFLfast,xmllint,12,1623649098, 1, 1968, 2933, 2451, 273, 12.94%, 0, 1, 4, 49.00, 851765
AFLfast,xmllint,12,1623649109, 1, 1972, 2933, 2450, 272, 12.94%, 0, 1, 4, 43.31, 852165
AFLfast,xmllint,12,1623649119, 1, 1975, 2933, 2449, 271, 12.94%, 0, 1, 4, 38.18, 852534
AFLfast,xmllint,12,1623649130, 1, 1977, 2933, 2448, 270, 12.94%, 0, 1, 4, 37.76, 852943
AFLfast,xmllint,12,1623649135, 1, 1977, 2935, 2450, 270, 12.95%, 0, 1, 4, 41.32, 853164
AFLfast,xmllint,12,1623649166, 1, 1977, 2936, 2451, 270, 12.95%, 0, 1, 4, 31.14, 854035
AFLfast,xmllint,12,1623649191, 1, 1977, 2937, 2452, 270, 12.95%, 0, 1, 4, 40.26, 855067
AFLfast,xmllint,12,1623649202, 1, 1977, 2938, 2453, 270, 12.95%, 0, 1, 4, 39.57, 855455
AFLfast,xmllint,12,1623649222, 1, 1977, 2939, 2454, 270, 12.95%, 0, 1, 4, 40.71, 856269
AFLfast,xmllint,12,1623649243, 1, 1977, 2940, 2455, 270, 12.95%, 0, 1, 4, 20.80, 856666
AFLfast,xmllint,12,1623649290, 1, 1977, 2941, 2456, 270, 12.95%, 0, 1, 4, 39.85, 857952
AFLfast,xmllint,12,1623649311, 1, 1977, 2942, 2457, 270, 12.95%, 0, 1, 4, 42.94, 858769
AFLfast,xmllint,12,1623649316, 1, 1977, 2943, 2458, 270, 12.95%, 0, 1, 4, 41.63, 858980
AFLfast,xmllint,12,1623649326, 1, 1977, 2945, 2460, 270, 12.95%, 0, 1, 4, 39.20, 859388
AFLfast,xmllint,12,1623649331, 1, 1977, 2946, 2461, 270, 12.95%, 0, 1, 4, 33.21, 859564
AFLfast,xmllint,12,1623649337, 1, 1979, 2946, 2460, 273, 12.95%, 0, 1, 4, 1.61, 859635
AFLfast,xmllint,12,1623649362, 1, 1980, 2946, 2459, 272, 12.95%, 0, 1, 4, 19.77, 860133
AFLfast,xmllint,12,1623649373, 1, 1980, 2947, 2460, 272, 12.95%, 0, 1, 4, 20.22, 860337
AFLfast,xmllint,12,1623649403, 1, 1981, 2947, 2459, 271, 12.95%, 0, 1, 4, 37.53, 861102
AFLfast,xmllint,12,1623649408, 1, 1981, 2948, 2460, 271, 12.96%, 0, 1, 4, 40.79, 861315
AFLfast,xmllint,12,1623649424, 1, 1982, 2948, 2459, 271, 12.96%, 0, 1, 4, 42.80, 861946
AFLfast,xmllint,12,1623649434, 1, 1985, 2948, 2458, 270, 12.96%, 0, 1, 4, 51.23, 862328
AFLfast,xmllint,12,1623649444, 1, 1987, 2948, 2457, 269, 12.96%, 0, 1, 4, 4.93, 862715
AFLfast,xmllint,12,1623649454, 1, 1987, 2949, 2458, 269, 12.96%, 0, 1, 4, 40.51, 863132
AFLfast,xmllint,12,1623649501, 1, 1988, 2949, 2457, 268, 12.96%, 0, 1, 4, 31.58, 864020
AFLfast,xmllint,12,1623649511, 1, 1988, 2950, 2458, 268, 12.97%, 0, 1, 4, 16.40, 864249
AFLfast,xmllint,12,1623649583, 1, 1993, 2950, 2457, 268, 12.97%, 0, 1, 4, 29.43, 865397
AFLfast,xmllint,12,1623649599, 1, 1995, 2950, 2456, 267, 12.97%, 0, 1, 4, 2.53, 865749
AFLfast,xmllint,12,1623649615, 1, 1995, 2951, 2457, 267, 12.97%, 0, 1, 4, 29.09, 866108
AFLfast,xmllint,12,1623649630, 1, 1995, 2952, 2458, 267, 12.97%, 0, 1, 4, 23.20, 866422
AFLfast,xmllint,12,1623649667, 1, 1995, 2953, 2459, 267, 12.97%, 0, 1, 4, 15.11, 867071
AFLfast,xmllint,12,1623649682, 1, 1995, 2954, 2460, 267, 12.97%, 0, 1, 4, 29.15, 867457
AFLfast,xmllint,12,1623649693, 1, 1995, 2955, 2461, 267, 12.97%, 0, 1, 4, 16.94, 867675
AFLfast,xmllint,12,1623649708, 1, 1995, 2956, 2462, 267, 12.97%, 0, 1, 4, 9.08, 867840
AFLfast,xmllint,12,1623649811, 1, 1995, 2957, 2463, 267, 12.97%, 0, 1, 4, 16.77, 868728
AFLfast,xmllint,12,1623649867, 1, 1995, 2958, 2464, 267, 12.97%, 0, 1, 4, 15.91, 869880
AFLfast,xmllint,12,1623649919, 1, 1997, 2958, 2463, 267, 12.97%, 0, 1, 4, 0.27, 870825
AFLfast,xmllint,12,1623649934, 1, 1997, 2959, 2464, 267, 12.97%, 0, 1, 4, 4.58, 871023
AFLfast,xmllint,12,1623650000, 1, 1998, 2959, 2463, 266, 12.97%, 0, 1, 4, 36.20, 871813
AFLfast,xmllint,12,1623650006, 1, 1998, 2960, 2464, 266, 12.97%, 0, 1, 4, 34.85, 871989
AFLfast,xmllint,12,1623650041, 1, 1998, 2961, 2465, 266, 12.97%, 0, 1, 4, 16.78, 872943
AFLfast,xmllint,12,1623650147, 1, 2000, 2961, 2464, 265, 12.97%, 0, 1, 4, 4.54, 874253
AFLfast,xmllint,12,1623650167, 1, 2003, 2961, 2463, 264, 12.97%, 0, 1, 4, 36.18, 874839
AFLfast,xmllint,12,1623650219, 1, 2004, 2961, 2462, 263, 12.97%, 0, 1, 4, 20.13, 876092
AFLfast,xmllint,12,1623650239, 1, 2005, 2961, 2461, 262, 12.97%, 0, 1, 4, 32.49, 876503
AFLfast,xmllint,12,1623650255, 1, 2005, 2962, 2462, 262, 12.97%, 0, 1, 4, 19.09, 876785
AFLfast,xmllint,12,1623650280, 1, 2005, 2963, 2463, 262, 12.97%, 0, 1, 4, 11.11, 877004
AFLfast,xmllint,12,1623650456, 1, 2008, 2963, 2462, 263, 12.97%, 0, 1, 4, 42.70, 881585
AFLfast,xmllint,12,1623650472, 1, 2009, 2963, 2461, 262, 12.97%, 0, 1, 4, 25.25, 881961
AFLfast,xmllint,12,1623650487, 1, 2015, 2963, 2460, 261, 12.97%, 0, 1, 4, 33.08, 882406
AFLfast,xmllint,12,1623650517, 1, 2017, 2963, 2459, 260, 12.97%, 0, 1, 4, 30.51, 883117
AFLfast,xmllint,12,1623650538, 1, 2020, 2963, 2458, 259, 12.97%, 0, 1, 4, 38.83, 883508
AFLfast,xmllint,12,1623650574, 1, 2027, 2963, 2457, 258, 12.97%, 0, 1, 4, 34.15, 884378
AFLfast,xmllint,12,1623650599, 1, 2031, 2963, 2456, 257, 12.97%, 0, 1, 4, 38.53, 885092
AFLfast,xmllint,12,1623650620, 1, 2032, 2963, 2455, 256, 12.97%, 0, 1, 4, 0.53, 885470
AFLfast,xmllint,12,1623650677, 1, 2036, 2963, 2454, 255, 12.97%, 0, 1, 4, 15.43, 886073
AFLfast,xmllint,12,1623650725, 1, 2037, 2963, 2453, 254, 12.97%, 0, 1, 4, 1.34, 886672
AFLfast,xmllint,12,1623650735, 1, 2037, 2964, 2454, 254, 12.97%, 0, 1, 4, 33.11, 887019
AFLfast,xmllint,12,1623650740, 1, 2037, 2965, 2455, 254, 12.97%, 0, 1, 4, 28.78, 887158
AFLfast,xmllint,12,1623650745, 1, 2037, 2966, 2456, 254, 12.97%, 0, 1, 4, 26.02, 887290
AFLfast,xmllint,12,1623650781, 1, 2037, 2967, 2457, 254, 12.97%, 0, 1, 4, 12.91, 888018
AFLfast,xmllint,12,1623650878, 1, 2037, 2968, 2458, 254, 12.97%, 0, 1, 4, 18.41, 888938
AFLfast,xmllint,12,1623650904, 1, 2037, 2970, 2460, 254, 12.97%, 0, 1, 4, 22.57, 889503
AFLfast,xmllint,12,1623651005, 1, 2037, 2971, 2461, 254, 12.97%, 0, 1, 4, 20.06, 890671
AFLfast,xmllint,12,1623651058, 1, 2037, 2972, 2462, 254, 12.97%, 0, 1, 4, 13.57, 891590
AFLfast,xmllint,12,1623651138, 1, 2037, 2973, 2463, 254, 12.97%, 0, 1, 4, 23.82, 892739
AFLfast,xmllint,12,1623651174, 1, 2039, 2973, 2462, 253, 12.97%, 0, 1, 4, 21.94, 893493
AFLfast,xmllint,12,1623651184, 1, 2039, 2974, 2463, 253, 12.97%, 0, 1, 4, 36.57, 893870
AFLfast,xmllint,12,1623651234, 1, 2042, 2974, 2462, 252, 12.97%, 0, 1, 4, 0.88, 895196
AFLfast,xmllint,12,1623651254, 1, 2042, 2976, 2464, 252, 12.97%, 0, 1, 4, 29.04, 895638
AFLfast,xmllint,12,1623651260, 1, 2042, 2977, 2465, 252, 12.97%, 0, 1, 4, 34.31, 895821
AFLfast,xmllint,12,1623651280, 1, 2042, 2978, 2466, 252, 12.97%, 0, 1, 4, 1.19, 896421
AFLfast,xmllint,12,1623651538, 1, 2045, 2978, 2465, 252, 12.97%, 0, 1, 4, 12.32, 901969
AFLfast,xmllint,12,1623651575, 1, 2058, 2978, 2464, 251, 12.97%, 0, 1, 4, 19.20, 902501
AFLfast,xmllint,12,1623651585, 1, 2058, 2979, 2465, 251, 12.97%, 0, 1, 4, 25.59, 902696
AFLfast,xmllint,12,1623651600, 1, 2058, 2980, 2466, 251, 12.97%, 0, 1, 4, 27.34, 903102
AFLfast,xmllint,12,1623651624, 1, 2058, 2980, 2466, 251, 12.97%, 0, 2, 4, 0.56, 903403
AFLfast,xmllint,12,1623651656, 1, 2058, 2981, 2467, 251, 12.97%, 0, 2, 4, 13.67, 903867
AFLfast,xmllint,12,1623651671, 1, 2058, 2982, 2468, 251, 12.97%, 0, 2, 4, 12.29, 904040
AFLfast,xmllint,12,1623651697, 1, 2058, 2983, 2469, 251, 12.97%, 0, 2, 4, 11.53, 904338
AFLfast,xmllint,12,1623651743, 1, 2058, 2984, 2470, 251, 12.97%, 0, 2, 4, 12.76, 904741
AFLfast,xmllint,12,1623651985, 1, 2058, 2985, 2471, 251, 12.97%, 0, 2, 4, 20.46, 908927
AFLfast,xmllint,12,1623651996, 1, 2058, 2986, 2472, 251, 12.97%, 0, 2, 4, 19.33, 909122
AFLfast,xmllint,12,1623652006, 1, 2066, 2986, 2471, 252, 12.97%, 0, 2, 4, 24.50, 909309
AFLfast,xmllint,12,1623652022, 1, 2066, 2987, 2472, 252, 12.97%, 0, 2, 4, 24.74, 909694
AFLfast,xmllint,12,1623652047, 1, 2066, 2988, 2473, 252, 12.97%, 0, 2, 4, 13.77, 910106
AFLfast,xmllint,12,1623652067, 1, 2066, 2989, 2474, 252, 12.97%, 0, 2, 4, 16.37, 910427
AFLfast,xmllint,12,1623652124, 1, 2066, 2990, 2475, 252, 12.97%, 0, 2, 4, 21.65, 911411
AFLfast,xmllint,12,1623652158, 1, 2066, 2991, 2476, 252, 12.97%, 0, 2, 4, 18.25, 911930
AFLfast,xmllint,12,1623652174, 1, 2066, 2992, 2477, 252, 12.97%, 0, 2, 4, 27.48, 912313
AFLfast,xmllint,12,1623652346, 1, 2066, 2993, 2478, 252, 12.97%, 0, 2, 4, 12.88, 915129
AFLfast,xmllint,12,1623652430, 1, 2066, 2994, 2479, 252, 12.97%, 0, 2, 4, 25.07, 916006
AFLfast,xmllint,12,1623652445, 1, 2068, 2994, 2478, 251, 12.97%, 0, 2, 4, 35.76, 916388
AFLfast,xmllint,12,1623652471, 1, 2068, 2995, 2479, 251, 12.97%, 0, 2, 4, 22.84, 916874
AFLfast,xmllint,12,1623652476, 1, 2068, 2996, 2480, 251, 12.97%, 0, 2, 4, 21.13, 916982
AFLfast,xmllint,12,1623652578, 1, 2078, 2996, 2479, 250, 12.97%, 0, 2, 4, 35.24, 918324
AFLfast,xmllint,12,1623652598, 1, 2078, 2997, 2480, 250, 12.97%, 0, 2, 4, 27.52, 918832
AFLfast,xmllint,12,1623652614, 1, 2083, 2997, 2479, 249, 12.97%, 0, 2, 4, 1.64, 919156
AFLfast,xmllint,12,1623652624, 1, 2083, 2998, 2480, 249, 12.97%, 0, 2, 4, 19.37, 919390
AFLfast,xmllint,12,1623652630, 1, 2083, 2999, 2481, 249, 12.97%, 0, 2, 4, 12.78, 919442
AFLfast,xmllint,12,1623652739, 1, 2084, 2999, 2480, 248, 12.97%, 0, 2, 4, 0.30, 920952
AFLfast,xmllint,12,1623652754, 1, 2084, 3000, 2481, 248, 12.97%, 0, 2, 4, 27.17, 921442
AFLfast,xmllint,12,1623652785, 1, 2084, 3001, 2482, 248, 12.97%, 0, 2, 4, 17.42, 921891
AFLfast,xmllint,12,1623652837, 1, 2107, 3001, 2481, 247, 12.97%, 0, 2, 4, 27.10, 922846
AFLfast,xmllint,12,1623652878, 1, 2120, 3001, 2480, 246, 12.97%, 0, 2, 4, 31.60, 923838
AFLfast,xmllint,12,1623652893, 1, 2126, 3001, 2479, 245, 12.97%, 0, 2, 4, 49.84, 924466
AFLfast,xmllint,12,1623652926, 1, 2128, 3001, 2478, 244, 12.97%, 0, 2, 4, 1.59, 925292
AFLfast,xmllint,12,1623652948, 1, 2134, 3001, 2477, 243, 12.97%, 0, 2, 4, 3.19, 925858
AFLfast,xmllint,12,1623652990, 1, 2137, 3001, 2476, 242, 12.97%, 0, 2, 4, 0.57, 927090
AFLfast,xmllint,12,1623653026, 1, 2137, 3002, 2477, 242, 12.97%, 0, 2, 4, 30.00, 928141
AFLfast,xmllint,12,1623653078, 1, 2140, 3002, 2476, 241, 12.97%, 0, 2, 4, 1.32, 929005
AFLfast,xmllint,12,1623653098, 1, 2140, 3003, 2477, 241, 12.97%, 0, 2, 4, 24.25, 929598
AFLfast,xmllint,12,1623653129, 1, 2143, 3003, 2476, 241, 12.97%, 0, 2, 4, 45.00, 930175
AFLfast,xmllint,12,1623653244, 1, 2144, 3003, 2475, 240, 12.97%, 0, 2, 4, 0.13, 932057
AFLfast,xmllint,12,1623653286, 1, 2148, 3003, 2474, 239, 12.97%, 0, 2, 4, 0.69, 933174
AFLfast,xmllint,12,1623653389, 1, 2151, 3003, 2473, 238, 12.97%, 0, 2, 4, 0.17, 934523
AFLfast,xmllint,12,1623653410, 1, 2154, 3003, 2472, 237, 12.97%, 0, 2, 4, 33.42, 935126
AFLfast,xmllint,12,1623653426, 1, 2158, 3003, 2471, 236, 12.97%, 0, 2, 4, 5.01, 935597
AFLfast,xmllint,12,1623653431, 1, 2158, 3007, 2475, 236, 12.97%, 0, 2, 4, 31.24, 935768
AFLfast,xmllint,12,1623653436, 1, 2158, 3010, 2478, 236, 12.98%, 0, 2, 4, 25.69, 935898
AFLfast,xmllint,12,1623653441, 1, 2158, 3011, 2479, 236, 12.98%, 0, 2, 4, 31.06, 936055
AFLfast,xmllint,12,1623653446, 1, 2158, 3014, 2482, 236, 12.98%, 0, 2, 4, 30.85, 936222
AFLfast,xmllint,12,1623653452, 1, 2158, 3016, 2484, 236, 12.98%, 0, 2, 4, 22.29, 936319
AFLfast,xmllint,12,1623653457, 1, 2158, 3017, 2485, 236, 12.98%, 0, 2, 4, 24.19, 936442
AFLfast,xmllint,12,1623653462, 1, 2158, 3018, 2486, 236, 12.98%, 0, 2, 4, 21.49, 936543
AFLfast,xmllint,12,1623653474, 1, 2158, 3019, 2487, 236, 12.98%, 0, 2, 4, 1.25, 936762
AFLfast,xmllint,12,1623653489, 1, 2158, 3020, 2488, 236, 12.98%, 0, 2, 4, 7.77, 936899
AFLfast,xmllint,12,1623653525, 1, 2158, 3021, 2489, 236, 12.98%, 0, 2, 4, 12.87, 937271
AFLfast,xmllint,12,1623653535, 1, 2158, 3022, 2490, 236, 12.98%, 0, 2, 4, 9.48, 937383
AFLfast,xmllint,12,1623653571, 1, 2158, 3023, 2491, 236, 12.98%, 0, 2, 4, 10.97, 937704
AFLfast,xmllint,12,1623653644, 1, 2158, 3024, 2492, 236, 12.98%, 0, 2, 4, 12.77, 938410
AFLfast,xmllint,12,1623653716, 1, 2158, 3025, 2493, 236, 12.98%, 0, 2, 4, 20.74, 939578
AFLfast,xmllint,12,1623653726, 1, 2158, 3026, 2494, 236, 12.98%, 0, 2, 4, 23.18, 939732
AFLfast,xmllint,12,1623653731, 1, 2158, 3027, 2495, 236, 12.98%, 0, 2, 4, 17.77, 939816
AFLfast,xmllint,12,1623653742, 1, 2158, 3028, 2496, 236, 12.98%, 0, 2, 4, 0.51, 939906
AFLfast,xmllint,12,1623653748, 1, 2158, 3029, 2497, 236, 12.98%, 0, 2, 4, 14.28, 939983
AFLfast,xmllint,12,1623653758, 1, 2158, 3032, 2500, 236, 12.98%, 0, 2, 4, 14.87, 940147
AFLfast,xmllint,12,1623653768, 1, 2158, 3033, 2501, 236, 12.98%, 0, 2, 4, 14.98, 940279
AFLfast,xmllint,12,1623653794, 1, 2158, 3034, 2502, 236, 12.98%, 0, 2, 4, 11.80, 940633
AFLfast,xmllint,12,1623653835, 1, 2158, 3035, 2503, 236, 12.98%, 0, 2, 4, 11.50, 941160
AFLfast,xmllint,12,1623653896, 1, 2158, 3036, 2504, 236, 12.99%, 0, 2, 4, 10.27, 941918
AFLfast,xmllint,12,1623653907, 1, 2158, 3037, 2505, 236, 12.99%, 0, 2, 4, 11.07, 942007
AFLfast,xmllint,12,1623653912, 1, 2158, 3038, 2506, 236, 12.99%, 0, 2, 4, 12.12, 942070
AFLfast,xmllint,12,1623653938, 1, 2160, 3039, 2506, 243, 12.99%, 0, 2, 4, 14.73, 942441
AFLfast,xmllint,12,1623653943, 1, 2160, 3040, 2507, 243, 12.99%, 0, 2, 4, 23.88, 942585
AFLfast,xmllint,12,1623653958, 1, 2160, 3041, 2508, 243, 12.99%, 0, 2, 4, 14.87, 942813
AFLfast,xmllint,12,1623653963, 1, 2160, 3042, 2509, 243, 12.99%, 0, 2, 4, 15.54, 942893
AFLfast,xmllint,12,1623653989, 1, 2160, 3043, 2510, 243, 12.99%, 0, 2, 4, 7.87, 943146
AFLfast,xmllint,12,1623654010, 1, 2160, 3044, 2511, 243, 12.99%, 0, 2, 4, 6.31, 943287
AFLfast,xmllint,12,1623654072, 1, 2160, 3045, 2512, 243, 12.99%, 0, 2, 4, 13.46, 943712
AFLfast,xmllint,12,1623654082, 1, 2160, 3046, 2513, 243, 12.99%, 0, 2, 4, 14.11, 943845
AFLfast,xmllint,12,1623654097, 1, 2160, 3047, 2514, 243, 12.99%, 0, 2, 4, 16.54, 944096
AFLfast,xmllint,12,1623654108, 1, 2160, 3048, 2515, 243, 12.99%, 0, 2, 4, 13.04, 944233
AFLfast,xmllint,12,1623654128, 1, 2160, 3049, 2516, 243, 12.99%, 0, 2, 4, 13.55, 944531
AFLfast,xmllint,12,1623654180, 1, 2160, 3050, 2517, 243, 12.99%, 0, 2, 4, 10.55, 944906
AFLfast,xmllint,12,1623654185, 1, 2160, 3051, 2518, 243, 12.99%, 0, 2, 4, 10.39, 944960
AFLfast,xmllint,12,1623654196, 1, 2160, 3052, 2519, 243, 12.99%, 0, 2, 4, 7.23, 945050
AFLfast,xmllint,12,1623654310, 1, 2160, 3053, 2520, 243, 12.99%, 0, 2, 4, 10.21, 946381
AFLfast,xmllint,12,1623654325, 1, 2160, 3054, 2521, 243, 12.99%, 0, 2, 4, 10.92, 946527
AFLfast,xmllint,12,1623654346, 1, 2160, 3055, 2522, 243, 12.99%, 0, 2, 4, 8.96, 946721
AFLfast,xmllint,12,1623654435, 1, 2162, 3055, 2521, 243, 12.99%, 0, 2, 4, 1.47, 947617
AFLfast,xmllint,12,1623654451, 1, 2162, 3056, 2522, 243, 12.99%, 0, 2, 4, 20.37, 947969
AFLfast,xmllint,12,1623654478, 1, 2164, 3056, 2521, 242, 12.99%, 0, 2, 4, 2.34, 948605
AFLfast,xmllint,12,1623654504, 1, 2168, 3056, 2520, 241, 12.99%, 0, 2, 4, 35.19, 949065
AFLfast,xmllint,12,1623654514, 1, 2168, 3058, 2522, 241, 12.99%, 0, 2, 4, 30.98, 949381
AFLfast,xmllint,12,1623654561, 1, 2169, 3058, 2521, 241, 12.99%, 0, 2, 4, 3.07, 950839
AFLfast,xmllint,12,1623654596, 1, 2172, 3058, 2520, 240, 12.99%, 0, 2, 4, 22.81, 951551
AFLfast,xmllint,12,1623654622, 1, 2172, 3059, 2521, 240, 12.99%, 0, 2, 4, 15.98, 952181
AFLfast,xmllint,12,1623654659, 1, 2177, 3059, 2520, 239, 12.99%, 0, 2, 4, 1.69, 952871
AFLfast,xmllint,12,1623654679, 1, 2177, 3060, 2521, 239, 13.00%, 0, 2, 4, 27.17, 953512
AFLfast,xmllint,12,1623654706, 1, 2178, 3060, 2520, 239, 13.00%, 0, 2, 4, 0.17, 954098
AFLfast,xmllint,12,1623654739, 1, 2179, 3060, 2519, 238, 13.00%, 0, 2, 4, 1.00, 954666
AFLfast,xmllint,12,1623654766, 1, 2181, 3060, 2518, 237, 13.00%, 0, 2, 4, 0.10, 955208
AFLfast,xmllint,12,1623654792, 1, 2186, 3060, 2517, 236, 13.00%, 0, 2, 4, 29.73, 955731
AFLfast,xmllint,12,1623654802, 1, 2186, 3061, 2518, 236, 13.00%, 0, 2, 4, 24.49, 955973
AFLfast,xmllint,12,1623654833, 1, 2197, 3061, 2517, 236, 13.00%, 0, 2, 4, 40.18, 956772
AFLfast,xmllint,12,1623654864, 1, 2204, 3061, 2516, 235, 13.00%, 0, 2, 4, 18.80, 957260
AFLfast,xmllint,12,1623654884, 1, 2204, 3062, 2517, 235, 13.00%, 0, 2, 4, 14.51, 957513
AFLfast,xmllint,12,1623654930, 1, 2204, 3063, 2518, 235, 13.00%, 0, 2, 4, 11.63, 958114
AFLfast,xmllint,12,1623655016, 1, 2206, 3063, 2517, 234, 13.00%, 0, 2, 4, 0.84, 959033
AFLfast,xmllint,12,1623655037, 1, 2206, 3064, 2518, 234, 13.00%, 0, 2, 4, 28.32, 959540
AFLfast,xmllint,12,1623655063, 1, 2206, 3065, 2519, 234, 13.00%, 0, 2, 4, 10.78, 959930
AFLfast,xmllint,12,1623655150, 1, 2208, 3065, 2518, 234, 13.00%, 0, 2, 4, 26.86, 960911
AFLfast,xmllint,12,1623655192, 1, 2213, 3065, 2517, 233, 13.00%, 0, 2, 4, 25.79, 961538
AFLfast,xmllint,12,1623655235, 1, 2215, 3065, 2516, 232, 13.00%, 0, 2, 4, 1.44, 962086
AFLfast,xmllint,12,1623655250, 1, 2215, 3066, 2517, 232, 13.00%, 0, 2, 4, 21.12, 962365
AFLfast,xmllint,12,1623655276, 1, 2215, 3067, 2518, 232, 13.00%, 0, 2, 4, 12.34, 962657
AFLfast,xmllint,12,1623655359, 1, 2215, 3068, 2519, 232, 13.00%, 0, 2, 4, 14.49, 963937
AFLfast,xmllint,12,1623655390, 1, 2215, 3069, 2520, 232, 13.00%, 0, 2, 4, 18.99, 964408
AFLfast,xmllint,12,1623655478, 1, 2215, 3070, 2521, 232, 13.00%, 0, 2, 4, 22.76, 966390
AFLfast,xmllint,12,1623655493, 1, 2215, 3071, 2522, 232, 13.00%, 0, 2, 4, 19.55, 966642
AFLfast,xmllint,12,1623655529, 1, 2216, 3071, 2521, 233, 13.00%, 0, 2, 4, 26.79, 967099
AFLfast,xmllint,12,1623655555, 1, 2218, 3071, 2520, 232, 13.00%, 0, 2, 4, 33.38, 967693
AFLfast,xmllint,12,1623655576, 1, 2224, 3071, 2519, 231, 13.00%, 0, 2, 4, 3.39, 968148
AFLfast,xmllint,12,1623655602, 1, 2225, 3071, 2518, 230, 13.00%, 0, 2, 4, 42.58, 968647
AFLfast,xmllint,12,1623655618, 1, 2225, 3072, 2519, 230, 13.00%, 0, 2, 4, 22.47, 969021
AFLfast,xmllint,12,1623655628, 1, 2225, 3073, 2520, 230, 13.00%, 0, 2, 4, 16.86, 969189
AFLfast,xmllint,12,1623655633, 1, 2225, 3074, 2521, 230, 13.00%, 0, 2, 4, 16.81, 969276
AFLfast,xmllint,12,1623655643, 1, 2225, 3075, 2522, 230, 13.00%, 0, 2, 4, 18.75, 969486
AFLfast,xmllint,12,1623655691, 1, 2225, 3076, 2523, 230, 13.00%, 0, 2, 4, 11.75, 970045
AFLfast,xmllint,12,1623656051, 1, 2225, 3077, 2524, 230, 13.00%, 0, 2, 4, 15.24, 975006
AFLfast,xmllint,12,1623656079, 1, 2226, 3077, 2523, 230, 13.00%, 0, 2, 4, 0.27, 975247
AFLfast,xmllint,12,1623656090, 1, 2226, 3078, 2524, 230, 13.00%, 0, 2, 4, 6.81, 975328
AFLfast,xmllint,12,1623656152, 1, 2227, 3078, 2523, 229, 13.00%, 0, 2, 4, 2.82, 976113
AFLfast,xmllint,12,1623656178, 1, 2230, 3078, 2522, 228, 13.00%, 0, 2, 4, 22.44, 976560
AFLfast,xmllint,12,1623656189, 1, 2230, 3079, 2523, 228, 13.00%, 0, 2, 4, 16.83, 976740
AFLfast,xmllint,12,1623656267, 1, 2236, 3079, 2522, 228, 13.00%, 0, 2, 4, 19.11, 977893
AFLfast,xmllint,12,1623656277, 1, 2236, 3080, 2523, 228, 13.00%, 0, 2, 4, 23.71, 978149
AFLfast,xmllint,12,1623656282, 1, 2236, 3081, 2524, 228, 13.00%, 0, 2, 4, 24.60, 978276
AFLfast,xmllint,12,1623656315, 1, 2236, 3082, 2525, 228, 13.00%, 0, 2, 4, 32.98, 979119
AFLfast,xmllint,12,1623656330, 1, 2236, 3083, 2526, 228, 13.00%, 0, 2, 4, 4.92, 979308
AFLfast,xmllint,12,1623656475, 1, 2236, 3084, 2527, 228, 13.00%, 0, 2, 4, 18.21, 981267
AFLfast,xmllint,12,1623656660, 1, 2236, 3085, 2528, 228, 13.00%, 0, 2, 4, 15.57, 983739
AFLfast,xmllint,12,1623656744, 1, 2247, 3085, 2527, 228, 13.00%, 0, 2, 4, 19.05, 984619
AFLfast,xmllint,12,1623656749, 1, 2247, 3087, 2529, 228, 13.00%, 0, 2, 4, 20.08, 984728
AFLfast,xmllint,12,1623656754, 1, 2247, 3088, 2530, 228, 13.00%, 0, 2, 4, 18.82, 984823
AFLfast,xmllint,12,1623656760, 1, 2247, 3089, 2531, 228, 13.00%, 0, 2, 4, 19.08, 984923
AFLfast,xmllint,12,1623656770, 1, 2247, 3090, 2532, 228, 13.00%, 0, 2, 4, 16.12, 985090
AFLfast,xmllint,12,1623656848, 1, 2247, 3091, 2533, 228, 13.01%, 0, 2, 4, 5.16, 985849
AFLfast,xmllint,12,1623656895, 1, 2247, 3092, 2534, 228, 13.01%, 0, 2, 4, 6.76, 986143
AFLfast,xmllint,12,1623656967, 1, 2247, 3093, 2535, 228, 13.01%, 0, 2, 4, 20.43, 987017
AFLfast,xmllint,12,1623657117, 1, 2247, 3094, 2536, 228, 13.01%, 0, 2, 4, 17.22, 989639
AFLfast,xmllint,12,1623657179, 1, 2247, 3095, 2537, 228, 13.02%, 0, 2, 4, 20.57, 990639
AFLfast,xmllint,12,1623657215, 1, 2250, 3095, 2536, 229, 13.02%, 0, 2, 4, 25.42, 991323
AFLfast,xmllint,12,1623657241, 1, 2250, 3096, 2537, 229, 13.02%, 0, 2, 4, 17.92, 991630
AFLfast,xmllint,12,1623657256, 1, 2250, 3097, 2538, 229, 13.02%, 0, 2, 4, 17.25, 991891
AFLfast,xmllint,12,1623657304, 1, 2250, 3099, 2540, 229, 13.02%, 0, 2, 4, 13.89, 992667
AFLfast,xmllint,12,1623657367, 1, 2250, 3100, 2541, 229, 13.02%, 0, 2, 4, 7.86, 993196
AFLfast,xmllint,12,1623657423, 1, 2250, 3101, 2542, 229, 13.02%, 0, 2, 4, 21.36, 993737
AFLfast,xmllint,12,1623657444, 1, 2250, 3102, 2543, 229, 13.02%, 0, 2, 4, 23.15, 994202
AFLfast,xmllint,12,1623657449, 1, 2250, 3103, 2544, 229, 13.02%, 0, 2, 4, 20.38, 994297
AFLfast,xmllint,12,1623657529, 1, 2250, 3104, 2545, 229, 13.02%, 0, 2, 4, 6.20, 994732
AFLfast,xmllint,12,1623657566, 1, 2250, 3105, 2546, 229, 13.02%, 0, 2, 4, 20.96, 995333
AFLfast,xmllint,12,1623657571, 1, 2250, 3106, 2547, 229, 13.02%, 0, 2, 4, 22.69, 995455
AFLfast,xmllint,12,1623657772, 1, 2257, 3106, 2546, 230, 13.02%, 0, 2, 4, 24.29, 998119
AFLfast,xmllint,12,1623657829, 1, 2260, 3106, 2545, 229, 13.02%, 0, 2, 4, 26.77, 998885
AFLfast,xmllint,12,1623657850, 1, 2261, 3106, 2544, 228, 13.02%, 0, 2, 4, 23.03, 999339
AFLfast,xmllint,12,1623657865, 1, 2262, 3106, 2543, 227, 13.02%, 0, 2, 4, 28.29, 999778
AFLfast,xmllint,12,1623657876, 1, 2262, 3107, 2544, 227, 13.02%, 0, 2, 4, 31.33, 1000117
AFLfast,xmllint,12,1623657897, 1, 2263, 3107, 2543, 226, 13.02%, 0, 2, 4, 2.67, 1000636
AFLfast,xmllint,12,1623657937, 1, 2264, 3107, 2542, 225, 13.02%, 0, 2, 4, 27.03, 1001323
AFLfast,xmllint,12,1623657963, 1, 2267, 3107, 2541, 224, 13.02%, 0, 2, 4, 40.79, 1001790
AFLfast,xmllint,12,1623657973, 1, 2267, 3108, 2542, 224, 13.02%, 0, 2, 4, 16.66, 1001957
AFLfast,xmllint,12,1623657979, 1, 2267, 3109, 2543, 224, 13.02%, 0, 2, 4, 21.23, 1002077
AFLfast,xmllint,12,1623658019, 1, 2267, 3110, 2544, 224, 13.02%, 0, 2, 4, 12.57, 1002722
AFLfast,xmllint,12,1623658061, 1, 2267, 3111, 2545, 224, 13.02%, 0, 2, 4, 19.25, 1003181
AFLfast,xmllint,12,1623658066, 1, 2267, 3112, 2546, 224, 13.02%, 0, 2, 4, 18.92, 1003279
AFLfast,xmllint,12,1623658102, 1, 2267, 3113, 2547, 224, 13.02%, 0, 2, 4, 22.67, 1003971
AFLfast,xmllint,12,1623658118, 1, 2267, 3114, 2548, 224, 13.02%, 0, 2, 4, 15.11, 1004277
AFLfast,xmllint,12,1623658144, 1, 2267, 3115, 2549, 224, 13.03%, 0, 2, 4, 6.44, 1004479
AFLfast,xmllint,12,1623658252, 1, 2267, 3116, 2550, 224, 13.03%, 0, 2, 4, 29.26, 1005571
AFLfast,xmllint,12,1623658257, 1, 2267, 3117, 2551, 224, 13.03%, 0, 2, 4, 27.86, 1005712
AFLfast,xmllint,12,1623658397, 1, 2267, 3118, 2552, 224, 13.03%, 0, 2, 4, 21.91, 1007502
AFLfast,xmllint,12,1623658402, 1, 2267, 3119, 2553, 224, 13.03%, 0, 2, 4, 22.47, 1007615
AFLfast,xmllint,12,1623658473, 1, 2268, 3119, 2552, 229, 13.03%, 0, 2, 4, 0.18, 1008450
AFLfast,xmllint,12,1623658514, 1, 2269, 3119, 2551, 228, 13.03%, 0, 2, 4, 29.02, 1008904
AFLfast,xmllint,12,1623658540, 1, 2272, 3119, 2550, 227, 13.03%, 0, 2, 4, 31.79, 1009406
AFLfast,xmllint,12,1623658555, 1, 2273, 3119, 2549, 226, 13.03%, 0, 2, 4, 26.97, 1009744
AFLfast,xmllint,12,1623658566, 1, 2273, 3120, 2550, 226, 13.03%, 0, 2, 4, 24.63, 1009999
AFLfast,xmllint,12,1623658613, 1, 2279, 3120, 2549, 226, 13.03%, 0, 2, 4, 0.71, 1010546
AFLfast,xmllint,12,1623658639, 1, 2279, 3121, 2550, 226, 13.03%, 0, 2, 4, 9.75, 1010811
AFLfast,xmllint,12,1623658680, 1, 2280, 3121, 2549, 226, 13.03%, 0, 2, 4, 0.86, 1011548
AFLfast,xmllint,12,1623658701, 1, 2283, 3121, 2548, 226, 13.03%, 0, 2, 4, 38.42, 1012166
AFLfast,xmllint,12,1623658706, 1, 2283, 3122, 2549, 226, 13.03%, 0, 2, 4, 33.73, 1012326
AFLfast,xmllint,12,1623658711, 1, 2283, 3123, 2550, 226, 13.03%, 0, 2, 4, 29.75, 1012471
AFLfast,xmllint,12,1623658737, 1, 2283, 3124, 2551, 226, 13.04%, 0, 2, 4, 10.62, 1012724
AFLfast,xmllint,12,1623658789, 1, 2283, 3125, 2552, 226, 13.04%, 0, 2, 4, 20.72, 1013466
AFLfast,xmllint,12,1623658799, 1, 2283, 3127, 2554, 226, 13.04%, 0, 2, 4, 14.51, 1013640
AFLfast,xmllint,12,1623658851, 1, 2283, 3128, 2555, 226, 13.04%, 0, 2, 4, 7.46, 1014186
AFLfast,xmllint,12,1623658871, 1, 2283, 3130, 2557, 226, 13.04%, 0, 2, 4, 10.79, 1014409
AFLfast,xmllint,12,1623658902, 1, 2283, 3131, 2558, 226, 13.04%, 0, 2, 4, 11.79, 1014637
AFLfast,xmllint,12,1623658938, 1, 2283, 3132, 2559, 226, 13.04%, 0, 2, 4, 17.93, 1015043
AFLfast,xmllint,12,1623659053, 1, 2283, 3133, 2560, 226, 13.04%, 0, 2, 4, 19.97, 1016103
AFLfast,xmllint,12,1623659068, 1, 2283, 3134, 2561, 226, 13.04%, 0, 2, 4, 25.43, 1016468
AFLfast,xmllint,12,1623659089, 1, 2283, 3135, 2562, 226, 13.04%, 0, 2, 4, 9.91, 1016755
AFLfast,xmllint,12,1623659162, 1, 2283, 3136, 2563, 226, 13.04%, 0, 2, 4, 9.93, 1017271
AFLfast,xmllint,12,1623659204, 1, 2283, 3137, 2564, 226, 13.04%, 0, 2, 4, 19.74, 1017991
AFLfast,xmllint,12,1623659282, 1, 2283, 3138, 2565, 226, 13.04%, 0, 2, 4, 9.74, 1018838
AFLfast,xmllint,12,1623659292, 1, 2283, 3139, 2566, 226, 13.04%, 0, 2, 4, 11.86, 1018961
AFLfast,xmllint,12,1623659297, 1, 2285, 3139, 2565, 227, 13.04%, 0, 2, 4, 1.05, 1018999
AFLfast,xmllint,12,1623659318, 1, 2285, 3140, 2566, 227, 13.04%, 0, 2, 4, 6.94, 1019237
AFLfast,xmllint,12,1623659381, 1, 2291, 3140, 2565, 226, 13.04%, 0, 2, 4, 33.46, 1019929
AFLfast,xmllint,12,1623659401, 1, 2296, 3140, 2564, 225, 13.04%, 0, 2, 4, 6.80, 1020216
AFLfast,xmllint,12,1623659437, 1, 2299, 3140, 2563, 224, 13.04%, 0, 2, 4, 1.26, 1020688
AFLfast,xmllint,12,1623659458, 1, 2299, 3142, 2565, 224, 13.05%, 0, 2, 4, 16.88, 1021070
AFLfast,xmllint,12,1623659463, 1, 2299, 3143, 2566, 224, 13.05%, 0, 2, 4, 17.08, 1021160
AFLfast,xmllint,12,1623659478, 1, 2299, 3144, 2567, 224, 13.05%, 0, 2, 4, 21.02, 1021482
AFLfast,xmllint,12,1623659494, 1, 2299, 3145, 2568, 224, 13.05%, 0, 2, 4, 16.99, 1021809
AFLfast,xmllint,12,1623659500, 1, 2299, 3146, 2569, 224, 13.05%, 0, 2, 4, 0.80, 1021852
AFLfast,xmllint,12,1623659552, 1, 2299, 3147, 2570, 224, 13.05%, 0, 2, 4, 7.39, 1022421
AFLfast,xmllint,12,1623659584, 1, 2299, 3148, 2571, 224, 13.05%, 0, 2, 4, 17.60, 1022750
AFLfast,xmllint,12,1623659605, 1, 2299, 3149, 2572, 224, 13.06%, 0, 2, 4, 16.69, 1023084
AFLfast,xmllint,12,1623659635, 1, 2299, 3150, 2573, 224, 13.06%, 0, 2, 4, 15.63, 1023571
AFLfast,xmllint,12,1623659681, 1, 2299, 3151, 2574, 224, 13.06%, 0, 2, 4, 2.73, 1023963
AFLfast,xmllint,12,1623659842, 1, 2302, 3151, 2573, 226, 13.06%, 0, 2, 4, 23.50, 1025805
AFLfast,xmllint,12,1623659878, 1, 2302, 3152, 2574, 226, 13.07%, 0, 2, 4, 25.52, 1026665
AFLfast,xmllint,12,1623659981, 1, 2309, 3152, 2573, 226, 13.07%, 0, 2, 4, 0.42, 1027576
AFLfast,xmllint,12,1623659997, 1, 2309, 3153, 2574, 226, 13.07%, 0, 2, 4, 16.76, 1027880
AFLfast,xmllint,12,1623660002, 1, 2309, 3154, 2575, 226, 13.08%, 0, 2, 4, 19.12, 1027981
AFLfast,xmllint,12,1623660044, 1, 2309, 3155, 2576, 226, 13.08%, 0, 2, 4, 6.53, 1028518
AFLfast,xmllint,12,1623660131, 1, 2309, 3156, 2577, 226, 13.08%, 0, 2, 4, 18.33, 1029359
AFLfast,xmllint,12,1623660220, 1, 2309, 3157, 2578, 226, 13.08%, 0, 2, 4, 7.72, 1030236
AFLfast,xmllint,12,1623660361, 1, 2312, 3157, 2577, 226, 13.08%, 0, 2, 4, 0.20, 1032689
AFLfast,xmllint,12,1623660383, 1, 2315, 3157, 2576, 225, 13.08%, 0, 2, 4, 0.54, 1033115
AFLfast,xmllint,12,1623660435, 1, 2316, 3157, 2575, 225, 13.08%, 0, 2, 4, 15.43, 1033935
AFLfast,xmllint,12,1623660471, 1, 2317, 3157, 2574, 224, 13.08%, 0, 2, 4, 24.19, 1034644
AFLfast,xmllint,12,1623660506, 1, 2323, 3157, 2573, 223, 13.08%, 0, 2, 4, 23.22, 1035337
AFLfast,xmllint,12,1623660534, 1, 2324, 3157, 2572, 222, 13.08%, 0, 2, 4, 0.51, 1035759
AFLfast,xmllint,12,1623660570, 1, 2324, 3158, 2573, 222, 13.08%, 0, 2, 4, 7.80, 1036096
AFLfast,xmllint,12,1623660648, 1, 2324, 3159, 2574, 222, 13.08%, 0, 2, 4, 16.72, 1037049
AFLfast,xmllint,12,1623660809, 1, 2328, 3159, 2573, 221, 13.08%, 0, 2, 4, 2.24, 1039128
AFLfast,xmllint,12,1623660840, 1, 2328, 3160, 2574, 221, 13.08%, 0, 2, 4, 7.42, 1039384
AFLfast,xmllint,12,1623660896, 1, 2329, 3160, 2573, 221, 13.08%, 0, 2, 4, 20.82, 1040058
AFLfast,xmllint,12,1623660912, 1, 2329, 3161, 2574, 221, 13.08%, 0, 2, 4, 18.67, 1040367
AFLfast,xmllint,12,1623660967, 1, 2330, 3161, 2573, 220, 13.08%, 0, 2, 4, 0.47, 1040952
AFLfast,xmllint,12,1623661008, 1, 2331, 3161, 2572, 219, 13.08%, 0, 2, 4, 31.00, 1041601
AFLfast,xmllint,12,1623661029, 1, 2332, 3161, 2571, 218, 13.08%, 0, 2, 4, 1.61, 1042051
AFLfast,xmllint,12,1623661065, 1, 2333, 3161, 2570, 217, 13.08%, 0, 2, 4, 23.11, 1043031
AFLfast,xmllint,12,1623661091, 1, 2333, 3162, 2571, 217, 13.08%, 0, 2, 4, 26.87, 1043563
AFLfast,xmllint,12,1623661112, 1, 2333, 3163, 2572, 217, 13.08%, 0, 2, 4, 21.03, 1043996
AFLfast,xmllint,12,1623661133, 1, 2333, 3164, 2573, 217, 13.08%, 0, 2, 4, 18.05, 1044327
AFLfast,xmllint,12,1623661274, 1, 2333, 3165, 2574, 217, 13.08%, 0, 2, 4, 20.92, 1046558
AFLfast,xmllint,12,1623661291, 1, 2334, 3166, 2574, 216, 13.08%, 0, 2, 4, 0.65, 1046878
AFLfast,xmllint,12,1623661322, 1, 2334, 3167, 2575, 216, 13.08%, 0, 2, 4, 4.83, 1047189
AFLfast,xmllint,12,1623661410, 1, 2338, 3167, 2574, 215, 13.08%, 0, 2, 4, 28.54, 1047893
AFLfast,xmllint,12,1623661441, 1, 2339, 3167, 2573, 214, 13.08%, 0, 2, 4, 0.50, 1048398
AFLfast,xmllint,12,1623661504, 1, 2341, 3167, 2572, 213, 13.08%, 0, 2, 4, 6.29, 1048908
AFLfast,xmllint,12,1623661540, 1, 2341, 3168, 2573, 213, 13.08%, 0, 2, 4, 19.65, 1049487
AFLfast,xmllint,12,1623661576, 1, 2341, 3169, 2574, 213, 13.08%, 0, 2, 4, 14.82, 1050000
AFLfast,xmllint,12,1623661613, 1, 2341, 3170, 2575, 213, 13.08%, 0, 2, 4, 10.57, 1050357
AFLfast,xmllint,12,1623661629, 1, 2341, 3171, 2576, 213, 13.08%, 0, 2, 4, 6.11, 1050467
AFLfast,xmllint,12,1623661754, 1, 2341, 3172, 2577, 213, 13.09%, 0, 2, 4, 13.60, 1051760
AFLfast,xmllint,12,1623661785, 1, 2341, 3173, 2578, 213, 13.09%, 0, 2, 4, 15.18, 1052082
AFLfast,xmllint,12,1623661790, 1, 2341, 3174, 2579, 213, 13.09%, 0, 2, 4, 16.30, 1052169
AFLfast,xmllint,12,1623661815, 1, 2341, 3175, 2580, 213, 13.09%, 0, 2, 4, 16.07, 1052646
AFLfast,xmllint,12,1623661836, 1, 2341, 3176, 2581, 213, 13.09%, 0, 2, 4, 12.42, 1052916
AFLfast,xmllint,12,1623661857, 1, 2341, 3177, 2582, 213, 13.09%, 0, 2, 4, 8.21, 1053075
AFLfast,xmllint,12,1623661900, 1, 2341, 3178, 2583, 213, 13.09%, 0, 2, 4, 17.32, 1053551
AFLfast,xmllint,12,1623661931, 1, 2347, 3178, 2582, 216, 13.09%, 0, 2, 4, 11.37, 1054078
AFLfast,xmllint,12,1623661993, 1, 2353, 3178, 2581, 215, 13.09%, 0, 2, 4, 19.63, 1054861
AFLfast,xmllint,12,1623662008, 1, 2353, 3179, 2582, 215, 13.09%, 0, 2, 4, 18.70, 1055196
AFLfast,xmllint,12,1623662023, 1, 2353, 3180, 2583, 215, 13.09%, 0, 2, 4, 19.33, 1055451
AFLfast,xmllint,12,1623662034, 1, 2353, 3181, 2584, 215, 13.09%, 0, 2, 4, 13.47, 1055589
AFLfast,xmllint,12,1623662129, 1, 2353, 3182, 2585, 215, 13.09%, 0, 2, 4, 6.99, 1056231
AFLfast,xmllint,12,1623662134, 1, 2353, 3183, 2586, 215, 13.09%, 0, 2, 4, 6.96, 1056267
AFLfast,xmllint,12,1623662175, 1, 2353, 3184, 2587, 215, 13.09%, 0, 2, 4, 10.84, 1056638
AFLfast,xmllint,12,1623662201, 1, 2353, 3185, 2588, 215, 13.09%, 0, 2, 4, 10.08, 1056913
AFLfast,xmllint,12,1623662222, 1, 2353, 3186, 2589, 215, 13.10%, 0, 2, 4, 7.19, 1057065
AFLfast,xmllint,12,1623662322, 1, 2353, 3187, 2590, 215, 13.10%, 0, 2, 4, 15.86, 1057984
AFLfast,xmllint,12,1623662327, 1, 2353, 3188, 2591, 215, 13.10%, 0, 2, 4, 15.77, 1058066
AFLfast,xmllint,12,1623662332, 1, 2353, 3189, 2592, 215, 13.10%, 0, 2, 4, 15.16, 1058142
AFLfast,xmllint,12,1623662363, 1, 2353, 3190, 2593, 215, 13.10%, 0, 2, 4, 4.83, 1058308
AFLfast,xmllint,12,1623662425, 1, 2353, 3191, 2594, 215, 13.10%, 0, 2, 4, 9.70, 1058730
AFLfast,xmllint,12,1623662456, 1, 2353, 3192, 2595, 215, 13.10%, 0, 2, 4, 7.87, 1058967
AFLfast,xmllint,12,1623662557, 1, 2357, 3192, 2594, 217, 13.10%, 0, 2, 4, 0.42, 1060122
AFLfast,xmllint,12,1623662588, 1, 2361, 3192, 2593, 216, 13.10%, 0, 2, 4, 24.97, 1061004
AFLfast,xmllint,12,1623662609, 1, 2361, 3193, 2594, 216, 13.10%, 0, 2, 4, 21.01, 1061443
AFLfast,xmllint,12,1623662640, 1, 2361, 3194, 2595, 216, 13.10%, 0, 2, 4, 20.34, 1062071
AFLfast,xmllint,12,1623662650, 1, 2361, 3195, 2596, 216, 13.10%, 0, 2, 4, 16.76, 1062238
AFLfast,xmllint,12,1623662708, 1, 2361, 3196, 2597, 216, 13.10%, 0, 2, 4, 10.08, 1062844
AFLfast,xmllint,12,1623662713, 1, 2361, 3197, 2598, 216, 13.10%, 0, 2, 4, 10.69, 1062902
AFLfast,xmllint,12,1623662770, 1, 2361, 3199, 2600, 216, 13.11%, 0, 2, 4, 17.20, 1063560
AFLfast,xmllint,12,1623662781, 1, 2361, 3200, 2601, 216, 13.11%, 0, 2, 4, 22.28, 1063797
AFLfast,xmllint,12,1623662952, 1, 2361, 3201, 2602, 216, 13.11%, 0, 2, 4, 22.34, 1065863
AFLfast,xmllint,12,1623663024, 1, 2361, 3202, 2603, 216, 13.11%, 0, 2, 4, 14.74, 1066688
AFLfast,xmllint,12,1623663123, 1, 2366, 3202, 2602, 218, 13.11%, 0, 2, 4, 24.49, 1067902
AFLfast,xmllint,12,1623663211, 1, 2372, 3202, 2601, 217, 13.11%, 0, 2, 4, 9.49, 1068998
AFLfast,xmllint,12,1623663226, 1, 2372, 3203, 2602, 217, 13.11%, 0, 2, 4, 20.32, 1069304
AFLfast,xmllint,12,1623663327, 1, 2380, 3203, 2601, 216, 13.11%, 0, 2, 4, 24.89, 1070404
AFLfast,xmllint,12,1623663338, 1, 2380, 3205, 2603, 216, 13.11%, 0, 2, 4, 23.66, 1070655
AFLfast,xmllint,12,1623663358, 1, 2380, 3206, 2604, 216, 13.11%, 0, 2, 4, 13.84, 1070977
AFLfast,xmllint,12,1623663368, 1, 2380, 3207, 2605, 216, 13.11%, 0, 2, 4, 14.87, 1071129
AFLfast,xmllint,12,1623663410, 1, 2380, 3208, 2606, 216, 13.11%, 0, 2, 4, 13.48, 1071707
AFLfast,xmllint,12,1623663511, 1, 2380, 3209, 2607, 216, 13.11%, 0, 2, 4, 14.17, 1073151
AFLfast,xmllint,12,1623663562, 1, 2380, 3210, 2608, 216, 13.11%, 0, 2, 4, 16.28, 1073830
AFLfast,xmllint,12,1623663760, 1, 2380, 3211, 2609, 216, 13.11%, 0, 2, 4, 9.36, 1076441
AFLfast,xmllint,12,1623663796, 1, 2380, 3212, 2610, 216, 13.11%, 0, 2, 4, 0.18, 1076765
AFLfast,xmllint,12,1623663848, 1, 2384, 3212, 2609, 216, 13.11%, 0, 2, 4, 0.37, 1077172
AFLfast,xmllint,12,1623663886, 1, 2384, 3213, 2610, 216, 13.11%, 0, 2, 4, 0.34, 1077761
AFLfast,xmllint,12,1623663891, 1, 2384, 3215, 2612, 216, 13.12%, 0, 2, 4, 14.84, 1077832
AFLfast,xmllint,12,1623663896, 1, 2384, 3216, 2613, 216, 13.12%, 0, 2, 4, 12.93, 1077896
AFLfast,xmllint,12,1623663907, 1, 2384, 3217, 2614, 216, 13.12%, 0, 2, 4, 9.51, 1077978
AFLfast,xmllint,12,1623663932, 1, 2384, 3218, 2615, 216, 13.13%, 0, 2, 4, 6.47, 1078207
AFLfast,xmllint,12,1623664181, 1, 2384, 3219, 2616, 216, 13.13%, 0, 2, 4, 26.38, 1081260
AFLfast,xmllint,12,1623664262, 1, 2389, 3219, 2615, 217, 13.13%, 0, 2, 4, 0.27, 1082362
AFLfast,xmllint,12,1623664293, 1, 2390, 3219, 2614, 216, 13.13%, 0, 2, 4, 29.62, 1082988
AFLfast,xmllint,12,1623664325, 1, 2392, 3219, 2613, 215, 13.13%, 0, 2, 4, 12.01, 1083416
AFLfast,xmllint,12,1623664346, 1, 2392, 3221, 2615, 215, 13.13%, 0, 2, 4, 19.52, 1083799
AFLfast,xmllint,12,1623664392, 1, 2392, 3222, 2616, 215, 13.13%, 0, 2, 4, 19.45, 1084453
AFLfast,xmllint,12,1623664484, 1, 2392, 3223, 2617, 215, 13.13%, 0, 2, 4, 11.51, 1085359
AFLfast,xmllint,12,1623664504, 1, 2392, 3224, 2618, 215, 13.13%, 0, 2, 4, 17.88, 1085644
AFLfast,xmllint,12,1623664567, 1, 2392, 3225, 2619, 215, 13.13%, 0, 2, 4, 7.07, 1086459
AFLfast,xmllint,12,1623664829, 1, 2392, 3226, 2620, 215, 13.13%, 0, 2, 4, 17.15, 1089851
AFLfast,xmllint,12,1623664861, 1, 2395, 3226, 2619, 216, 13.13%, 0, 2, 4, 0.10, 1090158
AFLfast,xmllint,12,1623664923, 1, 2396, 3226, 2618, 215, 13.13%, 0, 2, 4, 1.40, 1091229
AFLfast,xmllint,12,1623664944, 1, 2396, 3227, 2619, 215, 13.13%, 0, 2, 4, 28.08, 1091812
AFLfast,xmllint,12,1623664949, 1, 2396, 3228, 2620, 215, 13.13%, 0, 2, 4, 29.41, 1091971
AFLfast,xmllint,12,1623664975, 1, 2396, 3229, 2621, 215, 13.13%, 0, 2, 4, 14.26, 1092529
AFLfast,xmllint,12,1623664985, 1, 2396, 3230, 2622, 215, 13.13%, 0, 2, 4, 23.47, 1092754
AFLfast,xmllint,12,1623665006, 1, 2396, 3231, 2623, 215, 13.13%, 0, 2, 4, 10.80, 1092965
AFLfast,xmllint,12,1623665047, 1, 2396, 3232, 2624, 215, 13.13%, 0, 2, 4, 9.72, 1093362
AFLfast,xmllint,12,1623665089, 1, 2396, 3233, 2625, 215, 13.13%, 0, 2, 4, 6.31, 1093672
AFLfast,xmllint,12,1623665111, 1, 2396, 3235, 2627, 215, 13.13%, 0, 2, 4, 17.36, 1093928
AFLfast,xmllint,12,1623665149, 1, 2396, 3236, 2628, 215, 13.13%, 0, 2, 4, 1.26, 1094549
AFLfast,xmllint,12,1623665211, 1, 2396, 3237, 2629, 215, 13.13%, 0, 2, 4, 6.54, 1095295
AFLfast,xmllint,12,1623665226, 1, 2396, 3238, 2630, 215, 13.13%, 0, 2, 4, 7.75, 1095409
AFLfast,xmllint,12,1623665321, 1, 2398, 3238, 2629, 215, 13.13%, 0, 2, 4, 0.35, 1096404
AFLfast,xmllint,12,1623665399, 1, 2404, 3238, 2628, 214, 13.13%, 0, 2, 4, 14.28, 1097212
AFLfast,xmllint,12,1623665425, 1, 2404, 3240, 2630, 214, 13.13%, 0, 2, 4, 23.99, 1097771
AFLfast,xmllint,12,1623665430, 1, 2404, 3241, 2631, 214, 13.13%, 0, 2, 4, 23.12, 1097891
AFLfast,xmllint,12,1623665668, 1, 2417, 3241, 2630, 214, 13.13%, 0, 2, 4, 26.73, 1100684
AFLfast,xmllint,12,1623665683, 1, 2417, 3242, 2631, 214, 13.13%, 0, 2, 4, 21.78, 1101045
AFLfast,xmllint,12,1623665688, 1, 2417, 3243, 2632, 214, 13.15%, 0, 2, 4, 20.93, 1101155
AFLfast,xmllint,12,1623665694, 1, 2417, 3244, 2633, 214, 13.15%, 0, 2, 4, 22.93, 1101278
AFLfast,xmllint,12,1623665709, 1, 2417, 3246, 2635, 214, 13.15%, 0, 2, 4, 29.32, 1101711
AFLfast,xmllint,12,1623665730, 1, 2417, 3247, 2636, 214, 13.16%, 0, 2, 4, 13.05, 1102089
AFLfast,xmllint,12,1623665766, 1, 2417, 3248, 2637, 214, 13.16%, 0, 2, 4, 14.18, 1102616
AFLfast,xmllint,12,1623665776, 1, 2417, 3250, 2639, 214, 13.16%, 0, 2, 4, 14.88, 1102766
AFLfast,xmllint,12,1623665810, 1, 2417, 3251, 2640, 214, 13.16%, 0, 2, 4, 30.21, 1103411
AFLfast,xmllint,12,1623665815, 1, 2417, 3253, 2642, 214, 13.16%, 0, 2, 4, 31.62, 1103577
AFLfast,xmllint,12,1623665910, 1, 2419, 3253, 2641, 215, 13.16%, 0, 2, 4, 0.48, 1105864
AFLfast,xmllint,12,1623665936, 1, 2421, 3253, 2640, 214, 13.16%, 0, 2, 4, 1.34, 1106659
AFLfast,xmllint,12,1623665952, 1, 2421, 3254, 2641, 214, 13.16%, 0, 2, 4, 30.77, 1107163
AFLfast,xmllint,12,1623665982, 1, 2421, 3255, 2642, 214, 13.16%, 0, 2, 4, 20.71, 1108074
AFLfast,xmllint,12,1623666003, 1, 2421, 3256, 2643, 214, 13.16%, 0, 2, 4, 30.92, 1108698
AFLfast,xmllint,12,1623666029, 1, 2421, 3257, 2644, 214, 13.16%, 0, 2, 4, 12.26, 1109038
AFLfast,xmllint,12,1623666039, 1, 2421, 3258, 2645, 214, 13.16%, 0, 2, 4, 14.13, 1109183
AFLfast,xmllint,12,1623666055, 1, 2421, 3259, 2646, 214, 13.16%, 0, 2, 4, 26.99, 1109524
AFLfast,xmllint,12,1623666065, 1, 2421, 3260, 2647, 214, 13.16%, 0, 2, 4, 29.34, 1109831
AFLfast,xmllint,12,1623666091, 1, 2421, 3261, 2648, 214, 13.16%, 0, 2, 4, 29.58, 1110548
AFLfast,xmllint,12,1623666107, 1, 2421, 3262, 2649, 214, 13.16%, 0, 2, 4, 30.41, 1110994
AFLfast,xmllint,12,1623666115, 1, 2421, 3264, 2651, 214, 13.16%, 0, 2, 4, 0.57, 1111077
AFLfast,xmllint,12,1623666161, 1, 2421, 3265, 2652, 214, 13.16%, 0, 2, 4, 14.50, 1111756
AFLfast,xmllint,12,1623666172, 1, 2424, 3266, 2652, 216, 13.17%, 0, 2, 4, 16.39, 1111908
AFLfast,xmllint,12,1623666203, 1, 2428, 3266, 2651, 215, 13.17%, 0, 2, 4, 37.64, 1112913
AFLfast,xmllint,12,1623666234, 1, 2429, 3266, 2650, 214, 13.17%, 0, 2, 4, 22.46, 1113818
AFLfast,xmllint,12,1623666250, 1, 2429, 3267, 2651, 214, 13.17%, 0, 2, 4, 31.53, 1114278
AFLfast,xmllint,12,1623666255, 1, 2429, 3268, 2652, 214, 13.17%, 0, 2, 4, 32.01, 1114448
AFLfast,xmllint,12,1623666322, 1, 2429, 3270, 2654, 214, 13.17%, 0, 2, 4, 28.04, 1116239
AFLfast,xmllint,12,1623666328, 1, 2429, 3271, 2655, 214, 13.17%, 0, 2, 4, 30.43, 1116405
AFLfast,xmllint,12,1623666343, 1, 2429, 3272, 2656, 214, 13.17%, 0, 2, 4, 31.80, 1116885
AFLfast,xmllint,12,1623666364, 1, 2429, 3273, 2657, 214, 13.17%, 0, 2, 4, 32.58, 1117515
AFLfast,xmllint,12,1623666369, 1, 2429, 3274, 2658, 214, 13.17%, 0, 2, 4, 33.23, 1117687
AFLfast,xmllint,12,1623666436, 1, 2430, 3274, 2657, 214, 13.17%, 0, 2, 4, 0.66, 1118871
AFLfast,xmllint,12,1623666451, 1, 2430, 3275, 2658, 214, 13.17%, 0, 2, 4, 31.27, 1119368
AFLfast,xmllint,12,1623666505, 1, 2431, 3275, 2657, 213, 13.17%, 0, 2, 4, 25.30, 1120806
AFLfast,xmllint,12,1623666515, 1, 2431, 3276, 2658, 213, 13.17%, 0, 2, 4, 33.97, 1121176
AFLfast,xmllint,12,1623666536, 1, 2433, 3276, 2657, 213, 13.17%, 0, 2, 4, 30.25, 1121813
AFLfast,xmllint,12,1623666547, 1, 2439, 3276, 2656, 212, 13.17%, 0, 2, 4, 4.67, 1122140
AFLfast,xmllint,12,1623666568, 1, 2453, 3276, 2655, 211, 13.17%, 0, 2, 4, 28.42, 1122682
AFLfast,xmllint,12,1623666573, 1, 2453, 3278, 2657, 211, 13.17%, 0, 2, 4, 33.18, 1122871
AFLfast,xmllint,12,1623666578, 1, 2453, 3279, 2658, 211, 13.17%, 0, 2, 4, 33.92, 1123052
AFLfast,xmllint,12,1623666588, 1, 2453, 3281, 2660, 211, 13.17%, 0, 2, 4, 34.73, 1123409
AFLfast,xmllint,12,1623666662, 1, 2453, 3282, 2661, 211, 13.17%, 0, 2, 4, 16.21, 1124697
AFLfast,xmllint,12,1623666708, 1, 2453, 3283, 2662, 211, 13.17%, 0, 2, 4, 32.92, 1125495
AFLfast,xmllint,12,1623666819, 1, 2453, 3284, 2663, 211, 13.17%, 0, 2, 4, 33.12, 1127900
AFLfast,xmllint,12,1623666853, 1, 2453, 3285, 2664, 211, 13.17%, 0, 2, 4, 32.44, 1128749
AFLfast,xmllint,12,1623666879, 1, 2454, 3285, 2663, 214, 13.17%, 0, 2, 4, 21.69, 1129411
AFLfast,xmllint,12,1623666928, 1, 2455, 3285, 2662, 213, 13.17%, 0, 2, 4, 0.60, 1130392
AFLfast,xmllint,12,1623666938, 1, 2455, 3286, 2663, 213, 13.17%, 0, 2, 4, 33.05, 1130740
AFLfast,xmllint,12,1623666959, 1, 2458, 3286, 2662, 213, 13.17%, 0, 2, 4, 26.23, 1131264
AFLfast,xmllint,12,1623666975, 1, 2461, 3286, 2661, 212, 13.17%, 0, 2, 4, 30.84, 1131754
AFLfast,xmllint,12,1623666990, 1, 2463, 3286, 2660, 211, 13.17%, 0, 2, 4, 38.13, 1132275
AFLfast,xmllint,12,1623667000, 1, 2463, 3287, 2661, 211, 13.17%, 0, 2, 4, 32.83, 1132596
AFLfast,xmllint,12,1623667010, 1, 2463, 3288, 2662, 211, 13.17%, 0, 2, 4, 32.74, 1132932
AFLfast,xmllint,12,1623667041, 1, 2463, 3289, 2663, 211, 13.17%, 0, 2, 4, 28.76, 1133594
AFLfast,xmllint,12,1623667062, 1, 2463, 3290, 2664, 211, 13.17%, 0, 2, 4, 31.90, 1134257
AFLfast,xmllint,12,1623667170, 1, 2463, 3291, 2665, 211, 13.17%, 0, 2, 4, 31.68, 1137364
AFLfast,xmllint,12,1623667222, 1, 2464, 3291, 2664, 212, 13.17%, 0, 2, 4, 31.90, 1138925
AFLfast,xmllint,12,1623667238, 1, 2466, 3291, 2663, 211, 13.17%, 0, 2, 4, 1.44, 1139266
AFLfast,xmllint,12,1623667249, 1, 2466, 3292, 2664, 211, 13.17%, 0, 2, 4, 31.80, 1139610
AFLfast,xmllint,12,1623667269, 1, 2469, 3292, 2663, 211, 13.17%, 0, 2, 4, 27.28, 1140229
AFLfast,xmllint,12,1623667281, 1, 2472, 3292, 2662, 210, 13.17%, 0, 2, 4, 3.53, 1140561
AFLfast,xmllint,12,1623667297, 1, 2477, 3292, 2661, 209, 13.17%, 0, 2, 4, 38.02, 1141034
AFLfast,xmllint,12,1623667307, 1, 2477, 3293, 2662, 209, 13.17%, 0, 2, 4, 20.16, 1141248
AFLfast,xmllint,12,1623667317, 1, 2477, 3294, 2663, 209, 13.17%, 0, 2, 4, 16.60, 1141419
AFLfast,xmllint,12,1623667338, 1, 2477, 3295, 2664, 209, 13.17%, 0, 2, 4, 30.23, 1141941
AFLfast,xmllint,12,1623667343, 1, 2477, 3296, 2665, 209, 13.17%, 0, 2, 4, 30.83, 1142100
AFLfast,xmllint,12,1623667353, 1, 2477, 3297, 2666, 209, 13.17%, 0, 2, 4, 31.87, 1142403
AFLfast,xmllint,12,1623667540, 1, 2478, 3297, 2665, 209, 13.17%, 0, 2, 4, 39.86, 1147780
AFLfast,xmllint,12,1623667545, 1, 2478, 3298, 2666, 209, 13.17%, 0, 2, 4, 35.68, 1147948
AFLfast,xmllint,12,1623667561, 1, 2478, 3299, 2667, 209, 13.18%, 0, 2, 4, 32.18, 1148445
AFLfast,xmllint,12,1623667566, 1, 2478, 3300, 2668, 209, 13.18%, 0, 2, 4, 32.42, 1148609
AFLfast,xmllint,12,1623667581, 1, 2478, 3301, 2669, 209, 13.18%, 0, 2, 4, 31.73, 1149068
AFLfast,xmllint,12,1623667596, 1, 2478, 3302, 2670, 209, 13.18%, 0, 2, 4, 23.00, 1149509
AFLfast,xmllint,12,1623667690, 1, 2478, 3303, 2671, 209, 13.18%, 0, 2, 4, 32.32, 1151823
AFLfast,xmllint,12,1623667726, 1, 2505, 3303, 2670, 211, 13.18%, 0, 2, 4, 34.56, 1152777
AFLfast,xmllint,12,1623667744, 1, 2510, 3303, 2669, 210, 13.18%, 0, 2, 4, 1.69, 1153244
AFLfast,xmllint,12,1623667754, 1, 2510, 3304, 2670, 210, 13.18%, 0, 2, 4, 33.65, 1153614
AFLfast,xmllint,12,1623667782, 1, 2512, 3304, 2669, 210, 13.18%, 0, 2, 4, 2.19, 1154267
AFLfast,xmllint,12,1623667792, 1, 2512, 3305, 2670, 210, 13.18%, 0, 2, 4, 21.85, 1154504
AFLfast,xmllint,12,1623667797, 1, 2512, 3306, 2671, 210, 13.18%, 0, 2, 4, 22.43, 1154619
AFLfast,xmllint,12,1623667802, 1, 2512, 3307, 2672, 210, 13.18%, 0, 2, 4, 23.53, 1154744
AFLfast,xmllint,12,1623667813, 1, 2512, 3308, 2673, 210, 13.18%, 0, 2, 4, 24.86, 1154999
AFLfast,xmllint,12,1623667833, 1, 2512, 3309, 2674, 210, 13.18%, 0, 2, 4, 24.80, 1155504
AFLfast,xmllint,12,1623667854, 1, 2512, 3310, 2675, 210, 13.18%, 0, 2, 4, 11.26, 1155722
AFLfast,xmllint,12,1623667890, 1, 2512, 3311, 2676, 210, 13.18%, 0, 2, 4, 19.39, 1156183
AFLfast,xmllint,12,1623667916, 1, 2512, 3312, 2677, 210, 13.18%, 0, 2, 4, 19.22, 1156713
AFLfast,xmllint,12,1623667993, 1, 2512, 3313, 2678, 210, 13.18%, 0, 2, 4, 21.36, 1158181
AFLfast,xmllint,12,1623668025, 1, 2512, 3314, 2679, 210, 13.18%, 0, 2, 4, 17.87, 1158836
AFLfast,xmllint,12,1623668062, 1, 2513, 3314, 2678, 209, 13.18%, 0, 2, 4, 2.17, 1159458
AFLfast,xmllint,12,1623668072, 1, 2513, 3316, 2680, 209, 13.18%, 0, 2, 4, 36.13, 1159845
AFLfast,xmllint,12,1623668131, 1, 2513, 3317, 2681, 209, 13.18%, 0, 2, 4, 30.06, 1161309
AFLfast,xmllint,12,1623668137, 1, 2513, 3318, 2682, 209, 13.18%, 0, 2, 4, 31.01, 1161473
AFLfast,xmllint,12,1623668206, 1, 2513, 3319, 2683, 209, 13.18%, 0, 2, 4, 29.53, 1163079
AFLfast,xmllint,12,1623668234, 1, 2513, 3320, 2684, 209, 13.18%, 0, 2, 4, 1.57, 1163816
AFLfast,xmllint,12,1623668273, 1, 2522, 3320, 2683, 209, 13.18%, 0, 2, 4, 0.34, 1164631
AFLfast,xmllint,12,1623668283, 1, 2522, 3322, 2685, 209, 13.18%, 0, 2, 4, 33.02, 1164977
AFLfast,xmllint,12,1623668288, 1, 2522, 3323, 2686, 209, 13.18%, 0, 2, 4, 31.10, 1165130
AFLfast,xmllint,12,1623668294, 1, 2522, 3324, 2687, 209, 13.18%, 0, 2, 4, 30.74, 1165291
AFLfast,xmllint,12,1623668361, 1, 2522, 3325, 2688, 209, 13.19%, 0, 2, 4, 14.06, 1166837
AFLfast,xmllint,12,1623668391, 1, 2522, 3326, 2689, 209, 13.19%, 0, 2, 4, 29.85, 1167492
AFLfast,xmllint,12,1623668417, 1, 2522, 3327, 2690, 209, 13.19%, 0, 2, 4, 30.40, 1168217
AFLfast,xmllint,12,1623668438, 1, 2522, 3328, 2691, 209, 13.19%, 0, 2, 4, 8.24, 1168803
AFLfast,xmllint,12,1623668471, 1, 2522, 3329, 2692, 209, 13.19%, 0, 2, 4, 27.49, 1169373
AFLfast,xmllint,12,1623668481, 1, 2522, 3330, 2693, 209, 13.19%, 0, 2, 4, 30.55, 1169683
AFLfast,xmllint,12,1623668486, 1, 2522, 3332, 2695, 209, 13.19%, 0, 2, 4, 30.24, 1169836
AFLfast,xmllint,12,1623668496, 1, 2522, 3334, 2697, 209, 13.19%, 0, 2, 4, 29.02, 1170098
AFLfast,xmllint,12,1623668572, 1, 2529, 3335, 2697, 213, 13.19%, 0, 2, 4, 0.94, 1171438
AFLfast,xmllint,12,1623668603, 1, 2539, 3335, 2696, 212, 13.19%, 0, 2, 4, 0.68, 1172204
AFLfast,xmllint,12,1623668613, 1, 2539, 3336, 2697, 212, 13.19%, 0, 2, 4, 30.38, 1172538
AFLfast,xmllint,12,1623668650, 1, 2540, 3336, 2696, 211, 13.19%, 0, 2, 4, 12.25, 1173535
AFLfast,xmllint,12,1623668660, 1, 2540, 3337, 2697, 211, 13.19%, 0, 2, 4, 28.22, 1173807
AFLfast,xmllint,12,1623668665, 1, 2540, 3338, 2698, 211, 13.19%, 0, 2, 4, 31.72, 1173978
AFLfast,xmllint,12,1623668707, 1, 2541, 3338, 2697, 210, 13.19%, 0, 2, 4, 31.83, 1175264
AFLfast,xmllint,12,1623668722, 1, 2551, 3338, 2696, 209, 13.19%, 0, 2, 4, 19.83, 1175622
AFLfast,xmllint,12,1623668748, 1, 2552, 3338, 2695, 208, 13.19%, 0, 2, 4, 30.70, 1176285
AFLfast,xmllint,12,1623668753, 1, 2552, 3339, 2696, 208, 13.19%, 0, 2, 4, 32.66, 1176460
AFLfast,xmllint,12,1623668815, 1, 2553, 3339, 2695, 207, 13.19%, 0, 2, 4, 38.65, 1178245
AFLfast,xmllint,12,1623668846, 1, 2556, 3339, 2694, 206, 13.19%, 0, 2, 4, 38.02, 1179200
AFLfast,xmllint,12,1623668887, 1, 2557, 3339, 2693, 205, 13.19%, 0, 2, 4, 31.39, 1180483
AFLfast,xmllint,12,1623668913, 1, 2561, 3339, 2692, 204, 13.19%, 0, 2, 4, 38.87, 1181319
AFLfast,xmllint,12,1623668928, 1, 2561, 3340, 2693, 204, 13.19%, 0, 2, 4, 33.40, 1181823
AFLfast,xmllint,12,1623668954, 1, 2566, 3340, 2692, 204, 13.19%, 0, 2, 4, 45.55, 1182637
AFLfast,xmllint,12,1623668980, 1, 2566, 3343, 2695, 204, 13.19%, 0, 2, 4, 38.31, 1183783
AFLfast,xmllint,12,1623668990, 1, 2566, 3344, 2696, 204, 13.19%, 0, 2, 4, 18.18, 1183942
AFLfast,xmllint,12,1623668995, 1, 2566, 3346, 2698, 204, 13.19%, 0, 2, 4, 16.54, 1184024
AFLfast,xmllint,12,1623669006, 1, 2566, 3347, 2699, 204, 13.19%, 0, 2, 4, 15.39, 1184181
AFLfast,xmllint,12,1623669016, 1, 2566, 3348, 2700, 204, 13.19%, 0, 2, 4, 15.61, 1184340
AFLfast,xmllint,12,1623669041, 1, 2566, 3349, 2701, 204, 13.19%, 0, 2, 4, 15.97, 1184749
AFLfast,xmllint,12,1623669057, 1, 2566, 3350, 2702, 204, 13.19%, 0, 2, 4, 15.03, 1184832
AFLfast,xmllint,12,1623669062, 1, 2566, 3351, 2703, 204, 13.19%, 0, 2, 4, 14.83, 1184911
AFLfast,xmllint,12,1623669072, 1, 2566, 3352, 2704, 204, 13.19%, 0, 2, 4, 15.15, 1185067
AFLfast,xmllint,12,1623669077, 1, 2566, 3354, 2706, 204, 13.19%, 0, 2, 4, 16.85, 1185153
AFLfast,xmllint,12,1623669088, 1, 2566, 3355, 2707, 204, 13.19%, 0, 2, 4, 14.85, 1185305
AFLfast,xmllint,12,1623669136, 1, 2566, 3356, 2708, 204, 13.19%, 0, 2, 4, 27.09, 1185970
AFLfast,xmllint,12,1623669141, 1, 2566, 3357, 2709, 204, 13.20%, 0, 2, 4, 28.15, 1186115
AFLfast,xmllint,12,1623669146, 1, 2566, 3358, 2710, 204, 13.20%, 0, 2, 4, 29.07, 1186267
AFLfast,xmllint,12,1623669340, 1, 2579, 3358, 2709, 205, 13.20%, 0, 2, 4, 0.55, 1190351
AFLfast,xmllint,12,1623669371, 1, 2579, 3360, 2711, 205, 13.20%, 0, 2, 4, 29.50, 1191283
AFLfast,xmllint,12,1623669424, 1, 2579, 3361, 2712, 205, 13.20%, 0, 2, 4, 27.61, 1192454
AFLfast,xmllint,12,1623669441, 1, 2579, 3363, 2714, 205, 13.21%, 0, 2, 4, 28.07, 1192866
AFLfast,xmllint,12,1623669500, 1, 2579, 3364, 2715, 205, 13.21%, 0, 2, 4, 25.83, 1194021
AFLfast,xmllint,12,1623669516, 1, 2579, 3365, 2716, 205, 13.21%, 0, 2, 4, 27.42, 1194441
AFLfast,xmllint,12,1623669537, 1, 2579, 3366, 2717, 205, 13.21%, 0, 2, 4, 24.16, 1194943
AFLfast,xmllint,12,1623669578, 1, 2587, 3366, 2716, 208, 13.21%, 0, 2, 4, 0.59, 1195624
AFLfast,xmllint,12,1623669599, 1, 2588, 3366, 2715, 207, 13.21%, 0, 2, 4, 36.19, 1196303
AFLfast,xmllint,12,1623669614, 1, 2588, 3367, 2716, 207, 13.21%, 0, 2, 4, 32.50, 1196792
AFLfast,xmllint,12,1623669671, 1, 2588, 3368, 2717, 207, 13.21%, 0, 2, 4, 28.95, 1198321
AFLfast,xmllint,12,1623669733, 1, 2588, 3369, 2718, 207, 13.21%, 0, 2, 4, 30.07, 1199879
AFLfast,xmllint,12,1623669782, 1, 2589, 3369, 2717, 207, 13.21%, 0, 2, 4, 1.15, 1201219
AFLfast,xmllint,12,1623669792, 1, 2589, 3374, 2722, 207, 13.33%, 0, 2, 4, 30.73, 1201537
AFLfast,xmllint,12,1623669798, 1, 2589, 3378, 2726, 207, 13.33%, 0, 2, 4, 30.57, 1201698
AFLfast,xmllint,12,1623669803, 1, 2589, 3381, 2729, 207, 13.34%, 0, 2, 4, 29.89, 1201851
AFLfast,xmllint,12,1623669808, 1, 2589, 3384, 2732, 207, 13.35%, 0, 2, 4, 30.63, 1202012
AFLfast,xmllint,12,1623669813, 1, 2589, 3385, 2733, 207, 13.35%, 0, 2, 4, 30.34, 1202169
AFLfast,xmllint,12,1623669818, 1, 2589, 3386, 2734, 207, 13.35%, 0, 2, 4, 31.97, 1202329
AFLfast,xmllint,12,1623669824, 1, 2589, 3388, 2736, 207, 13.35%, 0, 2, 4, 31.03, 1202490
AFLfast,xmllint,12,1623669837, 1, 2589, 3391, 2739, 207, 13.35%, 0, 2, 4, 0.47, 1202598
AFLfast,xmllint,12,1623669842, 1, 2589, 3392, 2740, 207, 13.35%, 0, 2, 4, 27.56, 1202747
AFLfast,xmllint,12,1623669848, 1, 2589, 3395, 2743, 207, 13.35%, 0, 2, 4, 23.32, 1202869
AFLfast,xmllint,12,1623669853, 1, 2589, 3397, 2745, 207, 13.37%, 0, 2, 4, 17.75, 1202944
AFLfast,xmllint,12,1623669863, 1, 2589, 3400, 2748, 207, 13.37%, 0, 2, 4, 15.96, 1203101
AFLfast,xmllint,12,1623669868, 1, 2589, 3403, 2751, 207, 13.38%, 0, 2, 4, 15.78, 1203184
AFLfast,xmllint,12,1623669873, 1, 2589, 3404, 2752, 207, 13.38%, 0, 2, 4, 14.69, 1203258
AFLfast,xmllint,12,1623669894, 1, 2589, 3405, 2753, 207, 13.38%, 0, 2, 4, 14.39, 1203552
AFLfast,xmllint,12,1623669899, 1, 2589, 3406, 2754, 207, 13.38%, 0, 2, 4, 15.04, 1203630
AFLfast,xmllint,12,1623669937, 1, 2589, 3407, 2755, 207, 13.38%, 0, 2, 4, 14.98, 1204045
AFLfast,xmllint,12,1623669958, 1, 2589, 3408, 2756, 207, 13.38%, 0, 2, 4, 15.80, 1204369
AFLfast,xmllint,12,1623670055, 1, 2589, 3409, 2757, 207, 13.38%, 0, 2, 4, 15.09, 1205531
AFLfast,xmllint,12,1623670065, 1, 2589, 3410, 2758, 207, 13.38%, 0, 2, 4, 14.10, 1205679
AFLfast,xmllint,12,1623670093, 1, 2589, 3411, 2759, 207, 13.39%, 0, 2, 4, 14.66, 1205902
AFLfast,xmllint,12,1623670099, 1, 2589, 3412, 2760, 207, 13.39%, 0, 2, 4, 14.59, 1205977
AFLfast,xmllint,12,1623670109, 1, 2589, 3413, 2761, 207, 13.39%, 0, 2, 4, 14.33, 1206123
AFLfast,xmllint,12,1623670114, 1, 2589, 3414, 2762, 207, 13.40%, 0, 2, 4, 15.04, 1206203
AFLfast,xmllint,12,1623670160, 1, 2589, 3415, 2763, 207, 13.40%, 0, 2, 4, 14.54, 1206882
AFLfast,xmllint,12,1623670182, 1, 2589, 3416, 2764, 207, 13.40%, 0, 2, 4, 15.07, 1207125
AFLfast,xmllint,12,1623670187, 1, 2589, 3417, 2765, 207, 13.40%, 0, 2, 4, 15.78, 1207205
AFLfast,xmllint,12,1623670224, 1, 2589, 3418, 2766, 207, 13.40%, 0, 2, 4, 15.19, 1207752
AFLfast,xmllint,12,1623670250, 1, 2589, 3419, 2767, 207, 13.40%, 0, 2, 4, 15.25, 1208137
AFLfast,xmllint,12,1623670265, 1, 2589, 3422, 2770, 207, 13.40%, 0, 2, 4, 15.51, 1208364
AFLfast,xmllint,12,1623670270, 1, 2590, 3422, 2769, 219, 13.40%, 0, 2, 4, 20.03, 1208452
AFLfast,xmllint,12,1623670276, 1, 2590, 3423, 2770, 219, 13.40%, 0, 2, 4, 18.18, 1208547
AFLfast,xmllint,12,1623670281, 1, 2590, 3424, 2771, 219, 13.40%, 0, 2, 4, 15.37, 1208618
AFLfast,xmllint,12,1623670296, 1, 2590, 3425, 2772, 219, 13.40%, 0, 2, 4, 14.93, 1208847
AFLfast,xmllint,12,1623670337, 1, 2590, 3426, 2773, 219, 13.40%, 0, 2, 4, 15.60, 1209467
AFLfast,xmllint,12,1623670429, 1, 2590, 3427, 2774, 219, 13.40%, 0, 2, 4, 33.52, 1212004
AFLfast,xmllint,12,1623670445, 1, 2590, 3428, 2775, 219, 13.40%, 0, 2, 4, 32.65, 1212512
AFLfast,xmllint,12,1623670456, 1, 2590, 3429, 2776, 219, 13.40%, 0, 2, 4, 29.79, 1212792
AFLfast,xmllint,12,1623670523, 1, 2590, 3430, 2777, 219, 13.41%, 0, 2, 4, 27.56, 1214287
AFLfast,xmllint,12,1623670528, 1, 2590, 3431, 2778, 219, 13.41%, 0, 2, 4, 27.30, 1214428
AFLfast,xmllint,12,1623670538, 1, 2590, 3432, 2779, 219, 13.41%, 0, 2, 4, 27.52, 1214707
AFLfast,xmllint,12,1623670554, 1, 2590, 3433, 2780, 219, 13.41%, 0, 2, 4, 23.42, 1215015
AFLfast,xmllint,12,1623670564, 1, 2597, 3433, 2779, 219, 13.41%, 0, 2, 4, 21.38, 1215154
AFLfast,xmllint,12,1623670600, 1, 2599, 3433, 2778, 218, 13.41%, 0, 2, 4, 45.36, 1215981
AFLfast,xmllint,12,1623670626, 1, 2599, 3435, 2780, 218, 13.41%, 0, 2, 4, 31.81, 1216823
AFLfast,xmllint,12,1623670647, 1, 2599, 3436, 2781, 218, 13.41%, 0, 2, 4, 29.98, 1217428
AFLfast,xmllint,12,1623670787, 1, 2604, 3436, 2780, 219, 13.41%, 0, 2, 4, 30.09, 1221124
AFLfast,xmllint,12,1623670793, 1, 2604, 3437, 2781, 219, 13.41%, 0, 2, 4, 30.13, 1221278
AFLfast,xmllint,12,1623670823, 1, 2604, 3438, 2782, 219, 13.41%, 0, 2, 4, 31.71, 1222090
AFLfast,xmllint,12,1623670849, 1, 2604, 3439, 2783, 219, 13.41%, 0, 2, 4, 29.05, 1222810
AFLfast,xmllint,12,1623670877, 1, 2604, 3440, 2784, 219, 13.41%, 0, 2, 4, 13.89, 1223375
AFLfast,xmllint,12,1623670913, 1, 2604, 3441, 2785, 219, 13.41%, 0, 2, 4, 29.47, 1224234
AFLfast,xmllint,12,1623670950, 1, 2604, 3442, 2786, 219, 13.41%, 0, 2, 4, 28.84, 1225268
AFLfast,xmllint,12,1623670981, 1, 2604, 3444, 2788, 219, 13.41%, 0, 2, 4, 27.34, 1225856
AFLfast,xmllint,12,1623670992, 1, 2606, 3444, 2787, 219, 13.41%, 0, 2, 4, 0.63, 1226137
AFLfast,xmllint,12,1623671029, 1, 2609, 3444, 2786, 218, 13.41%, 0, 2, 4, 1.01, 1227221
AFLfast,xmllint,12,1623671055, 1, 2609, 3445, 2787, 218, 13.41%, 0, 2, 4, 28.83, 1227806
AFLfast,xmllint,12,1623671065, 1, 2609, 3446, 2788, 218, 13.41%, 0, 2, 4, 30.76, 1228124
AFLfast,xmllint,12,1623671139, 1, 2615, 3446, 2787, 219, 13.41%, 0, 2, 4, 1.17, 1229898
AFLfast,xmllint,12,1623671156, 1, 2617, 3446, 2786, 218, 13.41%, 0, 2, 4, 1.44, 1230418
AFLfast,xmllint,12,1623671198, 1, 2621, 3446, 2785, 217, 13.41%, 0, 2, 4, 0.87, 1231733
AFLfast,xmllint,12,1623671245, 1, 2623, 3446, 2784, 216, 13.41%, 0, 2, 4, 36.62, 1233199
AFLfast,xmllint,12,1623671265, 1, 2624, 3446, 2783, 215, 13.41%, 0, 2, 4, 38.39, 1233822
AFLfast,xmllint,12,1623671276, 1, 2624, 3447, 2784, 215, 13.41%, 0, 2, 4, 33.01, 1234158
AFLfast,xmllint,12,1623671333, 1, 2624, 3448, 2785, 215, 13.41%, 0, 2, 4, 28.72, 1235723
AFLfast,xmllint,12,1623671391, 1, 2624, 3449, 2786, 215, 13.41%, 0, 2, 4, 27.93, 1237164
AFLfast,xmllint,12,1623671458, 1, 2629, 3449, 2785, 215, 13.41%, 0, 2, 4, 33.28, 1238915
AFLfast,xmllint,12,1623671489, 1, 2629, 3450, 2786, 215, 13.42%, 0, 2, 4, 31.09, 1239883
AFLfast,xmllint,12,1623671499, 1, 2629, 3451, 2787, 215, 13.42%, 0, 2, 4, 27.33, 1240169
AFLfast,xmllint,12,1623671509, 1, 2629, 3452, 2788, 215, 13.42%, 0, 2, 4, 26.85, 1240458
AFLfast,xmllint,12,1623671582, 1, 2629, 3453, 2789, 215, 13.42%, 0, 2, 4, 29.23, 1242128
AFLfast,xmllint,12,1623671597, 1, 2629, 3454, 2790, 215, 13.42%, 0, 2, 4, 22.84, 1242494
AFLfast,xmllint,12,1623671618, 1, 2632, 3454, 2789, 217, 13.42%, 0, 2, 4, 35.13, 1242818
AFLfast,xmllint,12,1623671654, 1, 2633, 3454, 2788, 216, 13.42%, 0, 2, 4, 32.13, 1243934
AFLfast,xmllint,12,1623671690, 1, 2635, 3454, 2787, 215, 13.42%, 0, 2, 4, 36.43, 1245036
AFLfast,xmllint,12,1623671695, 1, 2635, 3455, 2788, 215, 13.42%, 0, 2, 4, 33.39, 1245202
AFLfast,xmllint,12,1623671700, 1, 2635, 3456, 2789, 215, 13.42%, 0, 2, 4, 32.03, 1245361
AFLfast,xmllint,12,1623671705, 1, 2635, 3457, 2790, 215, 13.42%, 0, 2, 4, 29.56, 1245520
AFLfast,xmllint,12,1623671732, 1, 2635, 3458, 2791, 215, 13.42%, 0, 2, 4, 32.84, 1246313
AFLfast,xmllint,12,1623671773, 1, 2635, 3460, 2793, 215, 13.42%, 0, 2, 4, 26.09, 1246994
AFLfast,xmllint,12,1623671783, 1, 2635, 3461, 2794, 215, 13.42%, 0, 2, 4, 31.42, 1247253
AFLfast,xmllint,12,1623671871, 1, 2635, 3462, 2795, 215, 13.43%, 0, 2, 4, 28.10, 1249352
AFLfast,xmllint,12,1623671897, 1, 2635, 3463, 2796, 215, 13.43%, 0, 2, 4, 28.82, 1250091
AFLfast,xmllint,12,1623671902, 1, 2636, 3463, 2795, 220, 13.43%, 0, 2, 4, 34.95, 1250227
AFLfast,xmllint,12,1623671933, 1, 2637, 3463, 2794, 219, 13.43%, 0, 2, 4, 24.99, 1250908
AFLfast,xmllint,12,1623671943, 1, 2637, 3464, 2795, 219, 13.43%, 0, 2, 4, 30.86, 1251240
AFLfast,xmllint,12,1623671979, 1, 2640, 3464, 2794, 220, 13.43%, 0, 2, 4, 38.61, 1252329
AFLfast,xmllint,12,1623671984, 1, 2640, 3468, 2798, 220, 13.43%, 0, 2, 4, 35.15, 1252505
AFLfast,xmllint,12,1623672005, 1, 2640, 3469, 2799, 220, 13.43%, 0, 2, 4, 15.29, 1252939
AFLfast,xmllint,12,1623672021, 1, 2640, 3470, 2800, 220, 13.43%, 0, 2, 4, 15.22, 1253177
AFLfast,xmllint,12,1623672062, 1, 2640, 3471, 2801, 220, 13.43%, 0, 2, 4, 26.33, 1253877
AFLfast,xmllint,12,1623672072, 1, 2640, 3473, 2803, 220, 13.43%, 0, 2, 4, 29.61, 1254185
AFLfast,xmllint,12,1623672088, 1, 2640, 3474, 2804, 220, 13.43%, 0, 2, 4, 28.91, 1254599
AFLfast,xmllint,12,1623672098, 1, 2640, 3475, 2805, 220, 13.43%, 0, 2, 4, 28.47, 1254886
AFLfast,xmllint,12,1623672103, 1, 2640, 3476, 2806, 220, 13.43%, 0, 2, 4, 28.04, 1255014
AFLfast,xmllint,12,1623672150, 1, 2640, 3477, 2807, 220, 13.43%, 0, 2, 4, 13.86, 1255783
AFLfast,xmllint,12,1623672186, 1, 2640, 3478, 2808, 220, 13.43%, 0, 2, 4, 26.72, 1256436
AFLfast,xmllint,12,1623672223, 1, 2643, 3478, 2807, 220, 13.43%, 0, 2, 4, 1.97, 1257411
AFLfast,xmllint,12,1623672249, 1, 2645, 3478, 2806, 219, 13.43%, 0, 2, 4, 36.19, 1258054
AFLfast,xmllint,12,1623672275, 1, 2648, 3478, 2805, 218, 13.43%, 0, 2, 4, 38.80, 1258871
AFLfast,xmllint,12,1623672285, 1, 2648, 3479, 2806, 218, 13.43%, 0, 2, 4, 31.83, 1259192
AFLfast,xmllint,12,1623672322, 1, 2654, 3479, 2805, 217, 13.43%, 0, 2, 4, 27.44, 1260112
AFLfast,xmllint,12,1623672337, 1, 2654, 3480, 2806, 217, 13.43%, 0, 2, 4, 33.36, 1260636
AFLfast,xmllint,12,1623672353, 1, 2654, 3481, 2807, 217, 13.43%, 0, 2, 4, 34.39, 1261176
AFLfast,xmllint,12,1623672415, 1, 2657, 3481, 2806, 218, 13.43%, 0, 2, 4, 24.05, 1262690
AFLfast,xmllint,12,1623672426, 1, 2657, 3482, 2807, 218, 13.43%, 0, 2, 4, 31.37, 1263035
AFLfast,xmllint,12,1623672467, 1, 2664, 3482, 2806, 217, 13.43%, 0, 2, 4, 30.71, 1264040
AFLfast,xmllint,12,1623672472, 1, 2664, 3483, 2807, 217, 13.43%, 0, 2, 4, 34.46, 1264234
AFLfast,xmllint,12,1623672498, 1, 2665, 3483, 2806, 216, 13.43%, 0, 2, 4, 0.65, 1264989
AFLfast,xmllint,12,1623672545, 1, 2667, 3483, 2805, 215, 13.43%, 0, 2, 4, 41.78, 1266331
AFLfast,xmllint,12,1623672591, 1, 2674, 3483, 2804, 214, 13.43%, 0, 2, 4, 30.44, 1267709
AFLfast,xmllint,12,1623672622, 1, 2678, 3483, 2803, 213, 13.43%, 0, 2, 4, 39.16, 1268678
AFLfast,xmllint,12,1623672632, 1, 2678, 3484, 2804, 213, 13.43%, 0, 2, 4, 32.03, 1269000
AFLfast,xmllint,12,1623672653, 1, 2682, 3484, 2803, 212, 13.43%, 0, 2, 4, 24.31, 1269559
AFLfast,xmllint,12,1623672658, 1, 2682, 3485, 2804, 212, 13.43%, 0, 2, 4, 22.64, 1269670
AFLfast,xmllint,12,1623672663, 1, 2682, 3489, 2808, 212, 13.43%, 0, 2, 4, 29.01, 1269834
AFLfast,xmllint,12,1623672673, 1, 2682, 3490, 2809, 212, 13.43%, 0, 2, 4, 31.16, 1270150
AFLfast,xmllint,12,1623672683, 1, 2682, 3491, 2810, 212, 13.43%, 0, 2, 4, 31.21, 1270474
AFLfast,xmllint,12,1623672704, 1, 2682, 3492, 2811, 212, 13.43%, 0, 2, 4, 29.86, 1271061
AFLfast,xmllint,12,1623672719, 1, 2682, 3493, 2812, 212, 13.43%, 0, 2, 4, 4.81, 1271496
AFLfast,xmllint,12,1623672793, 1, 2682, 3494, 2813, 212, 13.43%, 0, 2, 4, 15.53, 1272502
AFLfast,xmllint,12,1623672808, 1, 2682, 3495, 2814, 212, 13.43%, 0, 2, 4, 22.78, 1272774
AFLfast,xmllint,12,1623672818, 1, 2682, 3496, 2815, 212, 13.43%, 0, 2, 4, 30.44, 1273042
AFLfast,xmllint,12,1623672834, 1, 2682, 3497, 2816, 212, 13.43%, 0, 2, 4, 31.41, 1273530
AFLfast,xmllint,12,1623672849, 1, 2682, 3498, 2817, 212, 13.43%, 0, 2, 4, 29.31, 1273949
AFLfast,xmllint,12,1623672885, 1, 2687, 3498, 2816, 212, 13.43%, 0, 2, 4, 1.35, 1274672
AFLfast,xmllint,12,1623672916, 1, 2691, 3498, 2815, 211, 13.43%, 0, 2, 4, 39.37, 1275457
AFLfast,xmllint,12,1623672932, 1, 2691, 3499, 2816, 211, 13.43%, 0, 2, 4, 31.81, 1275948
AFLfast,xmllint,12,1623672958, 1, 2697, 3499, 2815, 210, 13.43%, 0, 2, 4, 2.92, 1276689
AFLfast,xmllint,12,1623672999, 1, 2699, 3499, 2814, 209, 13.43%, 0, 2, 4, 36.65, 1277871
AFLfast,xmllint,12,1623673030, 1, 2699, 3500, 2815, 209, 13.43%, 0, 2, 4, 29.22, 1278841
AFLfast,xmllint,12,1623673068, 1, 2701, 3500, 2814, 208, 13.43%, 0, 2, 4, 34.30, 1279789
AFLfast,xmllint,12,1623673089, 1, 2701, 3501, 2815, 208, 13.43%, 0, 2, 4, 30.97, 1280449
AFLfast,xmllint,12,1623673094, 1, 2701, 3504, 2818, 208, 13.43%, 0, 2, 4, 31.90, 1280615
AFLfast,xmllint,12,1623673145, 1, 2701, 3505, 2819, 208, 13.43%, 0, 2, 4, 28.79, 1281594
AFLfast,xmllint,12,1623673182, 1, 2701, 3506, 2820, 208, 13.43%, 0, 2, 4, 13.54, 1282554
AFLfast,xmllint,12,1623673203, 1, 2701, 3507, 2821, 208, 13.43%, 0, 2, 4, 16.21, 1283011
AFLfast,xmllint,12,1623673217, 1, 2701, 3509, 2823, 208, 13.43%, 0, 2, 4, 15.54, 1283119
AFLfast,xmllint,12,1623673248, 1, 2701, 3510, 2824, 208, 13.43%, 0, 2, 4, 25.10, 1283639
AFLfast,xmllint,12,1623673253, 1, 2701, 3511, 2825, 208, 13.43%, 0, 2, 4, 5.83, 1283719
AFLfast,xmllint,12,1623673279, 1, 2701, 3512, 2826, 208, 13.43%, 0, 2, 4, 3.08, 1284327
AFLfast,xmllint,12,1623673305, 1, 2708, 3512, 2825, 205, 13.43%, 0, 2, 4, 22.83, 1284943
AFLfast,xmllint,12,1623673357, 1, 2712, 3512, 2824, 204, 13.43%, 0, 2, 4, 25.20, 1286133
AFLfast,xmllint,12,1623673398, 1, 2715, 3512, 2823, 203, 13.43%, 0, 2, 4, 36.38, 1287468
AFLfast,xmllint,12,1623673413, 1, 2715, 3513, 2824, 203, 13.43%, 0, 2, 5, 33.14, 1287969
AFLfast,xmllint,12,1623673465, 1, 2716, 3513, 2823, 203, 13.43%, 0, 2, 5, 1.12, 1289095
AFLfast,xmllint,12,1623673492, 1, 2721, 3513, 2822, 202, 13.43%, 0, 2, 5, 6.30, 1289923
AFLfast,xmllint,12,1623673538, 1, 2726, 3513, 2821, 201, 13.43%, 0, 2, 5, 31.46, 1291243
AFLfast,xmllint,12,1623673559, 1, 2734, 3513, 2820, 200, 13.43%, 0, 2, 5, 31.47, 1291879
AFLfast,xmllint,12,1623673579, 1, 2736, 3513, 2819, 199, 13.43%, 0, 2, 5, 39.75, 1292571
AFLfast,xmllint,12,1623673584, 1, 2736, 3514, 2820, 199, 13.43%, 0, 2, 5, 35.60, 1292742
AFLfast,xmllint,12,1623673589, 1, 2736, 3516, 2822, 199, 13.44%, 0, 2, 5, 34.83, 1292921
AFLfast,xmllint,12,1623673615, 1, 2736, 3517, 2823, 199, 13.44%, 0, 2, 5, 0.69, 1293553
AFLfast,xmllint,12,1623673626, 1, 2736, 3518, 2824, 199, 13.44%, 0, 2, 5, 32.32, 1293894
AFLfast,xmllint,12,1623673750, 1, 2736, 3519, 2825, 199, 13.44%, 0, 2, 5, 31.47, 1296605
AFLfast,xmllint,12,1623673793, 1, 2738, 3519, 2824, 200, 13.44%, 0, 2, 5, 30.72, 1297465
AFLfast,xmllint,12,1623673850, 1, 2740, 3519, 2823, 199, 13.44%, 0, 2, 5, 35.13, 1299171
AFLfast,xmllint,12,1623673902, 1, 2743, 3519, 2822, 198, 13.44%, 0, 2, 5, 32.48, 1300854
AFLfast,xmllint,12,1623673974, 1, 2763, 3519, 2821, 197, 13.44%, 0, 2, 5, 5.83, 1303197
AFLfast,xmllint,12,1623673989, 1, 2763, 3520, 2822, 197, 13.44%, 0, 2, 5, 32.58, 1303714
AFLfast,xmllint,12,1623674026, 1, 2763, 3521, 2823, 197, 13.44%, 0, 2, 5, 29.55, 1304465
AFLfast,xmllint,12,1623674031, 1, 2763, 3522, 2824, 197, 13.44%, 0, 2, 5, 30.13, 1304617
AFLfast,xmllint,12,1623674036, 1, 2763, 3523, 2825, 197, 13.44%, 0, 2, 5, 29.66, 1304771
AFLfast,xmllint,12,1623674046, 1, 2763, 3524, 2826, 197, 13.44%, 0, 2, 5, 30.45, 1305084
AFLfast,xmllint,12,1623674126, 1, 2763, 3525, 2827, 197, 13.44%, 0, 2, 5, 27.90, 1306537
AFLfast,xmllint,12,1623674146, 1, 2763, 3527, 2829, 197, 13.44%, 0, 2, 5, 27.57, 1307117
AFLfast,xmllint,12,1623674219, 1, 2763, 3528, 2830, 197, 13.44%, 0, 2, 5, 25.07, 1308678
AFLfast,xmllint,12,1623674235, 1, 2763, 3529, 2831, 197, 13.44%, 0, 2, 5, 27.79, 1309113
AFLfast,xmllint,12,1623674261, 1, 2763, 3530, 2832, 197, 13.44%, 0, 2, 5, 14.54, 1309596
AFLfast,xmllint,12,1623674281, 1, 2764, 3530, 2831, 199, 13.44%, 0, 2, 5, 35.00, 1310064
AFLfast,xmllint,12,1623674302, 1, 2766, 3530, 2830, 199, 13.44%, 0, 2, 5, 33.10, 1310741
AFLfast,xmllint,12,1623674328, 1, 2774, 3530, 2829, 198, 13.44%, 0, 2, 5, 0.84, 1311585
AFLfast,xmllint,12,1623674338, 1, 2774, 3531, 2830, 198, 13.44%, 0, 2, 5, 33.14, 1311922
AFLfast,xmllint,12,1623674416, 1, 2793, 3531, 2829, 197, 13.44%, 0, 2, 5, 43.41, 1314154
AFLfast,xmllint,12,1623674441, 1, 2793, 3532, 2830, 197, 13.44%, 0, 2, 5, 32.33, 1314992
AFLfast,xmllint,12,1623674482, 1, 2800, 3532, 2829, 196, 13.44%, 0, 2, 5, 1.59, 1315828
AFLfast,xmllint,12,1623674487, 1, 2800, 3533, 2830, 196, 13.44%, 0, 2, 5, 32.82, 1315993
AFLfast,xmllint,12,1623674538, 1, 2805, 3533, 2829, 196, 13.44%, 0, 2, 5, 0.56, 1317479
AFLfast,xmllint,12,1623674577, 1, 2811, 3533, 2828, 195, 13.44%, 0, 2, 5, 0.69, 1318587
AFLfast,xmllint,12,1623674587, 1, 2811, 3534, 2829, 195, 13.44%, 0, 2, 5, 35.57, 1318972
AFLfast,xmllint,12,1623674649, 1, 2811, 3535, 2830, 195, 13.44%, 0, 2, 5, 29.30, 1320611
AFLfast,xmllint,12,1623674716, 1, 2830, 3535, 2829, 196, 13.44%, 0, 2, 5, 34.69, 1322297
AFLfast,xmllint,12,1623674721, 1, 2830, 3536, 2830, 196, 13.44%, 0, 2, 5, 34.24, 1322477
AFLfast,xmllint,12,1623674726, 1, 2830, 3537, 2831, 196, 13.44%, 0, 2, 5, 33.02, 1322646
AFLfast,xmllint,12,1623674731, 1, 2830, 3538, 2832, 196, 13.44%, 0, 2, 5, 32.37, 1322807
AFLfast,xmllint,12,1623674798, 1, 2830, 3539, 2833, 196, 13.44%, 0, 2, 5, 29.79, 1324367
AFLfast,xmllint,12,1623674803, 1, 2830, 3540, 2834, 196, 13.44%, 0, 2, 5, 25.10, 1324486
AFLfast,xmllint,12,1623674824, 1, 2830, 3541, 2835, 196, 13.44%, 0, 2, 5, 20.60, 1325057
AFLfast,xmllint,12,1623674856, 1, 2830, 3542, 2836, 196, 13.44%, 0, 2, 5, 26.50, 1325625
AFLfast,xmllint,12,1623674918, 1, 2830, 3543, 2837, 196, 13.45%, 0, 2, 5, 17.43, 1327320
AFLfast,xmllint,12,1623674934, 1, 2830, 3544, 2838, 196, 13.45%, 0, 2, 5, 30.27, 1327761
AFLfast,xmllint,12,1623674965, 1, 2830, 3545, 2839, 196, 13.45%, 0, 2, 5, 27.19, 1328662
AFLfast,xmllint,12,1623674976, 1, 2836, 3545, 2838, 198, 13.45%, 0, 2, 5, 4.72, 1328975
AFLfast,xmllint,12,1623675017, 1, 2836, 3546, 2839, 198, 13.45%, 0, 2, 5, 31.11, 1329855
AFLfast,xmllint,12,1623675037, 1, 2836, 3547, 2840, 198, 13.45%, 0, 2, 5, 31.15, 1330471
AFLfast,xmllint,12,1623675115, 1, 2837, 3547, 2839, 197, 13.45%, 0, 2, 5, 35.24, 1332426
AFLfast,xmllint,12,1623675125, 1, 2837, 3548, 2840, 197, 13.45%, 0, 2, 5, 20.33, 1332737
AFLfast,xmllint,12,1623675130, 1, 2837, 3549, 2841, 197, 13.45%, 0, 2, 5, 25.04, 1332876
AFLfast,xmllint,12,1623675135, 1, 2837, 3550, 2842, 197, 13.45%, 0, 2, 5, 27.18, 1333025
AFLfast,xmllint,12,1623675141, 1, 2837, 3552, 2844, 197, 13.55%, 0, 2, 5, 27.72, 1333172
AFLfast,xmllint,12,1623675146, 1, 2837, 3554, 2846, 197, 13.55%, 0, 2, 5, 19.54, 1333255
AFLfast,xmllint,12,1623675205, 1, 2837, 3556, 2848, 197, 13.56%, 0, 2, 5, 18.32, 1334070
AFLfast,xmllint,12,1623675226, 1, 2837, 3557, 2849, 197, 13.57%, 0, 2, 5, 27.35, 1334641
AFLfast,xmllint,12,1623675236, 1, 2837, 3559, 2851, 197, 13.57%, 0, 2, 5, 26.69, 1334886
AFLfast,xmllint,12,1623675246, 1, 2837, 3560, 2852, 197, 13.57%, 0, 2, 5, 27.18, 1335171
AFLfast,xmllint,12,1623675257, 1, 2837, 3562, 2854, 197, 13.57%, 0, 2, 5, 27.50, 1335455
AFLfast,xmllint,12,1623675298, 1, 2837, 3563, 2855, 197, 13.59%, 0, 2, 5, 12.99, 1336074
AFLfast,xmllint,12,1623675340, 1, 2837, 3564, 2856, 197, 13.59%, 0, 2, 5, 12.77, 1336602
AFLfast,xmllint,12,1623675376, 1, 2837, 3565, 2857, 197, 13.61%, 0, 2, 5, 26.50, 1337331
AFLfast,xmllint,12,1623675381, 1, 2837, 3566, 2858, 197, 13.61%, 0, 2, 5, 26.72, 1337469
AFLfast,xmllint,12,1623675391, 1, 2837, 3567, 2859, 197, 13.61%, 0, 2, 5, 26.46, 1337760
AFLfast,xmllint,12,1623675398, 1, 2837, 3568, 2860, 197, 13.61%, 0, 2, 5, 3.47, 1337892
AFLfast,xmllint,12,1623675439, 1, 2837, 3569, 2861, 197, 13.62%, 0, 2, 5, 12.66, 1338648
AFLfast,xmllint,12,1623675477, 1, 2852, 3569, 2860, 200, 13.62%, 0, 2, 5, 1.80, 1339331
AFLfast,xmllint,12,1623675492, 1, 2852, 3570, 2861, 200, 13.62%, 0, 2, 5, 29.22, 1339792
AFLfast,xmllint,12,1623675533, 1, 2852, 3571, 2862, 200, 13.62%, 0, 2, 5, 20.86, 1340768
AFLfast,xmllint,12,1623675638, 1, 2852, 3573, 2864, 200, 13.62%, 0, 2, 5, 26.88, 1343366
AFLfast,xmllint,12,1623675686, 1, 2852, 3574, 2865, 200, 13.62%, 0, 2, 5, 24.23, 1344349
AFLfast,xmllint,12,1623675716, 1, 2852, 3575, 2866, 200, 13.62%, 0, 2, 5, 25.69, 1345107
AFLfast,xmllint,12,1623675727, 1, 2852, 3577, 2868, 200, 13.62%, 0, 2, 5, 27.74, 1345386
AFLfast,xmllint,12,1623675742, 1, 2852, 3578, 2869, 200, 13.62%, 0, 2, 5, 16.37, 1345709
AFLfast,xmllint,12,1623675781, 1, 2852, 3579, 2870, 200, 13.62%, 0, 2, 5, 13.67, 1346139
AFLfast,xmllint,12,1623675786, 1, 2870, 3579, 2869, 199, 13.62%, 0, 2, 5, 17.99, 1346170
AFLfast,xmllint,12,1623675848, 1, 2870, 3581, 2871, 199, 13.62%, 0, 2, 5, 28.79, 1347908
AFLfast,xmllint,12,1623675885, 1, 2870, 3582, 2872, 199, 13.62%, 0, 2, 5, 27.34, 1348589
AFLfast,xmllint,12,1623675921, 1, 2870, 3583, 2873, 199, 13.62%, 0, 2, 5, 28.81, 1349607
AFLfast,xmllint,12,1623675978, 1, 2870, 3584, 2874, 199, 13.62%, 0, 2, 5, 27.86, 1350915
AFLfast,xmllint,12,1623675989, 1, 2870, 3585, 2875, 199, 13.62%, 0, 2, 5, 27.67, 1351211
AFLfast,xmllint,12,1623676020, 1, 2870, 3586, 2876, 199, 13.62%, 0, 2, 5, 13.59, 1351811
AFLfast,xmllint,12,1623676061, 1, 2870, 3587, 2877, 199, 13.62%, 0, 2, 5, 27.84, 1352698
AFLfast,xmllint,12,1623676072, 1, 2871, 3587, 2876, 199, 13.62%, 0, 2, 5, 26.32, 1352967
AFLfast,xmllint,12,1623676165, 1, 2885, 3587, 2875, 198, 13.62%, 0, 2, 5, 31.65, 1355664
AFLfast,xmllint,12,1623676254, 1, 2886, 3587, 2874, 197, 13.62%, 0, 2, 5, 39.88, 1358208
AFLfast,xmllint,12,1623676265, 1, 2886, 3588, 2875, 197, 13.62%, 0, 2, 5, 33.58, 1358575
AFLfast,xmllint,12,1623676286, 1, 2886, 3589, 2876, 197, 13.62%, 0, 2, 5, 25.87, 1359196
AFLfast,xmllint,12,1623676332, 1, 2886, 3590, 2877, 197, 13.62%, 0, 2, 5, 29.10, 1360272
AFLfast,xmllint,12,1623676482, 1, 2886, 3591, 2878, 197, 13.62%, 0, 2, 5, 28.69, 1364376
AFLfast,xmllint,12,1623676513, 1, 2890, 3591, 2877, 199, 13.62%, 0, 2, 5, 33.06, 1365034
AFLfast,xmllint,12,1623676544, 1, 2895, 3591, 2876, 198, 13.62%, 0, 2, 5, 38.94, 1365981
AFLfast,xmllint,12,1623676596, 1, 2895, 3592, 2877, 198, 13.62%, 0, 2, 5, 31.19, 1367589
AFLfast,xmllint,12,1623676611, 1, 2895, 3593, 2878, 198, 13.62%, 0, 2, 5, 29.89, 1368067
AFLfast,xmllint,12,1623676643, 1, 2895, 3594, 2879, 198, 13.62%, 0, 2, 5, 24.29, 1368715
AFLfast,xmllint,12,1623676735, 1, 2895, 3595, 2880, 198, 13.62%, 0, 2, 5, 32.46, 1371397
AFLfast,xmllint,12,1623676767, 1, 2895, 3596, 2881, 198, 13.62%, 0, 2, 5, 30.31, 1372357
AFLfast,xmllint,12,1623676788, 1, 2901, 3596, 2880, 200, 13.62%, 0, 2, 5, 35.93, 1372659
AFLfast,xmllint,12,1623676798, 1, 2901, 3597, 2881, 200, 13.63%, 0, 2, 5, 30.63, 1372979
AFLfast,xmllint,12,1623676808, 1, 2901, 3598, 2882, 200, 13.63%, 0, 2, 5, 29.94, 1373282
AFLfast,xmllint,12,1623676834, 1, 2901, 3599, 2883, 200, 13.63%, 0, 2, 5, 27.77, 1373986
AFLfast,xmllint,12,1623676839, 1, 2901, 3600, 2884, 200, 13.63%, 0, 2, 5, 28.34, 1374134
AFLfast,xmllint,12,1623676844, 1, 2901, 3601, 2885, 200, 13.63%, 0, 2, 5, 27.99, 1374279
AFLfast,xmllint,12,1623676855, 1, 2901, 3602, 2886, 200, 13.63%, 0, 2, 5, 15.68, 1374443
AFLfast,xmllint,12,1623676870, 1, 2901, 3603, 2887, 200, 13.63%, 0, 2, 5, 12.99, 1374648
AFLfast,xmllint,12,1623676881, 1, 2901, 3604, 2888, 200, 13.63%, 0, 2, 5, 12.93, 1374782
AFLfast,xmllint,12,1623676918, 1, 2901, 3605, 2889, 200, 13.63%, 0, 2, 5, 13.29, 1375144
AFLfast,xmllint,12,1623676929, 1, 2901, 3606, 2890, 200, 13.63%, 0, 2, 5, 19.61, 1375323
AFLfast,xmllint,12,1623676934, 1, 2901, 3607, 2891, 200, 13.63%, 0, 2, 5, 22.93, 1375448
AFLfast,xmllint,12,1623676944, 1, 2901, 3608, 2892, 200, 13.63%, 0, 2, 5, 26.89, 1375732
AFLfast,xmllint,12,1623676949, 1, 2901, 3610, 2894, 200, 13.63%, 0, 2, 5, 27.09, 1375876
AFLfast,xmllint,12,1623676954, 1, 2901, 3611, 2895, 200, 13.63%, 0, 2, 5, 27.65, 1376020
AFLfast,xmllint,12,1623676970, 1, 2901, 3612, 2896, 200, 13.63%, 0, 2, 5, 24.98, 1376352
AFLfast,xmllint,12,1623677023, 1, 2901, 3613, 2897, 200, 13.63%, 0, 2, 5, 11.42, 1377124
AFLfast,xmllint,12,1623677038, 1, 2901, 3614, 2898, 200, 13.63%, 0, 2, 5, 11.96, 1377312
AFLfast,xmllint,12,1623677069, 1, 2901, 3615, 2899, 200, 13.63%, 0, 2, 5, 20.39, 1377740
AFLfast,xmllint,12,1623677079, 1, 2904, 3615, 2898, 200, 13.63%, 0, 2, 5, 34.51, 1378019
AFLfast,xmllint,12,1623677105, 1, 2904, 3616, 2899, 200, 13.66%, 0, 2, 5, 31.97, 1378828
AFLfast,xmllint,12,1623677142, 1, 2906, 3616, 2898, 200, 13.66%, 0, 2, 5, 30.40, 1379632
AFLfast,xmllint,12,1623677172, 1, 2908, 3616, 2897, 199, 13.66%, 0, 2, 5, 38.54, 1380585
AFLfast,xmllint,12,1623677214, 1, 2908, 3617, 2898, 199, 13.66%, 0, 2, 5, 28.89, 1381889
AFLfast,xmllint,12,1623677286, 1, 2910, 3617, 2897, 199, 13.66%, 0, 2, 5, 39.12, 1383919
AFLfast,xmllint,12,1623677312, 1, 2913, 3617, 2896, 198, 13.66%, 0, 2, 5, 35.27, 1384704
AFLfast,xmllint,12,1623677343, 1, 2915, 3617, 2895, 197, 13.66%, 0, 2, 5, 33.89, 1385697
AFLfast,xmllint,12,1623677374, 1, 2919, 3617, 2894, 196, 13.66%, 0, 2, 5, 30.90, 1386649
AFLfast,xmllint,12,1623677394, 1, 2919, 3618, 2895, 196, 13.66%, 0, 2, 5, 30.63, 1387274
AFLfast,xmllint,12,1623677477, 1, 2919, 3619, 2896, 196, 13.66%, 0, 2, 5, 29.92, 1389586
AFLfast,xmllint,12,1623677492, 1, 2919, 3620, 2897, 196, 13.66%, 0, 2, 5, 27.41, 1390023
AFLfast,xmllint,12,1623677502, 1, 2919, 3621, 2898, 196, 13.66%, 0, 2, 5, 29.89, 1390329
AFLfast,xmllint,12,1623677616, 1, 2920, 3621, 2897, 196, 13.66%, 0, 2, 5, 23.14, 1393275
AFLfast,xmllint,12,1623677627, 1, 2920, 3622, 2898, 196, 13.69%, 0, 2, 5, 31.28, 1393623
AFLfast,xmllint,12,1623677632, 1, 2920, 3623, 2899, 196, 13.69%, 0, 2, 5, 31.71, 1393784
AFLfast,xmllint,12,1623677652, 1, 2920, 3624, 2900, 196, 13.70%, 0, 2, 5, 30.95, 1394422
AFLfast,xmllint,12,1623677657, 1, 2920, 3625, 2901, 196, 13.70%, 0, 2, 5, 25.64, 1394540
AFLfast,xmllint,12,1623677673, 1, 2920, 3627, 2903, 196, 13.70%, 0, 2, 5, 19.34, 1394913
AFLfast,xmllint,12,1623677729, 1, 2920, 3629, 2905, 196, 13.70%, 0, 2, 5, 27.11, 1395827
AFLfast,xmllint,12,1623677777, 1, 2920, 3630, 2906, 196, 13.71%, 0, 2, 5, 29.90, 1397190
AFLfast,xmllint,12,1623677782, 1, 2920, 3631, 2907, 196, 13.71%, 0, 2, 5, 24.15, 1397311
AFLfast,xmllint,12,1623677901, 1, 2921, 3631, 2906, 199, 13.71%, 0, 2, 5, 40.96, 1400081
AFLfast,xmllint,12,1623677963, 1, 2923, 3631, 2905, 198, 13.71%, 0, 2, 5, 1.91, 1401868
AFLfast,xmllint,12,1623678009, 1, 2926, 3631, 2904, 197, 13.71%, 0, 2, 5, 2.80, 1403219
AFLfast,xmllint,12,1623678020, 1, 2926, 3632, 2905, 197, 13.71%, 0, 2, 5, 31.31, 1403557
AFLfast,xmllint,12,1623678050, 1, 2926, 3633, 2906, 197, 13.71%, 0, 2, 5, 26.06, 1404421
AFLfast,xmllint,12,1623678081, 1, 2926, 3634, 2907, 197, 13.71%, 0, 2, 5, 27.36, 1405060
AFLfast,xmllint,12,1623678086, 1, 2926, 3635, 2908, 197, 13.71%, 0, 2, 5, 29.13, 1405213
AFLfast,xmllint,12,1623678091, 1, 2926, 3636, 2909, 197, 13.71%, 0, 2, 5, 29.03, 1405363
AFLfast,xmllint,12,1623678190, 1, 2926, 3637, 2910, 197, 13.71%, 0, 2, 5, 25.09, 1407733
AFLfast,xmllint,12,1623678205, 1, 2926, 3638, 2911, 197, 13.71%, 0, 2, 5, 30.16, 1408197
AFLfast,xmllint,12,1623678281, 1, 2928, 3638, 2910, 198, 13.71%, 0, 2, 5, 32.93, 1410108
AFLfast,xmllint,12,1623678323, 1, 2932, 3638, 2909, 197, 13.71%, 0, 2, 5, 29.02, 1411304
AFLfast,xmllint,12,1623678328, 1, 2932, 3639, 2910, 197, 13.71%, 0, 2, 5, 32.93, 1411489
AFLfast,xmllint,12,1623678333, 1, 2932, 3640, 2911, 197, 13.71%, 0, 2, 5, 31.16, 1411644
AFLfast,xmllint,12,1623678395, 1, 2932, 3641, 2912, 197, 13.71%, 0, 2, 5, 30.35, 1413235
AFLfast,xmllint,12,1623678416, 1, 2932, 3642, 2913, 197, 13.71%, 0, 2, 5, 29.57, 1413812
AFLfast,xmllint,12,1623678437, 1, 2932, 3643, 2914, 197, 13.71%, 0, 2, 5, 27.14, 1414430
AFLfast,xmllint,12,1623678525, 1, 2932, 3644, 2915, 197, 13.71%, 0, 2, 5, 22.93, 1416450
AFLfast,xmllint,12,1623678588, 1, 2933, 3644, 2914, 197, 13.71%, 0, 2, 5, 29.81, 1418103
AFLfast,xmllint,12,1623678613, 1, 2935, 3644, 2913, 196, 13.71%, 0, 2, 5, 1.50, 1418876
AFLfast,xmllint,12,1623678696, 1, 2936, 3644, 2912, 195, 13.71%, 0, 2, 5, 35.64, 1421404
AFLfast,xmllint,12,1623678706, 1, 2936, 3645, 2913, 195, 13.71%, 0, 2, 5, 32.90, 1421732
AFLfast,xmllint,12,1623678716, 1, 2936, 3646, 2914, 195, 13.71%, 0, 2, 5, 21.69, 1421987
AFLfast,xmllint,12,1623678747, 1, 2936, 3647, 2915, 195, 13.72%, 0, 2, 5, 31.10, 1422699
AFLfast,xmllint,12,1623678752, 1, 2936, 3648, 2916, 195, 13.72%, 0, 2, 5, 31.21, 1422857
AFLfast,xmllint,12,1623678757, 1, 2936, 3649, 2917, 195, 13.72%, 0, 2, 5, 30.87, 1423021
AFLfast,xmllint,12,1623678773, 1, 2936, 3650, 2918, 195, 13.72%, 0, 2, 5, 4.79, 1423496
AFLfast,xmllint,12,1623678835, 1, 2936, 3651, 2919, 195, 13.72%, 0, 2, 5, 30.71, 1424771
AFLfast,xmllint,12,1623678882, 1, 2936, 3652, 2920, 195, 13.72%, 0, 2, 5, 30.71, 1426177
AFLfast,xmllint,12,1623678929, 1, 2936, 3653, 2921, 195, 13.72%, 0, 2, 5, 31.22, 1427286
AFLfast,xmllint,12,1623678955, 1, 2943, 3653, 2920, 199, 13.72%, 0, 2, 5, 2.25, 1428023
AFLfast,xmllint,12,1623678990, 1, 2947, 3653, 2919, 198, 13.72%, 0, 2, 5, 37.65, 1428950
AFLfast,xmllint,12,1623678996, 1, 2947, 3654, 2920, 198, 13.73%, 0, 2, 5, 32.10, 1429108
AFLfast,xmllint,12,1623679048, 1, 2950, 3654, 2919, 198, 13.73%, 0, 2, 5, 4.60, 1430534
AFLfast,xmllint,12,1623679054, 1, 2950, 3656, 2921, 198, 13.73%, 0, 2, 5, 35.97, 1430730
AFLfast,xmllint,12,1623679064, 1, 2950, 3657, 2922, 198, 13.73%, 0, 2, 5, 31.58, 1431050
AFLfast,xmllint,12,1623679069, 1, 2950, 3659, 2924, 198, 13.73%, 0, 2, 5, 30.73, 1431202
AFLfast,xmllint,12,1623679100, 1, 2950, 3660, 2925, 198, 13.73%, 0, 2, 5, 31.04, 1432117
AFLfast,xmllint,12,1623679126, 1, 2950, 3661, 2926, 198, 13.73%, 0, 2, 5, 15.58, 1432536
AFLfast,xmllint,12,1623679209, 1, 2950, 3662, 2927, 198, 13.73%, 0, 2, 5, 29.37, 1434344
AFLfast,xmllint,12,1623679267, 1, 2950, 3663, 2928, 198, 13.73%, 0, 2, 5, 29.32, 1435857
AFLfast,xmllint,12,1623679277, 1, 2950, 3664, 2929, 198, 13.73%, 0, 2, 5, 29.05, 1436114
AFLfast,xmllint,12,1623679330, 1, 2960, 3664, 2928, 198, 13.73%, 0, 2, 5, 1.00, 1437310
AFLfast,xmllint,12,1623679335, 1, 2960, 3665, 2929, 198, 13.73%, 0, 2, 5, 35.47, 1437494
AFLfast,xmllint,12,1623679340, 1, 2960, 3666, 2930, 198, 13.73%, 0, 2, 5, 32.42, 1437656
AFLfast,xmllint,12,1623679391, 1, 2960, 3667, 2931, 198, 13.73%, 0, 2, 5, 22.65, 1438919
AFLfast,xmllint,12,1623679402, 1, 2960, 3668, 2932, 198, 13.73%, 0, 2, 5, 29.34, 1439228
AFLfast,xmllint,12,1623679453, 1, 2960, 3669, 2933, 198, 13.73%, 0, 2, 5, 20.66, 1440648
AFLfast,xmllint,12,1623679484, 1, 2960, 3670, 2934, 198, 13.73%, 0, 2, 5, 30.16, 1441275
AFLfast,xmllint,12,1623679535, 1, 2960, 3671, 2935, 198, 13.74%, 0, 2, 5, 28.95, 1442828
AFLfast,xmllint,12,1623679551, 1, 2960, 3672, 2936, 198, 13.74%, 0, 2, 5, 14.87, 1443044
AFLfast,xmllint,12,1623679556, 1, 2960, 3673, 2937, 198, 13.74%, 0, 2, 5, 14.69, 1443119
AFLfast,xmllint,12,1623679572, 1, 2960, 3674, 2938, 198, 13.74%, 0, 2, 5, 20.39, 1443381
AFLfast,xmllint,12,1623679598, 1, 2962, 3674, 2937, 201, 13.74%, 0, 2, 5, 35.63, 1444145
AFLfast,xmllint,12,1623679613, 1, 2962, 3675, 2938, 201, 13.74%, 0, 2, 5, 33.22, 1444664
AFLfast,xmllint,12,1623679666, 1, 2985, 3675, 2937, 201, 13.74%, 0, 2, 5, 0.65, 1445835
AFLfast,xmllint,12,1623679687, 1, 2985, 3676, 2938, 201, 13.74%, 0, 2, 5, 30.18, 1446487
AFLfast,xmllint,12,1623679733, 1, 3002, 3676, 2937, 201, 13.74%, 0, 2, 5, 39.40, 1447744
AFLfast,xmllint,12,1623679749, 1, 3002, 3677, 2938, 201, 13.74%, 0, 2, 5, 33.54, 1448261
AFLfast,xmllint,12,1623679785, 1, 3002, 3678, 2939, 201, 13.74%, 0, 2, 5, 18.24, 1449211
AFLfast,xmllint,12,1623679861, 1, 3005, 3678, 2938, 201, 13.74%, 0, 2, 5, 31.68, 1451151
AFLfast,xmllint,12,1623679876, 1, 3005, 3679, 2939, 201, 13.74%, 0, 2, 5, 34.60, 1451679
AFLfast,xmllint,12,1623679886, 1, 3005, 3680, 2940, 201, 13.74%, 0, 2, 5, 34.01, 1452031
AFLfast,xmllint,12,1623679891, 1, 3005, 3681, 2941, 201, 13.74%, 0, 2, 5, 33.45, 1452168
AFLfast,xmllint,12,1623679944, 1, 3005, 3682, 2942, 201, 13.74%, 0, 2, 5, 15.59, 1453333
AFLfast,xmllint,12,1623680022, 1, 3005, 3683, 2943, 201, 13.75%, 0, 2, 5, 30.87, 1455657
AFLfast,xmllint,12,1623680099, 1, 3007, 3683, 2942, 202, 13.75%, 0, 2, 5, 31.17, 1457834
AFLfast,xmllint,12,1623680136, 1, 3012, 3683, 2941, 201, 13.75%, 0, 2, 5, 39.18, 1458973
AFLfast,xmllint,12,1623680157, 1, 3012, 3684, 2942, 201, 13.75%, 0, 2, 5, 32.44, 1459646
AFLfast,xmllint,12,1623680188, 1, 3019, 3684, 2941, 200, 13.75%, 0, 2, 5, 40.92, 1460614
AFLfast,xmllint,12,1623680193, 1, 3019, 3685, 2942, 200, 13.75%, 0, 2, 5, 35.93, 1460789
AFLfast,xmllint,12,1623680198, 1, 3019, 3687, 2944, 200, 13.75%, 0, 2, 5, 32.70, 1460950
AFLfast,xmllint,12,1623680203, 1, 3019, 3689, 2946, 200, 13.75%, 0, 2, 5, 23.84, 1461062
AFLfast,xmllint,12,1623680239, 1, 3019, 3690, 2947, 200, 13.75%, 0, 2, 5, 14.11, 1461573
AFLfast,xmllint,12,1623680261, 1, 3019, 3691, 2948, 200, 13.75%, 0, 2, 5, 13.57, 1461825
AFLfast,xmllint,12,1623680266, 1, 3019, 3692, 2949, 200, 13.75%, 0, 2, 5, 14.46, 1461903
AFLfast,xmllint,12,1623680276, 1, 3019, 3693, 2950, 200, 13.75%, 0, 2, 5, 15.43, 1462062
AFLfast,xmllint,12,1623680297, 1, 3019, 3694, 2951, 200, 13.75%, 0, 2, 5, 28.25, 1462499
AFLfast,xmllint,12,1623680302, 1, 3019, 3695, 2952, 200, 13.75%, 0, 2, 5, 30.71, 1462663
AFLfast,xmllint,12,1623680310, 1, 3019, 3696, 2953, 200, 13.75%, 0, 2, 5, 2.09, 1462823
AFLfast,xmllint,12,1623680315, 1, 3019, 3698, 2955, 200, 13.75%, 0, 2, 5, 31.08, 1462988
AFLfast,xmllint,12,1623680320, 1, 3019, 3700, 2957, 200, 13.75%, 0, 2, 5, 32.48, 1463156
AFLfast,xmllint,12,1623680325, 1, 3019, 3701, 2958, 200, 13.75%, 0, 2, 5, 32.59, 1463321
AFLfast,xmllint,12,1623680336, 1, 3019, 3702, 2959, 200, 13.75%, 0, 2, 5, 31.42, 1463646
AFLfast,xmllint,12,1623680394, 1, 3019, 3703, 2960, 200, 13.75%, 0, 2, 5, 14.90, 1464584
AFLfast,xmllint,12,1623680464, 1, 3019, 3704, 2961, 200, 13.75%, 0, 2, 5, 29.27, 1465930
AFLfast,xmllint,12,1623680475, 1, 3019, 3705, 2962, 200, 13.75%, 0, 2, 5, 30.91, 1466146
AFLfast,xmllint,12,1623680480, 1, 3019, 3706, 2963, 200, 13.75%, 0, 2, 5, 29.88, 1466298
AFLfast,xmllint,12,1623680485, 1, 3019, 3707, 2964, 200, 13.75%, 0, 2, 5, 29.24, 1466447
AFLfast,xmllint,12,1623680495, 1, 3019, 3708, 2965, 200, 13.75%, 0, 2, 5, 27.03, 1466719
AFLfast,xmllint,12,1623680548, 1, 3022, 3708, 2964, 205, 13.75%, 0, 2, 5, 24.72, 1467431
AFLfast,xmllint,12,1623680568, 1, 3025, 3708, 2963, 204, 13.75%, 0, 2, 5, 30.76, 1468067
AFLfast,xmllint,12,1623680594, 1, 3030, 3708, 2962, 203, 13.75%, 0, 2, 5, 2.12, 1468842
AFLfast,xmllint,12,1623680625, 1, 3035, 3709, 2962, 202, 13.75%, 0, 2, 5, 32.90, 1469811
AFLfast,xmllint,12,1623680682, 1, 3038, 3709, 2961, 201, 13.75%, 0, 2, 5, 34.42, 1471378
AFLfast,xmllint,12,1623680732, 1, 3038, 3710, 2962, 201, 13.75%, 0, 2, 5, 31.37, 1472840
AFLfast,xmllint,12,1623680818, 1, 3047, 3710, 2961, 201, 13.75%, 0, 2, 5, 0.73, 1474777
AFLfast,xmllint,12,1623680844, 1, 3052, 3710, 2960, 201, 13.75%, 0, 2, 5, 32.81, 1475565
AFLfast,xmllint,12,1623680870, 1, 3056, 3710, 2959, 200, 13.75%, 0, 2, 5, 38.30, 1476420
AFLfast,xmllint,12,1623680996, 1, 3057, 3710, 2958, 199, 13.75%, 0, 2, 5, 0.30, 1478890
AFLfast,xmllint,12,1623681108, 1, 3058, 3710, 2957, 198, 13.75%, 0, 2, 5, 0.74, 1481485
AFLfast,xmllint,12,1623681140, 1, 3059, 3710, 2956, 197, 13.75%, 0, 2, 5, 0.96, 1482244
AFLfast,xmllint,12,1623681181, 1, 3060, 3710, 2955, 196, 13.75%, 0, 2, 5, 0.79, 1483440
AFLfast,xmllint,12,1623681191, 1, 3060, 3711, 2956, 196, 13.75%, 0, 2, 5, 30.91, 1483787
AFLfast,xmllint,12,1623681226, 1, 3060, 3712, 2957, 196, 13.75%, 0, 2, 5, 0.22, 1484691
AFLfast,xmllint,12,1623681320, 1, 3063, 3712, 2956, 195, 13.75%, 0, 2, 5, 33.77, 1487004
AFLfast,xmllint,12,1623681330, 1, 3063, 3713, 2957, 195, 13.75%, 0, 2, 5, 29.60, 1487327
AFLfast,xmllint,12,1623681361, 1, 3063, 3714, 2958, 195, 13.75%, 0, 2, 5, 1.44, 1488171
AFLfast,xmllint,12,1623681449, 1, 3063, 3715, 2959, 195, 13.75%, 0, 2, 5, 29.33, 1490411
AFLfast,xmllint,12,1623681454, 1, 3063, 3716, 2960, 195, 13.75%, 0, 2, 5, 29.69, 1490560
AFLfast,xmllint,12,1623681469, 1, 3063, 3717, 2961, 195, 13.75%, 0, 2, 5, 28.35, 1491004
AFLfast,xmllint,12,1623681496, 1, 3063, 3718, 2962, 195, 13.75%, 0, 2, 5, 29.66, 1491720
AFLfast,xmllint,12,1623681553, 1, 3063, 3719, 2963, 195, 13.75%, 0, 2, 5, 29.00, 1492811
AFLfast,xmllint,12,1623681589, 1, 3068, 3719, 2962, 194, 13.75%, 0, 2, 5, 39.80, 1493776
AFLfast,xmllint,12,1623681620, 1, 3070, 3719, 2961, 193, 13.75%, 0, 2, 5, 2.07, 1494577
AFLfast,xmllint,12,1623681646, 1, 3071, 3719, 2960, 192, 13.75%, 0, 2, 5, 4.64, 1495409
AFLfast,xmllint,12,1623681687, 1, 3078, 3719, 2959, 191, 13.75%, 0, 2, 5, 39.56, 1496717
AFLfast,xmllint,12,1623681714, 1, 3080, 3719, 2958, 190, 13.75%, 0, 2, 5, 4.03, 1497524
AFLfast,xmllint,12,1623681765, 1, 3090, 3719, 2957, 189, 13.75%, 0, 2, 5, 34.34, 1498933
AFLfast,xmllint,12,1623681775, 1, 3092, 3719, 2956, 188, 13.75%, 0, 2, 5, 39.94, 1499233
AFLfast,xmllint,12,1623681796, 1, 3093, 3719, 2955, 187, 13.75%, 0, 2, 5, 40.78, 1499877
AFLfast,xmllint,12,1623681817, 1, 3093, 3720, 2956, 187, 13.75%, 0, 2, 5, 31.02, 1500525
AFLfast,xmllint,12,1623681858, 1, 3094, 3720, 2955, 187, 13.75%, 0, 2, 5, 3.90, 1501557
AFLfast,xmllint,12,1623681873, 1, 3094, 3721, 2956, 187, 13.75%, 0, 2, 5, 31.91, 1502069
AFLfast,xmllint,12,1623681920, 1, 3098, 3721, 2955, 187, 13.75%, 0, 2, 5, 26.32, 1503336
AFLfast,xmllint,12,1623681925, 1, 3098, 3723, 2957, 187, 13.75%, 0, 2, 5, 28.68, 1503487
AFLfast,xmllint,12,1623681940, 1, 3098, 3724, 2958, 187, 13.75%, 0, 2, 5, 30.05, 1503953
AFLfast,xmllint,12,1623681961, 1, 3098, 3725, 2959, 187, 13.75%, 0, 2, 5, 27.82, 1504532
AFLfast,xmllint,12,1623681971, 1, 3098, 3728, 2962, 187, 13.76%, 0, 2, 5, 31.03, 1504851
AFLfast,xmllint,12,1623681976, 1, 3098, 3729, 2963, 187, 13.76%, 0, 2, 5, 31.04, 1505007
AFLfast,xmllint,12,1623682008, 1, 3098, 3731, 2965, 187, 13.76%, 0, 2, 5, 2.26, 1505528
AFLfast,xmllint,12,1623682044, 1, 3098, 3732, 2966, 187, 13.76%, 0, 2, 5, 13.96, 1506030
AFLfast,xmllint,12,1623682049, 1, 3098, 3733, 2967, 187, 13.76%, 0, 2, 5, 14.89, 1506109
AFLfast,xmllint,12,1623682153, 1, 3099, 3733, 2966, 188, 13.76%, 0, 2, 5, 40.81, 1508489
AFLfast,xmllint,12,1623682168, 1, 3110, 3733, 2965, 187, 13.76%, 0, 2, 5, 31.90, 1508951
AFLfast,xmllint,12,1623682189, 1, 3110, 3734, 2966, 187, 13.76%, 0, 2, 5, 32.16, 1509611
AFLfast,xmllint,12,1623682256, 1, 3110, 3735, 2967, 187, 13.76%, 0, 2, 5, 29.67, 1511463
AFLfast,xmllint,12,1623682261, 1, 3110, 3736, 2968, 187, 13.76%, 0, 2, 5, 29.94, 1511620
AFLfast,xmllint,12,1623682341, 1, 3110, 3737, 2969, 187, 13.76%, 0, 2, 5, 30.45, 1513626
AFLfast,xmllint,12,1623682346, 1, 3110, 3738, 2970, 187, 13.76%, 0, 2, 5, 31.20, 1513785
AFLfast,xmllint,12,1623682351, 1, 3112, 3738, 2969, 186, 13.76%, 0, 2, 5, 2.17, 1513886
AFLfast,xmllint,12,1623682398, 1, 3112, 3739, 2970, 186, 13.77%, 0, 2, 5, 30.48, 1515014
AFLfast,xmllint,12,1623682434, 1, 3112, 3740, 2971, 186, 13.77%, 0, 2, 5, 25.44, 1516111
AFLfast,xmllint,12,1623682495, 1, 3112, 3741, 2972, 186, 13.77%, 0, 2, 5, 30.89, 1517754
AFLfast,xmllint,12,1623682511, 1, 3112, 3742, 2973, 186, 13.77%, 0, 2, 5, 25.79, 1518182
AFLfast,xmllint,12,1623682542, 1, 3114, 3742, 2972, 188, 13.77%, 0, 2, 5, 4.20, 1518860
AFLfast,xmllint,12,1623682548, 1, 3114, 3743, 2973, 188, 13.77%, 0, 2, 5, 35.72, 1519040
AFLfast,xmllint,12,1623682574, 1, 3115, 3743, 2972, 188, 13.77%, 0, 2, 5, 30.64, 1519836
AFLfast,xmllint,12,1623682620, 1, 3118, 3743, 2971, 187, 13.77%, 0, 2, 5, 38.45, 1521116
AFLfast,xmllint,12,1623682636, 1, 3118, 3744, 2972, 187, 13.78%, 0, 2, 5, 32.36, 1521606
AFLfast,xmllint,12,1623682657, 1, 3118, 3745, 2973, 187, 13.78%, 0, 2, 5, 17.66, 1522225
AFLfast,xmllint,12,1623682714, 1, 3119, 3745, 2972, 187, 13.78%, 0, 2, 5, 35.00, 1523675
AFLfast,xmllint,12,1623682729, 1, 3119, 3746, 2973, 187, 13.78%, 0, 2, 5, 30.90, 1524151
AFLfast,xmllint,12,1623682760, 1, 3119, 3747, 2974, 187, 13.78%, 0, 2, 5, 29.77, 1524888
AFLfast,xmllint,12,1623682775, 1, 3119, 3748, 2975, 187, 13.79%, 0, 2, 5, 30.73, 1525349
AFLfast,xmllint,12,1623682780, 1, 3119, 3749, 2976, 187, 13.79%, 0, 2, 5, 30.96, 1525509
AFLfast,xmllint,12,1623682790, 1, 3119, 3750, 2977, 187, 13.79%, 0, 2, 5, 26.35, 1525771
AFLfast,xmllint,12,1623682801, 1, 3119, 3751, 2978, 187, 13.79%, 0, 2, 5, 29.24, 1526075
AFLfast,xmllint,12,1623682847, 1, 3119, 3752, 2979, 187, 13.79%, 0, 2, 5, 21.22, 1526754
AFLfast,xmllint,12,1623682857, 1, 3119, 3753, 2980, 187, 13.79%, 0, 2, 5, 29.32, 1527023
AFLfast,xmllint,12,1623682929, 1, 3127, 3753, 2979, 188, 13.79%, 0, 2, 5, 32.10, 1528767
AFLfast,xmllint,12,1623682940, 1, 3127, 3754, 2980, 188, 13.79%, 0, 2, 5, 30.24, 1529084
AFLfast,xmllint,12,1623682945, 1, 3127, 3755, 2981, 188, 13.79%, 0, 2, 5, 29.88, 1529233
AFLfast,xmllint,12,1623682950, 1, 3127, 3757, 2983, 188, 13.79%, 0, 2, 5, 29.77, 1529386
AFLfast,xmllint,12,1623682986, 1, 3127, 3758, 2984, 188, 13.79%, 0, 2, 5, 18.99, 1530316
AFLfast,xmllint,12,1623683012, 1, 3127, 3759, 2985, 188, 13.79%, 0, 2, 5, 13.50, 1530649
AFLfast,xmllint,12,1623683027, 1, 3127, 3760, 2986, 188, 13.79%, 0, 2, 5, 12.79, 1530850
AFLfast,xmllint,12,1623683126, 1, 3127, 3761, 2987, 188, 13.79%, 0, 2, 5, 27.23, 1533171
AFLfast,xmllint,12,1623683152, 1, 3129, 3761, 2986, 188, 13.79%, 0, 2, 5, 28.15, 1533818
AFLfast,xmllint,12,1623683172, 1, 3129, 3762, 2987, 188, 13.79%, 0, 2, 5, 17.61, 1534329
AFLfast,xmllint,12,1623683203, 1, 3129, 3763, 2988, 188, 13.79%, 0, 2, 5, 12.87, 1535033
AFLfast,xmllint,12,1623683213, 1, 3129, 3765, 2990, 188, 13.79%, 0, 2, 5, 27.43, 1535334
AFLfast,xmllint,12,1623683219, 1, 3129, 3767, 2992, 188, 13.79%, 0, 2, 5, 28.39, 1535485
AFLfast,xmllint,12,1623683303, 1, 3129, 3768, 2993, 188, 13.79%, 0, 2, 5, 27.22, 1537120
AFLfast,xmllint,12,1623683313, 1, 3129, 3769, 2994, 188, 13.79%, 0, 2, 5, 29.20, 1537417
AFLfast,xmllint,12,1623683339, 1, 3129, 3770, 2995, 188, 13.79%, 0, 2, 5, 0.57, 1538117
AFLfast,xmllint,12,1623683349, 1, 3129, 3771, 2996, 188, 13.79%, 0, 2, 5, 21.78, 1538366
AFLfast,xmllint,12,1623683354, 1, 3129, 3772, 2997, 188, 13.79%, 0, 2, 5, 16.54, 1538435
AFLfast,xmllint,12,1623683395, 1, 3135, 3772, 2996, 186, 13.79%, 0, 2, 5, 41.26, 1539049
AFLfast,xmllint,12,1623683411, 1, 3142, 3772, 2995, 185, 13.79%, 0, 2, 5, 4.03, 1539500
AFLfast,xmllint,12,1623683421, 1, 3142, 3773, 2996, 185, 13.79%, 0, 2, 5, 28.78, 1539794
AFLfast,xmllint,12,1623683428, 1, 3142, 3773, 2996, 185, 13.79%, 0, 3, 5, 0.97, 1539844
AFLfast,xmllint,12,1623683433, 1, 3142, 3774, 2997, 185, 13.79%, 0, 3, 5, 25.12, 1539977
AFLfast,xmllint,12,1623683438, 1, 3142, 3775, 2998, 185, 13.79%, 0, 3, 5, 28.49, 1540132
AFLfast,xmllint,12,1623683453, 1, 3142, 3776, 2999, 185, 13.79%, 0, 3, 5, 7.44, 1540520
AFLfast,xmllint,12,1623683479, 1, 3142, 3777, 3000, 185, 13.79%, 0, 3, 5, 14.02, 1540857
AFLfast,xmllint,12,1623683499, 1, 3142, 3778, 3001, 185, 13.79%, 0, 3, 5, 24.92, 1541227
AFLfast,xmllint,12,1623683510, 1, 3142, 3779, 3002, 185, 13.79%, 0, 3, 5, 27.66, 1541528
AFLfast,xmllint,12,1623683515, 1, 3142, 3780, 3003, 185, 13.79%, 0, 3, 5, 28.19, 1541672
AFLfast,xmllint,12,1623683520, 1, 3142, 3781, 3004, 185, 13.79%, 0, 3, 5, 27.21, 1541787
AFLfast,xmllint,12,1623683525, 1, 3142, 3782, 3005, 185, 13.80%, 0, 3, 5, 29.05, 1541941
AFLfast,xmllint,12,1623683551, 1, 3142, 3783, 3006, 185, 13.80%, 0, 3, 5, 27.55, 1542693
AFLfast,xmllint,12,1623683562, 1, 3142, 3784, 3007, 185, 13.80%, 0, 3, 5, 11.44, 1542841
AFLfast,xmllint,12,1623683603, 1, 3142, 3785, 3008, 185, 13.80%, 0, 3, 5, 13.72, 1543413
AFLfast,xmllint,12,1623683640, 1, 3142, 3786, 3009, 185, 13.80%, 0, 3, 5, 29.41, 1544151
AFLfast,xmllint,12,1623683657, 1, 3150, 3787, 3009, 187, 13.80%, 0, 3, 5, 4.84, 1544603
AFLfast,xmllint,12,1623683667, 1, 3150, 3789, 3011, 187, 13.80%, 0, 3, 5, 28.60, 1544890
AFLfast,xmllint,12,1623683672, 1, 3150, 3791, 3013, 187, 13.80%, 0, 3, 5, 28.71, 1545031
AFLfast,xmllint,12,1623683693, 1, 3150, 3792, 3014, 187, 13.80%, 0, 3, 5, 15.17, 1545503
AFLfast,xmllint,12,1623683703, 1, 3150, 3793, 3015, 187, 13.80%, 0, 3, 5, 13.50, 1545642
AFLfast,xmllint,12,1623683720, 1, 3150, 3794, 3016, 187, 13.80%, 0, 3, 5, 11.54, 1545828
AFLfast,xmllint,12,1623683735, 1, 3150, 3795, 3017, 187, 13.80%, 0, 3, 5, 12.42, 1546016
AFLfast,xmllint,12,1623683746, 1, 3150, 3796, 3018, 187, 13.80%, 0, 3, 5, 12.93, 1546146
AFLfast,xmllint,12,1623683751, 1, 3150, 3797, 3019, 187, 13.80%, 0, 3, 5, 13.28, 1546213
AFLfast,xmllint,12,1623683756, 1, 3150, 3798, 3020, 187, 13.80%, 0, 3, 5, 13.05, 1546279
AFLfast,xmllint,12,1623683766, 1, 3150, 3799, 3021, 187, 13.80%, 0, 3, 5, 12.96, 1546412
AFLfast,xmllint,12,1623683771, 1, 3150, 3800, 3022, 187, 13.80%, 0, 3, 5, 12.70, 1546477
AFLfast,xmllint,12,1623683838, 1, 3150, 3801, 3023, 187, 13.80%, 0, 3, 5, 25.62, 1547644
AFLfast,xmllint,12,1623683843, 1, 3150, 3802, 3024, 187, 13.80%, 0, 3, 5, 26.23, 1547779
AFLfast,xmllint,12,1623683849, 1, 3150, 3803, 3025, 187, 13.80%, 0, 3, 5, 3.50, 1547895
AFLfast,xmllint,12,1623683864, 1, 3150, 3804, 3026, 187, 13.80%, 0, 3, 5, 26.74, 1548316
AFLfast,xmllint,12,1623683885, 1, 3150, 3805, 3027, 187, 13.80%, 0, 3, 5, 15.27, 1548753
AFLfast,xmllint,12,1623683896, 1, 3150, 3806, 3028, 187, 13.80%, 0, 3, 5, 13.47, 1548898
AFLfast,xmllint,12,1623683907, 1, 3150, 3807, 3029, 187, 13.80%, 0, 3, 5, 10.51, 1549007
AFLfast,xmllint,12,1623683917, 1, 3150, 3808, 3030, 187, 13.80%, 0, 3, 5, 12.55, 1549140
AFLfast,xmllint,12,1623683954, 1, 3151, 3808, 3029, 187, 13.80%, 0, 3, 5, 30.65, 1549718
AFLfast,xmllint,12,1623683988, 1, 3157, 3808, 3028, 186, 13.80%, 0, 3, 5, 1.12, 1550675
AFLfast,xmllint,12,1623683993, 1, 3157, 3809, 3029, 186, 13.80%, 0, 3, 5, 34.85, 1550852
AFLfast,xmllint,12,1623684003, 1, 3157, 3811, 3031, 186, 13.81%, 0, 3, 5, 30.90, 1551170
AFLfast,xmllint,12,1623684039, 1, 3157, 3812, 3032, 186, 13.81%, 0, 3, 5, 24.46, 1551817
AFLfast,xmllint,12,1623684142, 1, 3157, 3813, 3033, 186, 13.81%, 0, 3, 5, 31.26, 1554835
AFLfast,xmllint,12,1623684179, 1, 3157, 3814, 3034, 186, 13.81%, 0, 3, 5, 28.77, 1555774
AFLfast,xmllint,12,1623684237, 1, 3159, 3814, 3033, 189, 13.81%, 0, 3, 5, 0.74, 1557344
AFLfast,xmllint,12,1623684252, 1, 3167, 3814, 3032, 188, 13.81%, 0, 3, 5, 29.16, 1557816
AFLfast,xmllint,12,1623684300, 1, 3171, 3814, 3031, 187, 13.81%, 0, 3, 5, 4.64, 1559170
AFLfast,xmllint,12,1623684335, 1, 3174, 3814, 3030, 186, 13.81%, 0, 3, 5, 30.31, 1560240
AFLfast,xmllint,12,1623684356, 1, 3174, 3815, 3031, 186, 13.81%, 0, 3, 5, 31.06, 1560876
AFLfast,xmllint,12,1623684412, 1, 3185, 3815, 3030, 185, 13.81%, 0, 3, 5, 37.48, 1562359
AFLfast,xmllint,12,1623684428, 1, 3193, 3815, 3029, 184, 13.81%, 0, 3, 5, 1.35, 1562796
AFLfast,xmllint,12,1623684464, 1, 3197, 3815, 3028, 183, 13.81%, 0, 3, 5, 0.92, 1563843
AFLfast,xmllint,12,1623684475, 1, 3197, 3816, 3029, 183, 13.81%, 0, 3, 5, 30.87, 1564195
AFLfast,xmllint,12,1623684485, 1, 3197, 3817, 3030, 183, 13.81%, 0, 3, 5, 30.84, 1564509
AFLfast,xmllint,12,1623684567, 1, 3197, 3819, 3032, 183, 13.84%, 0, 3, 5, 21.97, 1566452
AFLfast,xmllint,12,1623684588, 1, 3197, 3820, 3033, 183, 13.84%, 0, 3, 5, 22.38, 1566797
AFLfast,xmllint,12,1623684615, 1, 3197, 3821, 3034, 183, 13.84%, 0, 3, 5, 27.16, 1567507
AFLfast,xmllint,12,1623684620, 1, 3197, 3822, 3035, 183, 13.84%, 0, 3, 5, 29.22, 1567661
AFLfast,xmllint,12,1623684625, 1, 3197, 3823, 3036, 183, 13.84%, 0, 3, 5, 27.01, 1567787
AFLfast,xmllint,12,1623684631, 1, 3197, 3824, 3037, 183, 13.84%, 0, 3, 5, 25.72, 1567918
AFLfast,xmllint,12,1623684678, 1, 3197, 3825, 3038, 183, 13.84%, 0, 3, 5, 13.49, 1568693
AFLfast,xmllint,12,1623684684, 1, 3197, 3826, 3039, 183, 13.84%, 0, 3, 5, 13.83, 1568767
AFLfast,xmllint,12,1623684709, 1, 3199, 3826, 3038, 184, 13.84%, 0, 3, 5, 19.84, 1569132
AFLfast,xmllint,12,1623684719, 1, 3199, 3827, 3039, 184, 13.84%, 0, 3, 5, 30.28, 1569478
AFLfast,xmllint,12,1623684725, 1, 3199, 3828, 3040, 184, 13.84%, 0, 3, 5, 29.82, 1569635
AFLfast,xmllint,12,1623684750, 1, 3199, 3829, 3041, 184, 13.84%, 0, 3, 5, 30.93, 1570419
AFLfast,xmllint,12,1623684760, 1, 3199, 3830, 3042, 184, 13.84%, 0, 3, 5, 28.99, 1570672
AFLfast,xmllint,12,1623684786, 1, 3199, 3831, 3043, 184, 13.84%, 0, 3, 5, 13.83, 1571090
AFLfast,xmllint,12,1623684802, 1, 3199, 3832, 3044, 184, 13.84%, 0, 3, 5, 13.64, 1571295
AFLfast,xmllint,12,1623684844, 1, 3199, 3833, 3045, 184, 13.84%, 0, 3, 5, 29.17, 1572213
AFLfast,xmllint,12,1623684849, 1, 3199, 3835, 3047, 184, 13.85%, 0, 3, 5, 29.32, 1572363
AFLfast,xmllint,12,1623684901, 1, 3199, 3836, 3048, 184, 13.85%, 0, 3, 5, 14.05, 1573396
AFLfast,xmllint,12,1623684970, 1, 3199, 3837, 3049, 184, 13.85%, 0, 3, 5, 27.70, 1575008
AFLfast,xmllint,12,1623685016, 1, 3210, 3837, 3048, 185, 13.85%, 0, 3, 5, 36.91, 1576144
AFLfast,xmllint,12,1623685042, 1, 3211, 3837, 3047, 185, 13.85%, 0, 3, 5, 35.85, 1576945
AFLfast,xmllint,12,1623685068, 1, 3215, 3837, 3046, 184, 13.85%, 0, 3, 5, 1.05, 1577557
AFLfast,xmllint,12,1623685094, 1, 3215, 3838, 3047, 184, 13.85%, 0, 3, 5, 30.78, 1578382
AFLfast,xmllint,12,1623685125, 1, 3217, 3838, 3046, 184, 13.85%, 0, 3, 5, 33.89, 1579095
AFLfast,xmllint,12,1623685130, 1, 3217, 3840, 3048, 184, 13.85%, 0, 3, 5, 34.38, 1579281
AFLfast,xmllint,12,1623685135, 1, 3217, 3841, 3049, 184, 13.85%, 0, 3, 5, 31.55, 1579435
AFLfast,xmllint,12,1623685176, 1, 3217, 3842, 3050, 184, 13.85%, 0, 3, 5, 18.81, 1580534
AFLfast,xmllint,12,1623685212, 1, 3217, 3843, 3051, 184, 13.85%, 0, 3, 5, 24.87, 1581125
AFLfast,xmllint,12,1623685331, 1, 3219, 3843, 3050, 185, 13.85%, 0, 3, 5, 27.61, 1584210
AFLfast,xmllint,12,1623685357, 1, 3219, 3845, 3052, 185, 13.88%, 0, 3, 5, 30.30, 1585021
AFLfast,xmllint,12,1623685463, 1, 3229, 3845, 3051, 185, 13.88%, 0, 3, 5, 35.03, 1587663
AFLfast,xmllint,12,1623685509, 1, 3229, 3847, 3053, 185, 13.88%, 0, 3, 5, 28.11, 1589002
AFLfast,xmllint,12,1623685514, 1, 3229, 3849, 3055, 185, 13.88%, 0, 3, 5, 28.80, 1589148
AFLfast,xmllint,12,1623685594, 1, 3229, 3850, 3056, 185, 13.88%, 0, 3, 5, 29.30, 1590851
AFLfast,xmllint,12,1623685625, 1, 3229, 3851, 3057, 185, 13.88%, 0, 3, 5, 28.24, 1591671
AFLfast,xmllint,12,1623685650, 1, 3229, 3852, 3058, 185, 13.88%, 0, 3, 5, 22.25, 1592089
AFLfast,xmllint,12,1623685671, 1, 3229, 3853, 3059, 185, 13.88%, 0, 3, 5, 29.04, 1592702
AFLfast,xmllint,12,1623685676, 1, 3239, 3853, 3058, 185, 13.88%, 0, 3, 5, 1.72, 1592786
AFLfast,xmllint,12,1623685717, 1, 3239, 3854, 3059, 185, 13.88%, 0, 3, 5, 16.10, 1593928
AFLfast,xmllint,12,1623685758, 1, 3239, 3855, 3060, 185, 13.88%, 0, 3, 5, 30.63, 1594911
AFLfast,xmllint,12,1623685872, 1, 3245, 3855, 3059, 184, 13.88%, 0, 3, 5, 29.09, 1597878
AFLfast,xmllint,12,1623685923, 1, 3246, 3855, 3058, 183, 13.88%, 0, 3, 5, 4.34, 1599358
AFLfast,xmllint,12,1623685939, 1, 3246, 3857, 3060, 183, 13.88%, 0, 3, 5, 30.95, 1599839
AFLfast,xmllint,12,1623685944, 1, 3246, 3858, 3061, 183, 13.88%, 0, 3, 5, 29.70, 1599991
AFLfast,xmllint,12,1623685949, 1, 3246, 3859, 3062, 183, 13.88%, 0, 3, 5, 29.46, 1600142
AFLfast,xmllint,12,1623685954, 1, 3246, 3860, 3063, 183, 13.88%, 0, 3, 5, 29.03, 1600293
AFLfast,xmllint,12,1623685970, 1, 3246, 3863, 3066, 183, 13.89%, 0, 3, 5, 29.82, 1600744
AFLfast,xmllint,12,1623685990, 1, 3246, 3864, 3067, 183, 13.89%, 0, 3, 5, 15.53, 1601141
AFLfast,xmllint,12,1623686001, 1, 3246, 3866, 3069, 183, 13.89%, 0, 3, 5, 14.04, 1601282
AFLfast,xmllint,12,1623686011, 1, 3246, 3867, 3070, 183, 13.89%, 0, 3, 5, 13.27, 1601419
AFLfast,xmllint,12,1623686021, 1, 3246, 3868, 3071, 183, 13.89%, 0, 3, 5, 13.05, 1601551
AFLfast,xmllint,12,1623686037, 1, 3246, 3869, 3072, 183, 13.89%, 0, 3, 5, 13.51, 1601754
AFLfast,xmllint,12,1623686047, 1, 3246, 3870, 3073, 183, 13.89%, 0, 3, 5, 13.67, 1601893
AFLfast,xmllint,12,1623686075, 1, 3246, 3871, 3074, 183, 13.89%, 0, 3, 5, 13.27, 1602209
AFLfast,xmllint,12,1623686106, 1, 3246, 3872, 3075, 183, 13.89%, 0, 3, 5, 13.49, 1602612
AFLfast,xmllint,12,1623686131, 1, 3246, 3873, 3076, 183, 13.89%, 0, 3, 5, 13.72, 1602956
AFLfast,xmllint,12,1623686164, 1, 3252, 3873, 3075, 185, 13.89%, 0, 3, 5, 1.58, 1603581
AFLfast,xmllint,12,1623686200, 1, 3252, 3874, 3076, 185, 13.89%, 0, 3, 5, 26.46, 1604719
AFLfast,xmllint,12,1623686238, 1, 3262, 3874, 3075, 185, 13.89%, 0, 3, 5, 35.64, 1605544
AFLfast,xmllint,12,1623686259, 1, 3262, 3875, 3076, 185, 13.89%, 0, 3, 5, 30.13, 1606184
AFLfast,xmllint,12,1623686264, 1, 3262, 3876, 3077, 185, 13.89%, 0, 3, 5, 30.58, 1606348
AFLfast,xmllint,12,1623686295, 1, 3262, 3877, 3078, 185, 13.89%, 0, 3, 5, 27.60, 1606932
AFLfast,xmllint,12,1623686326, 1, 3262, 3879, 3080, 185, 13.89%, 0, 3, 5, 29.36, 1607804
AFLfast,xmllint,12,1623686336, 1, 3262, 3881, 3082, 185, 13.89%, 0, 3, 5, 29.01, 1608045
AFLfast,xmllint,12,1623686426, 1, 3262, 3882, 3083, 185, 13.89%, 0, 3, 5, 28.37, 1609866
AFLfast,xmllint,12,1623686441, 1, 3262, 3883, 3084, 185, 13.89%, 0, 3, 5, 28.12, 1610256
AFLfast,xmllint,12,1623686447, 1, 3262, 3884, 3085, 185, 13.89%, 0, 3, 5, 28.07, 1610404
AFLfast,xmllint,12,1623686452, 1, 3262, 3885, 3086, 185, 13.89%, 0, 3, 5, 23.26, 1610523
AFLfast,xmllint,12,1623686498, 1, 3262, 3886, 3087, 185, 13.89%, 0, 3, 5, 26.28, 1611219
AFLfast,xmllint,12,1623686508, 1, 3262, 3887, 3088, 185, 13.89%, 0, 3, 5, 27.25, 1611506
AFLfast,xmllint,12,1623686518, 1, 3262, 3888, 3089, 185, 13.89%, 0, 3, 5, 26.84, 1611786
AFLfast,xmllint,12,1623686545, 1, 3263, 3888, 3088, 186, 13.89%, 0, 3, 5, 1.81, 1612387
AFLfast,xmllint,12,1623686555, 1, 3263, 3889, 3089, 186, 13.89%, 0, 3, 5, 21.96, 1612616
AFLfast,xmllint,12,1623686570, 1, 3263, 3890, 3090, 186, 13.89%, 0, 3, 5, 14.17, 1612825
AFLfast,xmllint,12,1623686673, 1, 3263, 3891, 3091, 186, 13.89%, 0, 3, 5, 28.31, 1615422
AFLfast,xmllint,12,1623686685, 1, 3263, 3892, 3092, 186, 13.89%, 0, 3, 5, 0.59, 1615714
AFLfast,xmllint,12,1623686763, 1, 3265, 3892, 3091, 185, 13.89%, 0, 3, 5, 24.56, 1617560
AFLfast,xmllint,12,1623686799, 1, 3270, 3892, 3090, 184, 13.89%, 0, 3, 5, 39.28, 1618639
AFLfast,xmllint,12,1623686809, 1, 3270, 3893, 3091, 184, 13.89%, 0, 3, 5, 31.11, 1618951
AFLfast,xmllint,12,1623686886, 1, 3270, 3894, 3092, 184, 13.89%, 0, 3, 5, 30.29, 1621057
AFLfast,xmllint,12,1623686980, 1, 3271, 3894, 3091, 183, 13.89%, 0, 3, 5, 29.66, 1623630
AFLfast,xmllint,12,1623687026, 1, 3271, 3895, 3092, 183, 13.89%, 0, 3, 5, 30.81, 1625027
AFLfast,xmllint,12,1623687087, 1, 3271, 3896, 3093, 183, 13.89%, 0, 3, 5, 29.98, 1626634
AFLfast,xmllint,12,1623687113, 1, 3275, 3896, 3092, 182, 13.89%, 0, 3, 5, 2.04, 1627351
AFLfast,xmllint,12,1623687160, 1, 3275, 3897, 3093, 182, 13.89%, 0, 3, 5, 29.93, 1628606
AFLfast,xmllint,12,1623687206, 1, 3275, 3898, 3094, 182, 13.89%, 0, 3, 5, 29.64, 1629823
AFLfast,xmllint,12,1623687211, 1, 3275, 3899, 3095, 182, 13.89%, 0, 3, 5, 29.72, 1629975
AFLfast,xmllint,12,1623687227, 1, 3275, 3900, 3096, 182, 13.89%, 0, 3, 5, 29.31, 1630429
AFLfast,xmllint,12,1623687310, 1, 3276, 3900, 3095, 184, 13.89%, 0, 3, 5, 4.50, 1632366
AFLfast,xmllint,12,1623687415, 1, 3277, 3900, 3094, 183, 13.89%, 0, 3, 5, 0.89, 1634953
AFLfast,xmllint,12,1623687463, 1, 3283, 3900, 3093, 182, 13.89%, 0, 3, 5, 31.01, 1636387
AFLfast,xmllint,12,1623687479, 1, 3283, 3901, 3094, 182, 13.89%, 0, 3, 5, 30.57, 1636874
AFLfast,xmllint,12,1623687515, 1, 3283, 3902, 3095, 182, 13.89%, 0, 3, 5, 32.11, 1637964
AFLfast,xmllint,12,1623687520, 1, 3283, 3903, 3096, 182, 13.90%, 0, 3, 5, 32.41, 1638126
AFLfast,xmllint,12,1623687549, 1, 3283, 3904, 3097, 182, 13.90%, 0, 3, 5, 1.39, 1638511
AFLfast,xmllint,12,1623687570, 1, 3283, 3905, 3098, 182, 13.90%, 0, 3, 5, 29.03, 1639012
AFLfast,xmllint,12,1623687575, 1, 3283, 3906, 3099, 182, 13.91%, 0, 3, 5, 29.80, 1639171
AFLfast,xmllint,12,1623687724, 1, 3284, 3906, 3098, 183, 13.91%, 0, 3, 5, 29.90, 1643117
AFLfast,xmllint,12,1623687755, 1, 3285, 3906, 3097, 182, 13.91%, 0, 3, 5, 1.33, 1644006
AFLfast,xmllint,12,1623687786, 1, 3289, 3906, 3096, 181, 13.91%, 0, 3, 5, 42.48, 1645019
AFLfast,xmllint,12,1623687833, 1, 3291, 3906, 3095, 180, 13.91%, 0, 3, 5, 3.92, 1646368
AFLfast,xmllint,12,1623687838, 1, 3291, 3907, 3096, 180, 13.91%, 0, 3, 5, 35.51, 1646539
AFLfast,xmllint,12,1623687843, 1, 3291, 3908, 3097, 180, 13.91%, 0, 3, 5, 32.98, 1646701
AFLfast,xmllint,12,1623688007, 1, 3294, 3908, 3096, 179, 13.91%, 0, 3, 5, 37.38, 1651334
AFLfast,xmllint,12,1623688013, 1, 3294, 3910, 3098, 179, 13.91%, 0, 3, 5, 35.48, 1651530
AFLfast,xmllint,12,1623688018, 1, 3294, 3911, 3099, 179, 13.91%, 0, 3, 5, 21.10, 1651600
AFLfast,xmllint,12,1623688023, 1, 3294, 3912, 3100, 179, 13.91%, 0, 3, 5, 16.98, 1651679
AFLfast,xmllint,12,1623688038, 1, 3294, 3913, 3101, 179, 13.91%, 0, 3, 5, 14.49, 1651896
AFLfast,xmllint,12,1623688064, 1, 3294, 3914, 3102, 179, 13.91%, 0, 3, 5, 28.61, 1652394
AFLfast,xmllint,12,1623688074, 1, 3294, 3916, 3104, 179, 13.91%, 0, 3, 5, 29.85, 1652684
AFLfast,xmllint,12,1623688115, 1, 3294, 3918, 3106, 179, 13.91%, 0, 3, 5, 29.56, 1653882
AFLfast,xmllint,12,1623688141, 1, 3294, 3919, 3107, 179, 13.91%, 0, 3, 5, 14.47, 1654241
AFLfast,xmllint,12,1623688199, 1, 3294, 3920, 3108, 179, 13.91%, 0, 3, 5, 30.07, 1655507
AFLfast,xmllint,12,1623688296, 1, 3295, 3920, 3107, 182, 13.91%, 0, 3, 5, 35.22, 1658120
AFLfast,xmllint,12,1623688343, 1, 3298, 3920, 3106, 181, 13.91%, 0, 3, 5, 36.79, 1659459
AFLfast,xmllint,12,1623688353, 1, 3298, 3921, 3107, 181, 13.91%, 0, 3, 5, 30.88, 1659767
AFLfast,xmllint,12,1623688394, 1, 3298, 3922, 3108, 181, 13.91%, 0, 3, 5, 30.81, 1660846
AFLfast,xmllint,12,1623688466, 1, 3299, 3922, 3107, 180, 13.91%, 0, 3, 5, 35.92, 1662869
AFLfast,xmllint,12,1623688472, 1, 3299, 3923, 3108, 180, 13.91%, 0, 3, 5, 32.70, 1663030
AFLfast,xmllint,12,1623688519, 1, 3299, 3924, 3109, 180, 13.91%, 0, 3, 5, 29.06, 1664230
AFLfast,xmllint,12,1623688655, 1, 3301, 3924, 3108, 179, 13.91%, 0, 3, 5, 38.59, 1667830
AFLfast,xmllint,12,1623688686, 1, 3303, 3924, 3107, 178, 13.91%, 0, 3, 5, 41.42, 1668804
AFLfast,xmllint,12,1623688691, 1, 3303, 3925, 3108, 178, 13.91%, 0, 3, 5, 34.57, 1668963
AFLfast,xmllint,12,1623688702, 1, 3303, 3926, 3109, 178, 13.91%, 0, 3, 5, 17.86, 1669156
AFLfast,xmllint,12,1623688775, 1, 3303, 3927, 3110, 178, 13.91%, 0, 3, 5, 29.13, 1671045
AFLfast,xmllint,12,1623688816, 1, 3303, 3928, 3111, 178, 13.92%, 0, 3, 5, 29.74, 1672240
AFLfast,xmllint,12,1623688868, 1, 3303, 3929, 3112, 178, 13.92%, 0, 3, 5, 29.99, 1673448
AFLfast,xmllint,12,1623688883, 1, 3319, 3929, 3111, 179, 13.92%, 0, 3, 5, 38.04, 1673869
AFLfast,xmllint,12,1623688899, 1, 3319, 3930, 3112, 179, 13.92%, 0, 3, 5, 29.90, 1674354
AFLfast,xmllint,12,1623688904, 1, 3319, 3931, 3113, 179, 13.92%, 0, 3, 5, 29.65, 1674505
AFLfast,xmllint,12,1623688909, 1, 3319, 3932, 3114, 179, 13.92%, 0, 3, 5, 29.26, 1674653
AFLfast,xmllint,12,1623689038, 1, 3319, 3933, 3115, 179, 13.92%, 0, 3, 5, 27.77, 1677381
AFLfast,xmllint,12,1623689172, 1, 3321, 3933, 3114, 179, 13.92%, 0, 3, 5, 1.36, 1680575
AFLfast,xmllint,12,1623689177, 1, 3321, 3934, 3115, 179, 13.92%, 0, 3, 5, 29.42, 1680752
AFLfast,xmllint,12,1623689270, 1, 3323, 3934, 3114, 178, 13.92%, 0, 3, 5, 31.78, 1683258
AFLfast,xmllint,12,1623689301, 1, 3328, 3934, 3113, 177, 13.92%, 0, 3, 5, 2.50, 1684139
AFLfast,xmllint,12,1623689317, 1, 3328, 3935, 3114, 177, 13.92%, 0, 3, 5, 28.28, 1684613
AFLfast,xmllint,12,1623689385, 1, 3332, 3935, 3113, 177, 13.92%, 0, 3, 5, 2.21, 1686153
AFLfast,xmllint,12,1623689432, 1, 3337, 3935, 3112, 176, 13.92%, 0, 3, 5, 41.78, 1687501
AFLfast,xmllint,12,1623689437, 1, 3337, 3936, 3113, 176, 13.92%, 0, 3, 5, 34.91, 1687669
AFLfast,xmllint,12,1623689442, 1, 3337, 3937, 3114, 176, 13.92%, 0, 3, 5, 31.93, 1687827
AFLfast,xmllint,12,1623689515, 1, 3337, 3938, 3115, 176, 13.92%, 0, 3, 5, 33.37, 1689675
AFLfast,xmllint,12,1623689617, 1, 3339, 3938, 3114, 176, 13.92%, 0, 3, 5, 27.69, 1692537
AFLfast,xmllint,12,1623689628, 1, 3339, 3940, 3116, 176, 13.92%, 0, 3, 5, 30.73, 1692856
AFLfast,xmllint,12,1623689648, 1, 3339, 3941, 3117, 176, 13.92%, 0, 3, 5, 31.28, 1693499
AFLfast,xmllint,12,1623689804, 1, 3349, 3941, 3116, 177, 13.92%, 0, 3, 5, 50.50, 1697589
AFLfast,xmllint,12,1623689840, 1, 3356, 3941, 3115, 176, 13.92%, 0, 3, 5, 1.03, 1698431
AFLfast,xmllint,12,1623689994, 1, 3356, 3942, 3116, 176, 13.92%, 0, 3, 5, 25.66, 1701849
AFLfast,xmllint,12,1623690124, 1, 3358, 3942, 3115, 175, 13.92%, 0, 3, 5, 27.43, 1704585
AFLfast,xmllint,12,1623690161, 1, 3359, 3942, 3114, 174, 13.92%, 0, 3, 5, 1.35, 1705574
AFLfast,xmllint,12,1623690223, 1, 3360, 3942, 3113, 173, 13.92%, 0, 3, 5, 45.58, 1707195
AFLfast,xmllint,12,1623690270, 1, 3361, 3942, 3112, 172, 13.92%, 0, 3, 5, 0.52, 1708159
AFLfast,xmllint,12,1623690323, 1, 3369, 3942, 3111, 171, 13.92%, 0, 3, 5, 1.67, 1709656
AFLfast,xmllint,12,1623690333, 1, 3369, 3943, 3112, 171, 13.93%, 0, 3, 5, 31.34, 1709989
AFLfast,xmllint,12,1623690343, 1, 3369, 3944, 3113, 171, 13.93%, 0, 3, 5, 30.88, 1710301
AFLfast,xmllint,12,1623690359, 1, 3369, 3945, 3114, 171, 13.93%, 0, 3, 5, 27.96, 1710746
AFLfast,xmllint,12,1623690389, 1, 3369, 3946, 3115, 171, 13.93%, 0, 3, 5, 24.96, 1711260
AFLfast,xmllint,12,1623690400, 1, 3369, 3947, 3116, 171, 13.93%, 0, 3, 5, 30.85, 1711587
AFLfast,xmllint,12,1623690405, 1, 3369, 3948, 3117, 171, 13.93%, 0, 3, 5, 31.56, 1711746
AFLfast,xmllint,12,1623690431, 1, 3369, 3949, 3118, 171, 13.93%, 0, 3, 5, 30.57, 1712512
AFLfast,xmllint,12,1623690452, 1, 3369, 3950, 3119, 171, 13.93%, 0, 3, 5, 17.10, 1713010
AFLfast,xmllint,12,1623690508, 1, 3369, 3951, 3120, 171, 13.93%, 0, 3, 5, 30.52, 1714120
AFLfast,xmllint,12,1623690529, 1, 3370, 3951, 3119, 174, 13.93%, 0, 3, 5, 39.67, 1714729
AFLfast,xmllint,12,1623690534, 1, 3370, 3952, 3120, 174, 13.94%, 0, 3, 5, 36.95, 1714918
AFLfast,xmllint,12,1623690539, 1, 3370, 3953, 3121, 174, 13.95%, 0, 3, 5, 33.33, 1715077
AFLfast,xmllint,12,1623690591, 1, 3370, 3954, 3122, 174, 13.95%, 0, 3, 5, 31.32, 1716017
AFLfast,xmllint,12,1623690596, 1, 3370, 3956, 3124, 174, 13.95%, 0, 3, 5, 30.28, 1716175
AFLfast,xmllint,12,1623690607, 1, 3370, 3957, 3125, 174, 13.95%, 0, 3, 5, 27.90, 1716471
AFLfast,xmllint,12,1623690617, 1, 3370, 3958, 3126, 174, 13.95%, 0, 3, 5, 29.91, 1716779
AFLfast,xmllint,12,1623690662, 1, 3370, 3959, 3127, 174, 13.95%, 0, 3, 5, 14.61, 1717577
AFLfast,xmllint,12,1623690759, 1, 3370, 3960, 3128, 174, 13.95%, 0, 3, 5, 29.55, 1719584
AFLfast,xmllint,12,1623690775, 1, 3385, 3960, 3127, 175, 13.95%, 0, 3, 5, 0.23, 1719811
AFLfast,xmllint,12,1623690832, 1, 3386, 3960, 3126, 174, 13.95%, 0, 3, 5, 43.52, 1721267
AFLfast,xmllint,12,1623690884, 1, 3390, 3960, 3125, 173, 13.95%, 0, 3, 5, 27.26, 1722640
AFLfast,xmllint,12,1623690938, 1, 3395, 3960, 3124, 172, 13.95%, 0, 3, 5, 0.65, 1723969
AFLfast,xmllint,12,1623690964, 1, 3398, 3960, 3123, 172, 13.95%, 0, 3, 5, 36.14, 1724735
AFLfast,xmllint,12,1623690974, 1, 3398, 3961, 3124, 172, 13.95%, 0, 3, 5, 32.80, 1725103
AFLfast,xmllint,12,1623690989, 1, 3398, 3962, 3125, 172, 13.95%, 0, 3, 5, 30.29, 1725566
AFLfast,xmllint,12,1623691005, 1, 3398, 3963, 3126, 172, 13.95%, 0, 3, 5, 18.40, 1725943
AFLfast,xmllint,12,1623691102, 1, 3398, 3964, 3127, 172, 13.95%, 0, 3, 5, 0.15, 1728025
AFLfast,xmllint,12,1623691118, 1, 3398, 3965, 3128, 172, 13.95%, 0, 3, 5, 28.76, 1728474
AFLfast,xmllint,12,1623691144, 1, 3398, 3966, 3129, 172, 13.96%, 0, 3, 5, 0.70, 1729065
AFLfast,xmllint,12,1623691169, 1, 3398, 3967, 3130, 172, 13.96%, 0, 3, 5, 13.75, 1729464
AFLfast,xmllint,12,1623691185, 1, 3398, 3968, 3131, 172, 13.97%, 0, 3, 5, 19.59, 1729710
AFLfast,xmllint,12,1623691219, 1, 3398, 3969, 3132, 172, 13.97%, 0, 3, 5, 29.86, 1730565
AFLfast,xmllint,12,1623691268, 1, 3400, 3969, 3131, 176, 13.97%, 0, 3, 5, 2.08, 1731544
AFLfast,xmllint,12,1623691307, 1, 3401, 3969, 3130, 175, 13.97%, 0, 3, 5, 0.64, 1732301
AFLfast,xmllint,12,1623691340, 1, 3407, 3969, 3129, 174, 13.97%, 0, 3, 5, 1.00, 1733276
AFLfast,xmllint,12,1623691350, 1, 3407, 3971, 3131, 174, 13.97%, 0, 3, 5, 34.36, 1733658
AFLfast,xmllint,12,1623691355, 1, 3407, 3973, 3133, 174, 13.97%, 0, 3, 5, 30.08, 1733807
AFLfast,xmllint,12,1623691360, 1, 3407, 3974, 3134, 174, 13.98%, 0, 3, 5, 29.70, 1733953
AFLfast,xmllint,12,1623691365, 1, 3407, 3975, 3135, 174, 13.98%, 0, 3, 5, 30.07, 1734105
AFLfast,xmllint,12,1623691381, 1, 3407, 3976, 3136, 174, 13.98%, 0, 3, 5, 29.93, 1734573
AFLfast,xmllint,12,1623691396, 1, 3407, 3977, 3137, 174, 13.98%, 0, 3, 5, 13.02, 1734733
AFLfast,xmllint,12,1623691412, 1, 3407, 3978, 3138, 174, 13.98%, 0, 3, 5, 14.23, 1734931
AFLfast,xmllint,12,1623691520, 1, 3407, 3979, 3139, 174, 13.98%, 0, 3, 5, 27.46, 1737180
AFLfast,xmllint,12,1623691562, 1, 3407, 3980, 3140, 174, 13.98%, 0, 3, 5, 28.71, 1738189
AFLfast,xmllint,12,1623691579, 1, 3410, 3980, 3139, 176, 13.98%, 0, 3, 5, 2.87, 1738578
AFLfast,xmllint,12,1623691618, 1, 3429, 3980, 3138, 175, 13.98%, 0, 3, 5, 0.45, 1739567
AFLfast,xmllint,12,1623691671, 1, 3433, 3980, 3137, 174, 13.98%, 0, 3, 5, 45.50, 1741051
AFLfast,xmllint,12,1623691712, 1, 3434, 3980, 3136, 173, 13.98%, 0, 3, 5, 49.08, 1742466
AFLfast,xmllint,12,1623691753, 1, 3443, 3980, 3135, 172, 13.98%, 0, 3, 5, 36.19, 1743733
AFLfast,xmllint,12,1623691774, 1, 3443, 3981, 3136, 172, 13.98%, 0, 3, 5, 31.84, 1744387
AFLfast,xmllint,12,1623691816, 1, 3445, 3981, 3135, 172, 13.98%, 0, 3, 5, 4.02, 1745498
AFLfast,xmllint,12,1623691832, 1, 3445, 3982, 3136, 172, 13.98%, 0, 3, 5, 33.78, 1746073
AFLfast,xmllint,12,1623691909, 1, 3446, 3982, 3135, 171, 13.98%, 0, 3, 5, 42.32, 1748190
AFLfast,xmllint,12,1623691972, 1, 3448, 3982, 3134, 170, 13.98%, 0, 3, 5, 2.63, 1750176
AFLfast,xmllint,12,1623691998, 1, 3448, 3984, 3136, 170, 13.98%, 0, 3, 5, 33.97, 1751087
AFLfast,xmllint,12,1623692075, 1, 3448, 3985, 3137, 170, 13.98%, 0, 3, 5, 32.97, 1753309
AFLfast,xmllint,12,1623692148, 1, 3449, 3985, 3136, 170, 13.98%, 0, 3, 5, 43.22, 1755410
AFLfast,xmllint,12,1623692153, 1, 3449, 3986, 3137, 170, 13.98%, 0, 3, 5, 38.45, 1755608
AFLfast,xmllint,12,1623692173, 1, 3449, 3988, 3139, 170, 13.98%, 0, 3, 5, 34.98, 1756322
AFLfast,xmllint,12,1623692194, 1, 3449, 3989, 3140, 170, 13.98%, 0, 3, 5, 18.02, 1756802
AFLfast,xmllint,12,1623692266, 1, 3449, 3990, 3141, 170, 13.98%, 0, 3, 5, 35.06, 1758807
AFLfast,xmllint,12,1623692282, 1, 3452, 3990, 3140, 173, 13.98%, 0, 3, 5, 31.11, 1759316
AFLfast,xmllint,12,1623692323, 1, 3454, 3990, 3139, 172, 13.98%, 0, 3, 5, 3.78, 1760630
AFLfast,xmllint,12,1623692422, 1, 3455, 3990, 3138, 171, 13.98%, 0, 3, 5, 53.78, 1764292
AFLfast,xmllint,12,1623692519, 1, 3459, 3990, 3137, 170, 13.98%, 0, 3, 5, 48.37, 1767792
AFLfast,xmllint,12,1623692555, 1, 3461, 3990, 3136, 169, 13.98%, 0, 3, 5, 62.39, 1769067
AFLfast,xmllint,12,1623692575, 1, 3462, 3990, 3135, 168, 13.98%, 0, 3, 5, 31.03, 1769928
AFLfast,xmllint,12,1623692586, 1, 3462, 3992, 3137, 168, 13.98%, 0, 3, 5, 39.02, 1770355
AFLfast,xmllint,12,1623692591, 1, 3462, 3993, 3138, 168, 13.98%, 0, 3, 5, 31.94, 1770519
AFLfast,xmllint,12,1623692632, 1, 3462, 3994, 3139, 168, 13.98%, 0, 3, 5, 36.59, 1771520
AFLfast,xmllint,12,1623692647, 1, 3462, 3995, 3140, 168, 13.98%, 0, 3, 5, 39.17, 1772107
AFLfast,xmllint,12,1623692663, 1, 3462, 3996, 3141, 168, 13.98%, 0, 3, 5, 38.14, 1772655
AFLfast,xmllint,12,1623692684, 1, 3462, 3997, 3142, 168, 13.98%, 0, 3, 5, 21.33, 1773296
AFLfast,xmllint,12,1623692753, 1, 3463, 3997, 3141, 168, 13.98%, 0, 3, 5, 30.85, 1775277
AFLfast,xmllint,12,1623692774, 1, 3470, 3997, 3140, 167, 13.98%, 0, 3, 5, 41.00, 1776174
AFLfast,xmllint,12,1623692810, 1, 3477, 3997, 3139, 166, 13.98%, 0, 3, 5, 54.76, 1777641
AFLfast,xmllint,12,1623692821, 1, 3477, 3998, 3140, 166, 13.98%, 0, 3, 5, 42.13, 1778088
AFLfast,xmllint,12,1623692836, 1, 3477, 3999, 3141, 166, 13.98%, 0, 3, 5, 26.23, 1778623
AFLfast,xmllint,12,1623692841, 1, 3477, 4000, 3142, 166, 13.98%, 0, 3, 5, 21.49, 1778727
AFLfast,xmllint,12,1623692867, 1, 3477, 4001, 3143, 166, 13.98%, 0, 3, 5, 42.86, 1779412
AFLfast,xmllint,12,1623692949, 1, 3479, 4001, 3142, 165, 13.98%, 0, 3, 5, 58.77, 1782782
AFLfast,xmllint,12,1623693005, 1, 3480, 4001, 3141, 164, 13.98%, 0, 3, 5, 54.19, 1785275
AFLfast,xmllint,12,1623693036, 1, 3487, 4001, 3140, 163, 13.98%, 0, 3, 5, 53.32, 1786635
AFLfast,xmllint,12,1623693051, 1, 3487, 4002, 3141, 163, 13.98%, 0, 3, 5, 47.58, 1787368
AFLfast,xmllint,12,1623693072, 1, 3487, 4003, 3142, 163, 13.98%, 0, 3, 5, 50.71, 1788319
AFLfast,xmllint,12,1623693113, 1, 3489, 4003, 3141, 163, 13.98%, 0, 3, 5, 34.32, 1790096
AFLfast,xmllint,12,1623693149, 1, 3498, 4003, 3140, 162, 13.98%, 0, 3, 5, 47.52, 1791504
AFLfast,xmllint,12,1623693190, 1, 3500, 4003, 3139, 161, 13.98%, 0, 3, 5, 65.13, 1793615
AFLfast,xmllint,12,1623693195, 1, 3500, 4004, 3140, 161, 13.98%, 0, 3, 5, 59.08, 1793909
AFLfast,xmllint,12,1623693236, 1, 3500, 4005, 3141, 161, 13.98%, 0, 3, 5, 52.52, 1796060
AFLfast,xmllint,12,1623693299, 1, 3503, 4005, 3140, 161, 13.98%, 0, 3, 5, 62.88, 1798661
AFLfast,xmllint,12,1623693309, 1, 3503, 4006, 3141, 161, 13.98%, 0, 3, 5, 53.73, 1799190
AFLfast,xmllint,12,1623693314, 1, 3503, 4007, 3142, 161, 13.98%, 0, 3, 5, 52.76, 1799454
AFLfast,xmllint,12,1623693320, 1, 3503, 4008, 3143, 161, 13.98%, 0, 3, 5, 10.06, 1799699
AFLfast,xmllint,12,1623693325, 1, 3503, 4011, 3146, 161, 13.99%, 0, 3, 5, 31.88, 1799928
AFLfast,xmllint,12,1623693356, 1, 3503, 4012, 3147, 161, 13.99%, 0, 3, 5, 24.64, 1800694
AFLfast,xmllint,12,1623693401, 1, 3503, 4013, 3148, 161, 13.99%, 0, 3, 5, 50.78, 1802205
AFLfast,xmllint,12,1623693412, 1, 3503, 4014, 3149, 161, 13.99%, 0, 3, 5, 50.46, 1802715
AFLfast,xmllint,12,1623693422, 1, 3503, 4015, 3150, 161, 13.99%, 0, 3, 5, 50.00, 1803183
AFLfast,xmllint,12,1623693432, 1, 3503, 4016, 3151, 161, 13.99%, 0, 3, 5, 49.95, 1803686
AFLfast,xmllint,12,1623693457, 1, 3503, 4017, 3152, 161, 13.99%, 0, 3, 5, 26.27, 1804617
AFLfast,xmllint,12,1623693473, 1, 3503, 4018, 3153, 161, 13.99%, 0, 3, 5, 26.06, 1804977
AFLfast,xmllint,12,1623693488, 1, 3512, 4018, 3152, 165, 13.99%, 0, 3, 5, 46.32, 1805372
AFLfast,xmllint,12,1623693514, 1, 3512, 4019, 3153, 165, 13.99%, 0, 3, 6, 54.54, 1806459
AFLfast,xmllint,12,1623693529, 1, 3512, 4020, 3154, 165, 13.99%, 0, 3, 6, 56.04, 1807339
AFLfast,xmllint,12,1623693596, 1, 3513, 4020, 3153, 166, 13.99%, 0, 3, 6, 56.71, 1810441
AFLfast,xmllint,12,1623693611, 1, 3515, 4020, 3152, 165, 13.99%, 0, 3, 6, 64.22, 1811279
AFLfast,xmllint,12,1623693626, 1, 3519, 4020, 3151, 164, 13.99%, 0, 3, 6, 58.90, 1812111
AFLfast,xmllint,12,1623693637, 1, 3519, 4021, 3152, 164, 13.99%, 0, 3, 6, 48.44, 1812654
AFLfast,xmllint,12,1623693642, 1, 3519, 4022, 3153, 164, 13.99%, 0, 3, 6, 34.95, 1812826
AFLfast,xmllint,12,1623693740, 1, 3525, 4023, 3153, 165, 13.99%, 0, 3, 6, 58.64, 1817232
AFLfast,xmllint,12,1623693797, 1, 3526, 4023, 3152, 165, 13.99%, 0, 3, 6, 44.97, 1819696
AFLfast,xmllint,12,1623693812, 1, 3526, 4024, 3153, 165, 13.99%, 0, 3, 6, 36.62, 1820264
AFLfast,xmllint,12,1623693833, 1, 3526, 4025, 3154, 165, 13.99%, 0, 3, 6, 37.29, 1821003
AFLfast,xmllint,12,1623693920, 1, 3531, 4026, 3154, 165, 13.99%, 0, 3, 6, 65.09, 1823560
AFLfast,xmllint,12,1623693936, 1, 3531, 4027, 3155, 165, 13.99%, 0, 3, 6, 44.99, 1824172
AFLfast,xmllint,12,1623693956, 1, 3531, 4028, 3156, 165, 13.99%, 0, 3, 6, 59.50, 1825337
AFLfast,xmllint,12,1623693982, 1, 3531, 4029, 3157, 165, 13.99%, 0, 3, 6, 54.34, 1826773
AFLfast,xmllint,12,1623694028, 1, 3532, 4029, 3156, 165, 13.99%, 0, 3, 6, 61.20, 1828529
AFLfast,xmllint,12,1623694033, 1, 3532, 4030, 3157, 165, 13.99%, 0, 3, 6, 58.80, 1828828
AFLfast,xmllint,12,1623694074, 1, 3534, 4030, 3156, 165, 13.99%, 0, 3, 6, 64.92, 1831121
AFLfast,xmllint,12,1623694100, 1, 3539, 4030, 3155, 164, 13.99%, 0, 3, 6, 63.08, 1832187
AFLfast,xmllint,12,1623694116, 1, 3542, 4030, 3154, 163, 13.99%, 0, 3, 6, 1.15, 1833004
AFLfast,xmllint,12,1623694121, 1, 3542, 4031, 3155, 163, 13.99%, 0, 3, 6, 58.54, 1833303
AFLfast,xmllint,12,1623694157, 1, 3542, 4032, 3156, 163, 13.99%, 0, 3, 6, 28.85, 1834935
AFLfast,xmllint,12,1623694182, 1, 3542, 4034, 3158, 163, 13.99%, 0, 3, 6, 48.11, 1835866
AFLfast,xmllint,12,1623694218, 1, 3542, 4035, 3159, 163, 13.99%, 0, 3, 6, 49.64, 1837597
AFLfast,xmllint,12,1623694233, 1, 3543, 4035, 3158, 164, 13.99%, 0, 3, 6, 33.75, 1838212
AFLfast,xmllint,12,1623694259, 1, 3543, 4036, 3159, 164, 13.99%, 0, 3, 6, 44.68, 1839067
AFLfast,xmllint,12,1623694346, 1, 3543, 4037, 3160, 164, 13.99%, 0, 3, 6, 51.05, 1843124
AFLfast,xmllint,12,1623694351, 1, 3554, 4037, 3159, 164, 13.99%, 0, 3, 6, 50.42, 1843352
AFLfast,xmllint,12,1623694366, 1, 3554, 4038, 3160, 164, 13.99%, 0, 3, 6, 48.81, 1844149
AFLfast,xmllint,12,1623694371, 1, 3554, 4039, 3161, 164, 13.99%, 0, 3, 6, 49.58, 1844399
AFLfast,xmllint,12,1623694382, 1, 3554, 4041, 3163, 164, 14.00%, 0, 3, 6, 45.88, 1844857
AFLfast,xmllint,12,1623694413, 1, 3554, 4044, 3166, 164, 14.00%, 0, 3, 6, 21.56, 1845569
AFLfast,xmllint,12,1623694418, 1, 3554, 4045, 3167, 164, 14.00%, 0, 3, 6, 22.44, 1845685
AFLfast,xmllint,12,1623694433, 1, 3554, 4046, 3168, 164, 14.00%, 0, 3, 6, 21.57, 1846001
AFLfast,xmllint,12,1623694454, 1, 3554, 4047, 3169, 164, 14.00%, 0, 3, 6, 24.32, 1846491
AFLfast,xmllint,12,1623694466, 1, 3554, 4048, 3170, 164, 14.00%, 0, 3, 6, 2.60, 1846745
AFLfast,xmllint,12,1623694527, 1, 3554, 4049, 3171, 164, 14.00%, 0, 3, 6, 40.34, 1848904
AFLfast,xmllint,12,1623694563, 1, 3564, 4049, 3170, 164, 14.00%, 0, 3, 6, 48.33, 1850342
AFLfast,xmllint,12,1623694569, 1, 3564, 4054, 3175, 164, 14.00%, 0, 3, 6, 47.51, 1850594
AFLfast,xmllint,12,1623694574, 1, 3564, 4062, 3183, 164, 14.00%, 0, 3, 6, 46.57, 1850837
AFLfast,xmllint,12,1623694579, 1, 3564, 4066, 3187, 164, 14.00%, 0, 3, 6, 46.63, 1851083
AFLfast,xmllint,12,1623694584, 1, 3564, 4072, 3193, 164, 14.01%, 0, 3, 6, 46.44, 1851320
AFLfast,xmllint,12,1623694589, 1, 3564, 4077, 3198, 164, 14.01%, 0, 3, 6, 44.76, 1851547
AFLfast,xmllint,12,1623694595, 1, 3564, 4078, 3199, 164, 14.01%, 0, 3, 6, 4.03, 1851769
AFLfast,xmllint,12,1623694600, 1, 3564, 4079, 3200, 164, 14.01%, 0, 3, 6, 40.52, 1851988
AFLfast,xmllint,12,1623694606, 1, 3564, 4081, 3202, 164, 14.01%, 0, 3, 6, 42.03, 1852209
AFLfast,xmllint,12,1623694611, 1, 3564, 4083, 3204, 164, 14.01%, 0, 3, 6, 41.47, 1852422
AFLfast,xmllint,12,1623694616, 1, 3564, 4085, 3206, 164, 14.01%, 0, 3, 6, 41.42, 1852633
AFLfast,xmllint,12,1623694621, 1, 3564, 4087, 3208, 164, 14.01%, 0, 3, 6, 40.51, 1852843
AFLfast,xmllint,12,1623694626, 1, 3564, 4088, 3209, 164, 14.01%, 0, 3, 6, 19.55, 1852924
AFLfast,xmllint,12,1623694636, 1, 3564, 4090, 3211, 164, 14.01%, 0, 3, 6, 21.67, 1853147
AFLfast,xmllint,12,1623694657, 1, 3564, 4091, 3212, 164, 14.01%, 0, 3, 6, 20.58, 1853579
AFLfast,xmllint,12,1623694693, 1, 3564, 4094, 3215, 164, 14.01%, 0, 3, 6, 22.23, 1854305
AFLfast,xmllint,12,1623694703, 1, 3564, 4095, 3216, 164, 14.01%, 0, 3, 6, 21.10, 1854519
AFLfast,xmllint,12,1623694708, 1, 3564, 4096, 3217, 164, 14.01%, 0, 3, 6, 20.93, 1854628
AFLfast,xmllint,12,1623694718, 1, 3564, 4097, 3218, 164, 14.01%, 0, 3, 6, 22.95, 1854861
AFLfast,xmllint,12,1623694744, 1, 3564, 4098, 3219, 164, 14.01%, 0, 3, 6, 23.47, 1855447
AFLfast,xmllint,12,1623694800, 1, 3564, 4099, 3220, 164, 14.01%, 0, 3, 6, 21.13, 1856603
AFLfast,xmllint,12,1623694810, 1, 3564, 4101, 3222, 164, 14.01%, 0, 3, 6, 21.85, 1856824
AFLfast,xmllint,12,1623694821, 1, 3564, 4102, 3223, 164, 14.01%, 0, 3, 6, 22.50, 1857062
AFLfast,xmllint,12,1623694846, 1, 3567, 4102, 3222, 168, 14.01%, 0, 3, 6, 36.61, 1857572
AFLfast,xmllint,12,1623694877, 1, 3567, 4103, 3223, 168, 14.01%, 0, 3, 6, 25.17, 1858364
AFLfast,xmllint,12,1623694964, 1, 3567, 4104, 3224, 168, 14.01%, 0, 3, 6, 25.26, 1860422
AFLfast,xmllint,12,1623694984, 1, 3567, 4105, 3225, 168, 14.01%, 0, 3, 6, 23.80, 1860891
AFLfast,xmllint,12,1623695005, 1, 3567, 4106, 3226, 168, 14.01%, 0, 3, 6, 23.31, 1861367
AFLfast,xmllint,12,1623695057, 1, 3567, 4107, 3227, 168, 14.01%, 0, 3, 6, 23.67, 1862528
AFLfast,xmllint,12,1623695133, 1, 3568, 4108, 3227, 167, 14.01%, 0, 3, 6, 57.33, 1864333
AFLfast,xmllint,12,1623695154, 1, 3568, 4109, 3228, 167, 14.01%, 0, 3, 6, 51.80, 1865424
AFLfast,xmllint,12,1623695175, 1, 3580, 4109, 3227, 167, 14.01%, 0, 3, 6, 48.58, 1866354
AFLfast,xmllint,12,1623695185, 1, 3580, 4110, 3228, 167, 14.01%, 0, 3, 6, 47.67, 1866861
AFLfast,xmllint,12,1623695231, 1, 3581, 4110, 3227, 166, 14.01%, 0, 3, 6, 58.36, 1868242
AFLfast,xmllint,12,1623695236, 1, 3581, 4112, 3229, 166, 14.01%, 0, 3, 6, 57.60, 1868542
AFLfast,xmllint,12,1623695241, 1, 3581, 4113, 3230, 166, 14.01%, 0, 3, 6, 52.51, 1868795
AFLfast,xmllint,12,1623695251, 1, 3581, 4114, 3231, 166, 14.01%, 0, 3, 6, 48.96, 1869287
AFLfast,xmllint,12,1623695365, 1, 3583, 4114, 3230, 166, 14.01%, 0, 3, 6, 60.85, 1873384
AFLfast,xmllint,12,1623695370, 1, 3583, 4115, 3231, 166, 14.01%, 0, 3, 6, 56.08, 1873678
AFLfast,xmllint,12,1623695396, 1, 3583, 4116, 3232, 166, 14.01%, 0, 3, 6, 45.05, 1874663
AFLfast,xmllint,12,1623695458, 1, 3583, 4117, 3233, 166, 14.01%, 0, 3, 6, 48.91, 1877330
AFLfast,xmllint,12,1623695484, 1, 3587, 4117, 3232, 166, 14.01%, 0, 3, 6, 54.93, 1878502
AFLfast,xmllint,12,1623695489, 1, 3587, 4118, 3233, 166, 14.01%, 0, 3, 6, 57.49, 1878814
AFLfast,xmllint,12,1623695504, 1, 3587, 4119, 3234, 166, 14.01%, 0, 3, 6, 52.04, 1879592
AFLfast,xmllint,12,1623695509, 1, 3587, 4120, 3235, 166, 14.01%, 0, 3, 6, 15.22, 1879804
AFLfast,xmllint,12,1623695612, 1, 3588, 4120, 3234, 165, 14.01%, 0, 3, 6, 67.43, 1883822
AFLfast,xmllint,12,1623695642, 1, 3594, 4120, 3233, 164, 14.01%, 0, 3, 6, 0.68, 1884613
AFLfast,xmllint,12,1623695647, 1, 3594, 4127, 3240, 164, 14.01%, 0, 3, 6, 55.14, 1884902
AFLfast,xmllint,12,1623695652, 1, 3594, 4129, 3242, 164, 14.01%, 0, 3, 6, 57.52, 1885205
AFLfast,xmllint,12,1623695688, 1, 3594, 4130, 3243, 164, 14.01%, 0, 3, 6, 27.10, 1886556
AFLfast,xmllint,12,1623695698, 1, 3594, 4131, 3244, 164, 14.01%, 0, 3, 6, 23.39, 1886803
AFLfast,xmllint,12,1623695703, 1, 3594, 4132, 3245, 164, 14.01%, 0, 3, 6, 23.46, 1886898
AFLfast,xmllint,12,1623695754, 1, 3594, 4133, 3246, 164, 14.01%, 0, 3, 6, 24.93, 1888112
AFLfast,xmllint,12,1623695765, 1, 3594, 4134, 3247, 164, 14.01%, 0, 3, 6, 24.69, 1888368
AFLfast,xmllint,12,1623695770, 1, 3594, 4135, 3248, 164, 14.01%, 0, 3, 6, 26.01, 1888501
AFLfast,xmllint,12,1623695842, 1, 3595, 4135, 3247, 166, 14.01%, 0, 3, 6, 53.58, 1891513
AFLfast,xmllint,12,1623695857, 1, 3604, 4135, 3246, 165, 14.01%, 0, 3, 6, 52.57, 1892293
AFLfast,xmllint,12,1623695862, 1, 3604, 4138, 3249, 165, 14.01%, 0, 3, 6, 50.82, 1892562
AFLfast,xmllint,12,1623695867, 1, 3604, 4140, 3251, 165, 14.01%, 0, 3, 6, 49.48, 1892811
AFLfast,xmllint,12,1623695873, 1, 3604, 4143, 3254, 165, 14.01%, 0, 3, 6, 47.46, 1893057
AFLfast,xmllint,12,1623695878, 1, 3604, 4144, 3255, 165, 14.01%, 0, 3, 6, 47.00, 1893301
AFLfast,xmllint,12,1623695883, 1, 3604, 4145, 3256, 165, 14.01%, 0, 3, 6, 44.93, 1893524
AFLfast,xmllint,12,1623695888, 1, 3604, 4146, 3257, 165, 14.01%, 0, 3, 6, 43.85, 1893748
AFLfast,xmllint,12,1623695894, 1, 3604, 4148, 3259, 165, 14.02%, 0, 3, 6, 43.61, 1893971
AFLfast,xmllint,12,1623695899, 1, 3604, 4149, 3260, 165, 14.02%, 0, 3, 6, 43.02, 1894190
AFLfast,xmllint,12,1623695909, 1, 3604, 4150, 3261, 165, 14.02%, 0, 3, 6, 4.47, 1894588
AFLfast,xmllint,12,1623695920, 1, 3604, 4151, 3262, 165, 14.02%, 0, 3, 6, 30.95, 1894969
AFLfast,xmllint,12,1623695971, 1, 3604, 4152, 3263, 165, 14.02%, 0, 3, 6, 23.78, 1896115
AFLfast,xmllint,12,1623695977, 1, 3604, 4153, 3264, 165, 14.02%, 0, 3, 6, 24.28, 1896245
AFLfast,xmllint,12,1623696003, 1, 3604, 4154, 3265, 165, 14.02%, 0, 3, 6, 21.09, 1896772
AFLfast,xmllint,12,1623696013, 1, 3604, 4156, 3267, 165, 14.02%, 0, 3, 6, 21.62, 1896990
AFLfast,xmllint,12,1623696018, 1, 3604, 4157, 3268, 165, 14.02%, 0, 3, 6, 21.56, 1897101
AFLfast,xmllint,12,1623696040, 1, 3607, 4157, 3267, 167, 14.02%, 0, 3, 6, 1.02, 1897507
AFLfast,xmllint,12,1623696071, 1, 3607, 4159, 3269, 167, 14.02%, 0, 3, 6, 23.10, 1898285
AFLfast,xmllint,12,1623696081, 1, 3607, 4160, 3270, 167, 14.02%, 0, 3, 6, 21.49, 1898504
AFLfast,xmllint,12,1623696086, 1, 3607, 4161, 3271, 167, 14.02%, 0, 3, 6, 21.45, 1898610
AFLfast,xmllint,12,1623696096, 1, 3607, 4164, 3274, 167, 14.02%, 0, 3, 6, 21.91, 1898832
AFLfast,xmllint,12,1623696101, 1, 3607, 4165, 3275, 167, 14.02%, 0, 3, 6, 19.35, 1898898
AFLfast,xmllint,12,1623696107, 1, 3607, 4166, 3276, 167, 14.02%, 0, 3, 6, 20.71, 1899004
AFLfast,xmllint,12,1623696112, 1, 3607, 4168, 3278, 167, 14.02%, 0, 3, 6, 21.34, 1899111
AFLfast,xmllint,12,1623696117, 1, 3607, 4169, 3279, 167, 14.02%, 0, 3, 6, 22.28, 1899224
AFLfast,xmllint,12,1623696147, 1, 3607, 4170, 3280, 167, 14.02%, 0, 3, 6, 23.11, 1899911
AFLfast,xmllint,12,1623696158, 1, 3607, 4171, 3281, 167, 14.02%, 0, 3, 6, 22.59, 1900081
AFLfast,xmllint,12,1623696163, 1, 3607, 4172, 3282, 167, 14.02%, 0, 3, 6, 23.45, 1900204
AFLfast,xmllint,12,1623696236, 1, 3607, 4173, 3283, 167, 14.03%, 0, 3, 6, 20.70, 1901719
AFLfast,xmllint,12,1623696241, 1, 3607, 4174, 3284, 167, 14.03%, 0, 3, 6, 21.60, 1901833
AFLfast,xmllint,12,1623696290, 1, 3607, 4175, 3285, 167, 14.03%, 0, 3, 6, 46.26, 1903633
AFLfast,xmllint,12,1623696315, 1, 3615, 4175, 3284, 169, 14.03%, 0, 3, 6, 61.04, 1904656
AFLfast,xmllint,12,1623696336, 1, 3620, 4175, 3283, 168, 14.03%, 0, 3, 6, 55.57, 1905483
AFLfast,xmllint,12,1623696351, 1, 3620, 4176, 3284, 168, 14.03%, 0, 3, 6, 53.44, 1906286
AFLfast,xmllint,12,1623696362, 1, 3620, 4177, 3285, 168, 14.03%, 0, 3, 6, 51.75, 1906785
AFLfast,xmllint,12,1623696413, 1, 3621, 4177, 3284, 169, 14.03%, 0, 3, 6, 67.10, 1908848
AFLfast,xmllint,12,1623696418, 1, 3621, 4179, 3286, 169, 14.03%, 0, 3, 6, 58.82, 1909151
AFLfast,xmllint,12,1623696423, 1, 3621, 4180, 3287, 169, 14.03%, 0, 3, 6, 55.69, 1909430
AFLfast,xmllint,12,1623696438, 1, 3621, 4181, 3288, 169, 14.03%, 0, 3, 6, 51.78, 1910199
AFLfast,xmllint,12,1623696443, 1, 3621, 4183, 3290, 169, 14.03%, 0, 3, 6, 51.59, 1910459
AFLfast,xmllint,12,1623696576, 1, 3623, 4183, 3289, 172, 14.03%, 0, 3, 6, 58.51, 1915612
AFLfast,xmllint,12,1623696597, 1, 3627, 4183, 3288, 171, 14.03%, 0, 3, 6, 48.64, 1916642
AFLfast,xmllint,12,1623696602, 1, 3627, 4184, 3289, 171, 14.03%, 0, 3, 6, 52.80, 1916932
AFLfast,xmllint,12,1623696607, 1, 3627, 4185, 3290, 171, 14.04%, 0, 3, 6, 51.14, 1917190
AFLfast,xmllint,12,1623696633, 1, 3627, 4186, 3291, 171, 14.04%, 0, 3, 6, 51.56, 1918473
AFLfast,xmllint,12,1623696720, 1, 3629, 4186, 3290, 171, 14.04%, 0, 3, 6, 71.79, 1921884
AFLfast,xmllint,12,1623696746, 1, 3630, 4186, 3289, 170, 14.04%, 0, 3, 6, 9.51, 1923170
AFLfast,xmllint,12,1623696777, 1, 3633, 4186, 3288, 169, 14.04%, 0, 3, 6, 63.01, 1924743
AFLfast,xmllint,12,1623696782, 1, 3633, 4187, 3289, 169, 14.04%, 0, 3, 6, 45.50, 1924958
AFLfast,xmllint,12,1623696818, 1, 3633, 4188, 3290, 169, 14.04%, 0, 3, 6, 51.12, 1926611
AFLfast,xmllint,12,1623696890, 1, 3635, 4188, 3289, 169, 14.04%, 0, 3, 6, 57.47, 1929855
AFLfast,xmllint,12,1623696906, 1, 3635, 4190, 3291, 169, 14.05%, 0, 3, 6, 51.86, 1930655
AFLfast,xmllint,12,1623696916, 1, 3635, 4191, 3292, 169, 14.05%, 0, 3, 6, 45.93, 1931124
AFLfast,xmllint,12,1623696926, 1, 3635, 4192, 3293, 169, 14.05%, 0, 3, 6, 26.95, 1931423
AFLfast,xmllint,12,1623696969, 1, 3635, 4193, 3294, 169, 14.05%, 0, 3, 6, 51.06, 1932827
AFLfast,xmllint,12,1623697026, 1, 3635, 4194, 3295, 169, 14.05%, 0, 3, 6, 25.39, 1935296
AFLfast,xmllint,12,1623697056, 1, 3639, 4194, 3294, 168, 14.05%, 0, 3, 6, 66.02, 1936647
AFLfast,xmllint,12,1623697072, 1, 3645, 4194, 3293, 167, 14.05%, 0, 3, 6, 7.98, 1937404
AFLfast,xmllint,12,1623697092, 1, 3646, 4194, 3292, 166, 14.05%, 0, 3, 6, 54.78, 1938440
AFLfast,xmllint,12,1623697102, 1, 3646, 4195, 3293, 166, 14.05%, 0, 3, 6, 56.65, 1939011
AFLfast,xmllint,12,1623697123, 1, 3647, 4195, 3292, 166, 14.05%, 0, 3, 6, 65.73, 1940065
AFLfast,xmllint,12,1623697133, 1, 3647, 4196, 3293, 166, 14.05%, 0, 3, 6, 56.97, 1940637
AFLfast,xmllint,12,1623697143, 1, 3647, 4197, 3294, 166, 14.05%, 0, 3, 6, 54.06, 1941170
AFLfast,xmllint,12,1623697184, 1, 3647, 4198, 3295, 166, 14.05%, 0, 3, 6, 46.64, 1942563
AFLfast,xmllint,12,1623697205, 1, 3647, 4199, 3296, 166, 14.05%, 0, 3, 6, 56.13, 1943680
AFLfast,xmllint,12,1623697230, 1, 3648, 4200, 3296, 172, 14.06%, 0, 3, 6, 64.24, 1945032
AFLfast,xmllint,12,1623697251, 1, 3649, 4200, 3295, 171, 14.06%, 0, 3, 6, 4.83, 1945807
AFLfast,xmllint,12,1623697277, 1, 3653, 4200, 3294, 170, 14.06%, 0, 3, 6, 52.48, 1946786
AFLfast,xmllint,12,1623697292, 1, 3662, 4200, 3293, 169, 14.06%, 0, 3, 6, 59.22, 1947655
AFLfast,xmllint,12,1623697303, 1, 3662, 4202, 3295, 169, 14.06%, 0, 3, 6, 53.86, 1948203
AFLfast,xmllint,12,1623697308, 1, 3662, 4203, 3296, 169, 14.06%, 0, 3, 6, 53.10, 1948473
AFLfast,xmllint,12,1623697318, 1, 3662, 4204, 3297, 169, 14.06%, 0, 3, 6, 47.95, 1948950
AFLfast,xmllint,12,1623697389, 1, 3662, 4205, 3298, 169, 14.06%, 0, 3, 6, 51.54, 1951492
AFLfast,xmllint,12,1623697399, 1, 3662, 4206, 3299, 169, 14.06%, 0, 3, 6, 47.25, 1951962
AFLfast,xmllint,12,1623697410, 1, 3662, 4207, 3300, 169, 14.06%, 0, 3, 6, 48.77, 1952474
AFLfast,xmllint,12,1623697415, 1, 3664, 4207, 3299, 168, 14.06%, 0, 3, 6, 50.69, 1952718
AFLfast,xmllint,12,1623697425, 1, 3664, 4208, 3300, 168, 14.06%, 0, 3, 6, 34.05, 1953151
AFLfast,xmllint,12,1623697452, 1, 3664, 4209, 3301, 168, 14.06%, 0, 3, 6, 1.70, 1953787
AFLfast,xmllint,12,1623697467, 1, 3664, 4210, 3302, 168, 14.06%, 0, 3, 6, 42.74, 1954298
AFLfast,xmllint,12,1623697472, 1, 3664, 4212, 3304, 168, 14.06%, 0, 3, 6, 50.65, 1954577
AFLfast,xmllint,12,1623697509, 1, 3664, 4213, 3305, 168, 14.06%, 0, 3, 6, 50.60, 1956405
AFLfast,xmllint,12,1623697590, 1, 3667, 4213, 3304, 169, 14.06%, 0, 3, 6, 53.58, 1959483
AFLfast,xmllint,12,1623697601, 1, 3667, 4214, 3305, 169, 14.06%, 0, 3, 6, 51.42, 1960022
AFLfast,xmllint,12,1623697627, 1, 3674, 4214, 3304, 169, 14.06%, 0, 3, 6, 38.64, 1961122
AFLfast,xmllint,12,1623697663, 1, 3675, 4214, 3303, 168, 14.06%, 0, 3, 6, 54.96, 1962988
AFLfast,xmllint,12,1623697678, 1, 3676, 4214, 3302, 167, 14.06%, 0, 3, 6, 6.59, 1963743
AFLfast,xmllint,12,1623697706, 1, 3682, 4214, 3301, 166, 14.06%, 0, 3, 6, 4.26, 1965116
AFLfast,xmllint,12,1623697739, 1, 3682, 4215, 3302, 166, 14.06%, 0, 3, 6, 53.97, 1966782
AFLfast,xmllint,12,1623697782, 1, 3683, 4215, 3301, 165, 14.06%, 0, 3, 6, 54.51, 1968700
AFLfast,xmllint,12,1623697803, 1, 3688, 4215, 3300, 164, 14.06%, 0, 3, 6, 70.12, 1969774
AFLfast,xmllint,12,1623697823, 1, 3694, 4215, 3299, 163, 14.06%, 0, 3, 6, 57.41, 1970897
AFLfast,xmllint,12,1623697849, 1, 3699, 4215, 3298, 162, 14.06%, 0, 3, 6, 58.76, 1972202
AFLfast,xmllint,12,1623697874, 1, 3700, 4215, 3297, 161, 14.06%, 0, 3, 6, 66.86, 1973391
AFLfast,xmllint,12,1623697900, 1, 3705, 4215, 3296, 160, 14.06%, 0, 3, 6, 54.20, 1974756
AFLfast,xmllint,12,1623697926, 1, 3709, 4215, 3295, 159, 14.06%, 0, 3, 6, 51.92, 1976127
AFLfast,xmllint,12,1623697942, 1, 3709, 4216, 3296, 159, 14.06%, 0, 3, 6, 52.75, 1976942
AFLfast,xmllint,12,1623697962, 1, 3715, 4216, 3295, 159, 14.06%, 0, 3, 6, 66.72, 1977967
AFLfast,xmllint,12,1623698012, 1, 3719, 4216, 3294, 158, 14.06%, 0, 3, 6, 0.58, 1979058
AFLfast,xmllint,12,1623698017, 1, 3719, 4217, 3295, 158, 14.06%, 0, 3, 6, 53.29, 1979348
AFLfast,xmllint,12,1623698069, 1, 3720, 4217, 3294, 156, 14.06%, 0, 3, 6, 26.66, 1981766
AFLfast,xmllint,12,1623698100, 1, 3725, 4217, 3293, 156, 14.06%, 0, 3, 6, 58.05, 1983237
AFLfast,xmllint,12,1623698105, 1, 3725, 4218, 3294, 156, 14.06%, 0, 3, 6, 54.26, 1983512
AFLfast,xmllint,12,1623698156, 1, 3726, 4218, 3293, 156, 14.06%, 0, 3, 6, 68.07, 1985715
AFLfast,xmllint,12,1623698182, 1, 3738, 4218, 3292, 155, 14.06%, 0, 3, 6, 63.14, 1987075
AFLfast,xmllint,12,1623698202, 1, 3739, 4218, 3291, 154, 14.06%, 0, 3, 6, 52.07, 1988147
AFLfast,xmllint,12,1623698207, 1, 3739, 4219, 3292, 154, 14.06%, 0, 3, 6, 39.91, 1988348
AFLfast,xmllint,12,1623698222, 1, 3739, 4220, 3293, 154, 14.06%, 0, 3, 6, 51.50, 1988994
AFLfast,xmllint,12,1623698274, 1, 3740, 4220, 3292, 154, 14.06%, 0, 3, 6, 48.95, 1991642
AFLfast,xmllint,12,1623698300, 1, 3741, 4220, 3291, 153, 14.06%, 0, 3, 6, 1.39, 1992731
AFLfast,xmllint,12,1623698315, 1, 3743, 4220, 3290, 152, 14.06%, 0, 3, 6, 57.04, 1993585
AFLfast,xmllint,12,1623698331, 1, 3747, 4220, 3289, 151, 14.06%, 0, 3, 6, 56.78, 1994471
AFLfast,xmllint,12,1623698341, 1, 3747, 4222, 3291, 151, 14.07%, 0, 3, 6, 51.94, 1994996
AFLfast,xmllint,12,1623698388, 1, 3747, 4223, 3292, 151, 14.07%, 0, 3, 6, 53.25, 1996863
AFLfast,xmllint,12,1623698444, 1, 3750, 4223, 3291, 152, 14.07%, 0, 3, 6, 63.60, 1999364
AFLfast,xmllint,12,1623698470, 1, 3754, 4223, 3290, 151, 14.07%, 0, 3, 6, 60.06, 2000640
AFLfast,xmllint,12,1623698490, 1, 3762, 4223, 3289, 150, 14.07%, 0, 3, 6, 59.03, 2001628
AFLfast,xmllint,12,1623698512, 1, 3777, 4223, 3288, 149, 14.07%, 0, 3, 6, 5.65, 2002686
AFLfast,xmllint,12,1623698517, 1, 3777, 4225, 3290, 149, 14.07%, 0, 3, 6, 60.03, 2002995
AFLfast,xmllint,12,1623698573, 1, 3777, 4226, 3291, 149, 14.07%, 0, 3, 6, 48.84, 2005437
AFLfast,xmllint,12,1623698650, 1, 3779, 4226, 3290, 148, 14.07%, 0, 3, 6, 47.67, 2009326
AFLfast,xmllint,12,1623698655, 1, 3779, 4227, 3291, 148, 14.07%, 0, 3, 6, 49.49, 2009576
AFLfast,xmllint,12,1623698667, 1, 3779, 4228, 3292, 148, 14.07%, 0, 3, 6, 57.20, 2009923
AFLfast,xmllint,12,1623698672, 1, 3779, 4229, 3293, 148, 14.07%, 0, 3, 6, 55.76, 2010195
AFLfast,xmllint,12,1623698678, 1, 3779, 4229, 3293, 148, 14.07%, 0, 4, 6, 0.80, 2010264
AFLfast,xmllint,12,1623698688, 1, 3779, 4230, 3294, 148, 14.07%, 0, 4, 6, 49.79, 2010747
AFLfast,xmllint,12,1623698698, 1, 3779, 4231, 3295, 148, 14.07%, 0, 4, 6, 30.10, 2011153
AFLfast,xmllint,12,1623698719, 1, 3779, 4232, 3296, 148, 14.07%, 0, 4, 6, 22.12, 2011594
AFLfast,xmllint,12,1623698750, 1, 3779, 4233, 3297, 148, 14.07%, 0, 4, 6, 22.28, 2012296
AFLfast,xmllint,12,1623698771, 1, 3779, 4234, 3298, 148, 14.07%, 0, 4, 6, 44.47, 2013164
AFLfast,xmllint,12,1623698786, 1, 3779, 4235, 3299, 148, 14.07%, 0, 4, 6, 45.53, 2013865
AFLfast,xmllint,12,1623698843, 1, 3780, 4235, 3298, 148, 14.07%, 0, 4, 6, 40.58, 2016077
AFLfast,xmllint,12,1623698848, 1, 3780, 4236, 3299, 148, 14.07%, 0, 4, 6, 4.09, 2016181
AFLfast,xmllint,12,1623698860, 1, 3780, 4236, 3299, 148, 14.07%, 0, 5, 6, 2.66, 2016468
AFLfast,xmllint,12,1623698865, 1, 3780, 4237, 3300, 148, 14.07%, 0, 5, 6, 48.31, 2016708
AFLfast,xmllint,12,1623698877, 1, 3780, 4237, 3300, 148, 14.07%, 0, 6, 6, 2.49, 2017072
AFLfast,xmllint,12,1623698887, 1, 3780, 4238, 3301, 148, 14.07%, 0, 6, 6, 58.17, 2017553
AFLfast,xmllint,12,1623698896, 1, 3780, 4238, 3301, 148, 14.07%, 0, 7, 6, 1.51, 2017739
AFLfast,xmllint,12,1623698936, 1, 3780, 4238, 3301, 148, 14.07%, 0, 8, 6, 0.20, 2018752
AFLfast,xmllint,12,1623698941, 1, 3780, 4239, 3302, 148, 14.07%, 0, 8, 6, 43.86, 2018971
AFLfast,xmllint,12,1623698951, 1, 3780, 4240, 3303, 148, 14.07%, 0, 8, 6, 37.39, 2019351
AFLfast,xmllint,12,1623698962, 1, 3780, 4241, 3304, 148, 14.07%, 0, 8, 6, 44.19, 2019817
AFLfast,xmllint,12,1623698972, 1, 3780, 4241, 3304, 148, 14.07%, 0, 9, 6, 0.96, 2020079
AFLfast,xmllint,12,1623699008, 1, 3780, 4242, 3305, 148, 14.07%, 0, 9, 6, 27.52, 2021030
AFLfast,xmllint,12,1623699013, 1, 3781, 4242, 3304, 148, 14.07%, 0, 9, 6, 45.69, 2021272
AFLfast,xmllint,12,1623699028, 1, 3799, 4242, 3303, 147, 14.07%, 0, 9, 6, 48.15, 2022005
AFLfast,xmllint,12,1623699044, 1, 3799, 4244, 3305, 147, 14.07%, 0, 9, 6, 45.44, 2022701
AFLfast,xmllint,12,1623699075, 1, 3799, 4245, 3306, 147, 14.07%, 0, 9, 6, 21.40, 2023800
AFLfast,xmllint,12,1623699106, 1, 3799, 4246, 3307, 147, 14.07%, 0, 9, 6, 40.98, 2024595
AFLfast,xmllint,12,1623699111, 1, 3799, 4247, 3308, 147, 14.07%, 0, 9, 6, 42.84, 2024820
AFLfast,xmllint,12,1623699137, 1, 3799, 4248, 3309, 147, 14.07%, 0, 9, 6, 45.28, 2025956
AFLfast,xmllint,12,1623699167, 1, 3809, 4248, 3308, 148, 14.07%, 0, 9, 6, 40.85, 2027115
AFLfast,xmllint,12,1623699198, 1, 3810, 4248, 3307, 147, 14.07%, 0, 9, 6, 56.97, 2028201
AFLfast,xmllint,12,1623699214, 1, 3811, 4248, 3306, 146, 14.07%, 0, 9, 6, 65.90, 2029036
AFLfast,xmllint,12,1623699219, 1, 3811, 4249, 3307, 146, 14.07%, 0, 9, 6, 58.16, 2029326
AFLfast,xmllint,12,1623699234, 1, 3811, 4250, 3308, 146, 14.07%, 0, 9, 6, 56.81, 2030155
AFLfast,xmllint,12,1623699245, 1, 3811, 4251, 3309, 146, 14.07%, 0, 9, 6, 55.69, 2030730
AFLfast,xmllint,12,1623699306, 1, 3811, 4252, 3310, 146, 14.07%, 0, 9, 6, 52.23, 2033252
AFLfast,xmllint,12,1623699352, 1, 3812, 4252, 3309, 148, 14.07%, 0, 9, 6, 51.26, 2035541
AFLfast,xmllint,12,1623699357, 1, 3812, 4253, 3310, 148, 14.07%, 0, 9, 6, 58.00, 2035861
AFLfast,xmllint,12,1623699373, 1, 3812, 4254, 3311, 148, 14.07%, 0, 9, 6, 58.82, 2036720
AFLfast,xmllint,12,1623699393, 1, 3812, 4255, 3312, 148, 14.07%, 0, 9, 6, 54.99, 2037816
AFLfast,xmllint,12,1623699496, 1, 3816, 4255, 3311, 149, 14.07%, 0, 9, 6, 66.80, 2042535
AFLfast,xmllint,12,1623699511, 1, 3816, 4256, 3312, 149, 14.07%, 0, 9, 6, 57.56, 2043414
AFLfast,xmllint,12,1623699547, 1, 3817, 4256, 3311, 148, 14.07%, 0, 9, 6, 64.65, 2045045
AFLfast,xmllint,12,1623699552, 1, 3817, 4258, 3313, 148, 14.07%, 0, 9, 6, 55.93, 2045334
AFLfast,xmllint,12,1623699583, 1, 3817, 4259, 3314, 148, 14.07%, 0, 9, 6, 7.51, 2046267
AFLfast,xmllint,12,1623699589, 1, 3817, 4261, 3316, 148, 14.07%, 0, 9, 6, 53.75, 2046556
AFLfast,xmllint,12,1623699594, 1, 3817, 4262, 3317, 148, 14.07%, 0, 9, 6, 53.10, 2046826
AFLfast,xmllint,12,1623699609, 1, 3817, 4263, 3318, 148, 14.07%, 0, 9, 6, 53.96, 2047591
AFLfast,xmllint,12,1623699681, 1, 3832, 4263, 3317, 149, 14.07%, 0, 9, 6, 42.25, 2050297
AFLfast,xmllint,12,1623699686, 1, 3832, 4264, 3318, 149, 14.07%, 0, 9, 6, 54.81, 2050599
AFLfast,xmllint,12,1623699712, 1, 3832, 4265, 3319, 149, 14.07%, 0, 9, 6, 55.70, 2052009
AFLfast,xmllint,12,1623699763, 1, 3833, 4266, 3319, 150, 14.07%, 0, 9, 6, 70.47, 2054198
AFLfast,xmllint,12,1623699783, 1, 3834, 4266, 3318, 149, 14.07%, 0, 9, 6, 71.85, 2055494
AFLfast,xmllint,12,1623699789, 1, 3834, 4267, 3319, 149, 14.07%, 0, 9, 6, 63.50, 2055801
AFLfast,xmllint,12,1623699804, 1, 3834, 4268, 3320, 149, 14.07%, 0, 9, 6, 31.12, 2056678
AFLfast,xmllint,12,1623699835, 1, 3834, 4269, 3321, 149, 14.07%, 0, 9, 6, 25.00, 2057887
AFLfast,xmllint,12,1623699897, 1, 3837, 4269, 3320, 148, 14.07%, 0, 9, 6, 63.58, 2060696
AFLfast,xmllint,12,1623699922, 1, 3839, 4269, 3319, 147, 14.07%, 0, 9, 6, 66.07, 2062204
AFLfast,xmllint,12,1623699938, 1, 3840, 4269, 3318, 146, 14.07%, 0, 9, 6, 59.64, 2063058
AFLfast,xmllint,12,1623699943, 1, 3840, 4271, 3320, 146, 14.07%, 0, 9, 6, 54.43, 2063317
AFLfast,xmllint,12,1623699973, 1, 3840, 4272, 3321, 146, 14.07%, 0, 9, 6, 55.61, 2065025
AFLfast,xmllint,12,1623700030, 1, 3843, 4272, 3320, 147, 14.07%, 0, 9, 6, 76.98, 2067109
AFLfast,xmllint,12,1623700052, 1, 3844, 4272, 3319, 146, 14.07%, 0, 9, 6, 94.26, 2068423
AFLfast,xmllint,12,1623700074, 1, 3846, 4272, 3318, 145, 14.07%, 0, 9, 6, 74.44, 2069817
AFLfast,xmllint,12,1623700079, 1, 3846, 4274, 3320, 145, 14.07%, 0, 9, 6, 72.65, 2070202
AFLfast,xmllint,12,1623700084, 1, 3846, 4276, 3322, 145, 14.07%, 0, 9, 6, 68.32, 2070545
AFLfast,xmllint,12,1623700090, 1, 3846, 4278, 3324, 145, 14.07%, 0, 9, 6, 66.71, 2070892
AFLfast,xmllint,12,1623700100, 1, 3846, 4279, 3325, 145, 14.07%, 0, 9, 6, 63.29, 2071489
AFLfast,xmllint,12,1623700110, 1, 3846, 4280, 3326, 145, 14.07%, 0, 9, 6, 56.95, 2072027
AFLfast,xmllint,12,1623700115, 1, 3846, 4282, 3328, 145, 14.07%, 0, 9, 6, 60.90, 2072342
AFLfast,xmllint,12,1623700120, 1, 3846, 4284, 3330, 145, 14.07%, 0, 9, 6, 65.15, 2072690
AFLfast,xmllint,12,1623700141, 1, 3846, 4285, 3331, 145, 14.07%, 0, 9, 6, 33.15, 2073390
AFLfast,xmllint,12,1623700151, 1, 3855, 4285, 3330, 148, 14.07%, 0, 9, 6, 3.83, 2073666
AFLfast,xmllint,12,1623700187, 1, 3855, 4286, 3331, 148, 14.07%, 0, 9, 6, 34.30, 2075021
AFLfast,xmllint,12,1623700197, 1, 3855, 4287, 3332, 148, 14.07%, 0, 9, 6, 30.11, 2075300
AFLfast,xmllint,12,1623700213, 1, 3855, 4288, 3333, 148, 14.07%, 0, 9, 6, 33.33, 2075792
AFLfast,xmllint,12,1623700228, 1, 3855, 4289, 3334, 148, 14.08%, 0, 9, 6, 20.28, 2076210
AFLfast,xmllint,12,1623700238, 1, 3855, 4290, 3335, 148, 14.08%, 0, 9, 6, 30.65, 2076536
AFLfast,xmllint,12,1623700306, 1, 3858, 4290, 3334, 149, 14.08%, 0, 9, 6, 1.78, 2079062
AFLfast,xmllint,12,1623700332, 1, 3861, 4290, 3333, 148, 14.08%, 0, 9, 6, 60.71, 2080740
AFLfast,xmllint,12,1623700342, 1, 3861, 4291, 3334, 148, 14.08%, 0, 9, 6, 65.48, 2081431
AFLfast,xmllint,12,1623700357, 1, 3861, 4292, 3335, 148, 14.08%, 0, 9, 6, 32.26, 2082053
AFLfast,xmllint,12,1623700429, 1, 3871, 4292, 3334, 149, 14.08%, 0, 9, 6, 77.16, 2086217
AFLfast,xmllint,12,1623700444, 1, 3871, 4293, 3335, 149, 14.08%, 0, 9, 6, 66.89, 2087263
AFLfast,xmllint,12,1623700460, 1, 3871, 4294, 3336, 149, 14.08%, 0, 9, 6, 63.71, 2088218
AFLfast,xmllint,12,1623700465, 1, 3871, 4295, 3337, 149, 14.08%, 0, 9, 6, 14.42, 2088483
AFLfast,xmllint,12,1623700470, 1, 3871, 4296, 3338, 149, 14.08%, 0, 9, 6, 53.34, 2088820
AFLfast,xmllint,12,1623700486, 1, 3871, 4297, 3339, 149, 14.08%, 0, 9, 6, 73.24, 2089888
AFLfast,xmllint,12,1623700501, 1, 3871, 4299, 3341, 149, 14.08%, 0, 9, 6, 39.48, 2090479
AFLfast,xmllint,12,1623700512, 1, 3871, 4300, 3342, 149, 14.09%, 0, 9, 6, 36.18, 2090813
AFLfast,xmllint,12,1623700528, 1, 3881, 4300, 3341, 152, 14.09%, 0, 9, 6, 2.04, 2091373
AFLfast,xmllint,12,1623700564, 1, 3886, 4300, 3340, 151, 14.09%, 0, 9, 6, 84.07, 2092898
AFLfast,xmllint,12,1623700600, 1, 3897, 4300, 3339, 150, 14.09%, 0, 9, 6, 2.85, 2095471
AFLfast,xmllint,12,1623700620, 1, 3898, 4300, 3338, 149, 14.09%, 0, 9, 6, 84.03, 2097132
AFLfast,xmllint,12,1623700630, 1, 3898, 4301, 3339, 149, 14.09%, 0, 9, 6, 82.75, 2097964
AFLfast,xmllint,12,1623700651, 1, 3899, 4301, 3338, 149, 14.09%, 0, 9, 6, 100.99, 2099762
AFLfast,xmllint,12,1623700661, 1, 3900, 4301, 3337, 148, 14.09%, 0, 9, 6, 48.74, 2100662
AFLfast,xmllint,12,1623700676, 1, 3902, 4301, 3336, 147, 14.09%, 0, 9, 6, 97.32, 2102077
AFLfast,xmllint,12,1623700692, 1, 3903, 4301, 3335, 146, 14.09%, 0, 9, 6, 125.85, 2103044
AFLfast,xmllint,12,1623700703, 1, 3905, 4301, 3334, 145, 14.09%, 0, 9, 6, 3.16, 2103891
AFLfast,xmllint,12,1623700718, 1, 3912, 4301, 3333, 144, 14.09%, 0, 9, 6, 1.23, 2104829
AFLfast,xmllint,12,1623700729, 1, 3913, 4301, 3332, 143, 14.09%, 0, 9, 6, 13.51, 2105798
AFLfast,xmllint,12,1623700734, 1, 3913, 4302, 3333, 143, 14.09%, 0, 9, 6, 97.38, 2106286
AFLfast,xmllint,12,1623700739, 1, 3913, 4303, 3334, 143, 14.09%, 0, 9, 6, 94.95, 2106767
AFLfast,xmllint,12,1623700749, 1, 3913, 4304, 3335, 143, 14.09%, 0, 9, 6, 64.00, 2107532
