alg,SUT,rep,# unix_time, cycles_done, cur_path, paths_total, pending_total, pending_favs, map_size, unique_crashes, unique_hangs, max_depth, execs_per_sec
AFLfast,xmlcatalog,5,1622490630, 0, 0, 41, 41, 1, 0.36%, 0, 0, 1, 47.28
AFLfast,xmlcatalog,5,1622490635, 0, 19, 53, 53, 1, 0.55%, 0, 0, 2, 52.41
AFLfast,xmlcatalog,5,1622490640, 0, 19, 58, 58, 1, 0.57%, 0, 0, 2, 52.71
AFLfast,xmlcatalog,5,1622490645, 0, 19, 73, 73, 1, 0.66%, 0, 0, 2, 50.30
AFLfast,xmlcatalog,5,1622490650, 0, 19, 81, 81, 1, 0.68%, 0, 0, 2, 45.41
AFLfast,xmlcatalog,5,1622490655, 0, 19, 84, 84, 1, 0.68%, 0, 0, 2, 46.56
AFLfast,xmlcatalog,5,1622490661, 0, 19, 88, 88, 1, 0.69%, 0, 0, 2, 45.67
AFLfast,xmlcatalog,5,1622490666, 0, 19, 92, 92, 1, 0.69%, 0, 0, 2, 45.53
AFLfast,xmlcatalog,5,1622490671, 0, 19, 97, 97, 1, 0.70%, 0, 0, 2, 47.83
AFLfast,xmlcatalog,5,1622490676, 0, 19, 99, 99, 1, 0.70%, 0, 0, 2, 46.50
AFLfast,xmlcatalog,5,1622490686, 0, 19, 103, 103, 1, 0.70%, 0, 0, 2, 47.56
AFLfast,xmlcatalog,5,1622490692, 0, 19, 104, 104, 1, 0.71%, 0, 0, 2, 46.00
AFLfast,xmlcatalog,5,1622490697, 0, 19, 106, 106, 1, 0.71%, 0, 0, 2, 45.27
AFLfast,xmlcatalog,5,1622490702, 0, 19, 108, 108, 1, 0.71%, 0, 0, 2, 45.85
AFLfast,xmlcatalog,5,1622490707, 0, 19, 109, 109, 1, 0.72%, 0, 0, 2, 47.44
AFLfast,xmlcatalog,5,1622490712, 0, 19, 112, 112, 1, 0.72%, 0, 0, 2, 47.55
AFLfast,xmlcatalog,5,1622490722, 0, 19, 113, 113, 1, 0.72%, 0, 0, 2, 42.62
AFLfast,xmlcatalog,5,1622490728, 0, 19, 116, 116, 1, 0.74%, 0, 0, 2, 47.42
AFLfast,xmlcatalog,5,1622490733, 0, 19, 118, 118, 1, 0.74%, 0, 0, 2, 48.03
AFLfast,xmlcatalog,5,1622490743, 0, 19, 121, 121, 1, 0.74%, 0, 0, 2, 47.67
AFLfast,xmlcatalog,5,1622490753, 0, 19, 122, 122, 1, 0.74%, 0, 0, 2, 49.12
AFLfast,xmlcatalog,5,1622490758, 0, 42, 122, 121, 32, 0.74%, 0, 0, 2, 45.65
AFLfast,xmlcatalog,5,1622490779, 0, 42, 123, 122, 32, 0.74%, 0, 0, 3, 46.15
AFLfast,xmlcatalog,5,1622490784, 0, 42, 124, 123, 32, 0.74%, 0, 0, 3, 47.20
AFLfast,xmlcatalog,5,1622490789, 0, 42, 126, 125, 32, 0.74%, 0, 0, 3, 47.81
AFLfast,xmlcatalog,5,1622490815, 0, 42, 128, 127, 32, 0.74%, 0, 0, 3, 47.23
AFLfast,xmlcatalog,5,1622490825, 0, 42, 129, 128, 32, 0.74%, 0, 0, 3, 47.35
AFLfast,xmlcatalog,5,1622490840, 0, 42, 131, 130, 32, 0.75%, 0, 0, 3, 47.79
AFLfast,xmlcatalog,5,1622490845, 0, 42, 132, 131, 32, 0.75%, 0, 0, 3, 47.12
AFLfast,xmlcatalog,5,1622490861, 0, 42, 133, 132, 32, 0.75%, 0, 0, 3, 46.67
AFLfast,xmlcatalog,5,1622490876, 0, 43, 134, 132, 34, 0.75%, 0, 0, 3, 46.58
AFLfast,xmlcatalog,5,1622490891, 0, 43, 135, 133, 34, 0.75%, 0, 0, 3, 46.59
AFLfast,xmlcatalog,5,1622490896, 0, 43, 136, 134, 34, 0.75%, 0, 0, 3, 47.23
AFLfast,xmlcatalog,5,1622490917, 0, 43, 138, 136, 34, 0.75%, 0, 0, 3, 47.40
AFLfast,xmlcatalog,5,1622490927, 0, 43, 139, 137, 34, 0.75%, 0, 0, 3, 47.62
AFLfast,xmlcatalog,5,1622490933, 0, 43, 140, 138, 34, 0.75%, 0, 0, 3, 47.35
AFLfast,xmlcatalog,5,1622490938, 0, 43, 141, 139, 34, 0.75%, 0, 0, 3, 47.18
AFLfast,xmlcatalog,5,1622490948, 0, 43, 142, 140, 34, 0.75%, 0, 0, 3, 42.48
AFLfast,xmlcatalog,5,1622490953, 0, 43, 143, 141, 34, 0.75%, 0, 0, 3, 41.86
AFLfast,xmlcatalog,5,1622490989, 0, 43, 144, 142, 34, 0.75%, 0, 0, 3, 41.73
AFLfast,xmlcatalog,5,1622491000, 0, 44, 144, 141, 35, 0.75%, 0, 0, 3, 47.34
AFLfast,xmlcatalog,5,1622491015, 0, 44, 145, 142, 35, 0.75%, 0, 0, 3, 47.40
AFLfast,xmlcatalog,5,1622491030, 0, 44, 148, 145, 35, 0.75%, 0, 0, 3, 46.60
AFLfast,xmlcatalog,5,1622491077, 0, 44, 150, 147, 35, 0.75%, 0, 0, 3, 47.33
AFLfast,xmlcatalog,5,1622491082, 0, 44, 151, 148, 35, 0.76%, 0, 0, 3, 47.36
AFLfast,xmlcatalog,5,1622491113, 0, 47, 151, 147, 35, 0.76%, 0, 0, 3, 46.24
AFLfast,xmlcatalog,5,1622491128, 0, 50, 151, 146, 34, 0.76%, 0, 0, 3, 47.98
AFLfast,xmlcatalog,5,1622491133, 0, 50, 152, 147, 34, 0.76%, 0, 0, 3, 48.58
AFLfast,xmlcatalog,5,1622491149, 0, 50, 154, 149, 34, 0.76%, 0, 0, 3, 48.96
AFLfast,xmlcatalog,5,1622491175, 0, 50, 155, 150, 34, 0.76%, 0, 0, 3, 49.61
AFLfast,xmlcatalog,5,1622491185, 0, 50, 156, 151, 34, 0.76%, 0, 0, 3, 49.88
AFLfast,xmlcatalog,5,1622491190, 0, 50, 157, 152, 34, 0.76%, 0, 0, 3, 50.51
AFLfast,xmlcatalog,5,1622491200, 0, 50, 158, 153, 34, 0.76%, 0, 0, 3, 50.45
AFLfast,xmlcatalog,5,1622491226, 0, 50, 159, 154, 34, 0.76%, 0, 0, 3, 53.30
AFLfast,xmlcatalog,5,1622491236, 0, 51, 160, 154, 36, 0.76%, 0, 0, 3, 54.14
AFLfast,xmlcatalog,5,1622491246, 0, 55, 160, 153, 35, 0.76%, 0, 0, 3, 51.27
AFLfast,xmlcatalog,5,1622491262, 0, 59, 160, 152, 34, 0.76%, 0, 0, 3, 51.02
AFLfast,xmlcatalog,5,1622491277, 0, 59, 161, 153, 34, 0.76%, 0, 0, 3, 50.36
AFLfast,xmlcatalog,5,1622491298, 0, 67, 161, 152, 34, 0.76%, 0, 0, 3, 50.73
AFLfast,xmlcatalog,5,1622491406, 0, 67, 162, 153, 34, 0.76%, 0, 0, 3, 58.12
AFLfast,xmlcatalog,5,1622491416, 0, 70, 162, 152, 33, 0.76%, 0, 0, 3, 58.54
AFLfast,xmlcatalog,5,1622491421, 0, 70, 163, 153, 33, 0.76%, 0, 0, 3, 51.32
AFLfast,xmlcatalog,5,1622491451, 0, 70, 164, 154, 33, 0.76%, 0, 0, 3, 64.15
AFLfast,xmlcatalog,5,1622491477, 0, 72, 164, 153, 33, 0.76%, 0, 0, 3, 64.47
AFLfast,xmlcatalog,5,1622491497, 0, 79, 164, 152, 32, 0.76%, 0, 0, 3, 67.35
AFLfast,xmlcatalog,5,1622491507, 0, 81, 164, 151, 31, 0.76%, 0, 0, 3, 69.28
AFLfast,xmlcatalog,5,1622491513, 0, 81, 165, 152, 31, 0.76%, 0, 0, 3, 71.79
AFLfast,xmlcatalog,5,1622491528, 0, 86, 166, 152, 30, 0.76%, 0, 0, 3, 70.63
AFLfast,xmlcatalog,5,1622491585, 0, 86, 167, 153, 30, 0.76%, 0, 0, 3, 70.41
AFLfast,xmlcatalog,5,1622491600, 0, 89, 167, 152, 29, 0.76%, 0, 0, 3, 72.34
AFLfast,xmlcatalog,5,1622491610, 0, 92, 168, 152, 28, 0.76%, 0, 0, 3, 70.22
AFLfast,xmlcatalog,5,1622491625, 0, 95, 168, 151, 27, 0.76%, 0, 0, 3, 71.68
AFLfast,xmlcatalog,5,1622491646, 0, 95, 169, 152, 27, 0.76%, 0, 0, 3, 72.56
AFLfast,xmlcatalog,5,1622491667, 0, 95, 170, 153, 27, 0.76%, 0, 0, 3, 71.47
AFLfast,xmlcatalog,5,1622491672, 0, 95, 171, 154, 27, 0.76%, 0, 0, 3, 70.93
AFLfast,xmlcatalog,5,1622491682, 0, 95, 172, 155, 27, 0.76%, 0, 0, 3, 69.19
AFLfast,xmlcatalog,5,1622491692, 0, 95, 173, 156, 27, 0.76%, 0, 0, 3, 70.90
AFLfast,xmlcatalog,5,1622491718, 0, 95, 174, 157, 27, 0.76%, 0, 0, 3, 71.02
AFLfast,xmlcatalog,5,1622491729, 0, 95, 176, 159, 27, 0.76%, 0, 0, 3, 71.84
AFLfast,xmlcatalog,5,1622491734, 0, 99, 176, 158, 26, 0.76%, 0, 0, 3, 70.85
AFLfast,xmlcatalog,5,1622491765, 0, 108, 176, 157, 25, 0.76%, 0, 0, 3, 71.08
AFLfast,xmlcatalog,5,1622491770, 0, 108, 177, 158, 25, 0.76%, 0, 0, 3, 70.83
AFLfast,xmlcatalog,5,1622491801, 0, 108, 178, 159, 25, 0.76%, 0, 0, 3, 72.59
AFLfast,xmlcatalog,5,1622491832, 0, 110, 178, 158, 24, 0.76%, 0, 0, 3, 70.68
AFLfast,xmlcatalog,5,1622491842, 0, 110, 179, 159, 24, 0.76%, 0, 0, 3, 69.74
AFLfast,xmlcatalog,5,1622491852, 0, 110, 180, 160, 24, 0.76%, 0, 0, 3, 70.38
AFLfast,xmlcatalog,5,1622491873, 0, 113, 180, 159, 23, 0.76%, 0, 0, 3, 72.15
AFLfast,xmlcatalog,5,1622491878, 0, 115, 180, 158, 22, 0.76%, 0, 0, 3, 72.36
AFLfast,xmlcatalog,5,1622491905, 0, 117, 180, 157, 21, 0.76%, 0, 0, 3, 72.06
AFLfast,xmlcatalog,5,1622491910, 0, 117, 181, 158, 21, 0.76%, 0, 0, 3, 72.08
AFLfast,xmlcatalog,5,1622491967, 0, 120, 181, 157, 20, 0.76%, 0, 0, 3, 71.59
AFLfast,xmlcatalog,5,1622492013, 0, 126, 181, 156, 19, 0.76%, 0, 0, 3, 68.56
AFLfast,xmlcatalog,5,1622492040, 0, 126, 182, 157, 19, 0.76%, 0, 0, 4, 70.27
AFLfast,xmlcatalog,5,1622492066, 0, 127, 184, 158, 19, 0.76%, 0, 0, 4, 70.50
AFLfast,xmlcatalog,5,1622492071, 0, 127, 186, 160, 19, 0.76%, 0, 0, 4, 70.33
AFLfast,xmlcatalog,5,1622492096, 0, 127, 187, 161, 19, 0.76%, 0, 0, 4, 71.97
AFLfast,xmlcatalog,5,1622492107, 0, 127, 188, 162, 19, 0.76%, 0, 0, 4, 71.50
AFLfast,xmlcatalog,5,1622492112, 0, 127, 189, 163, 19, 0.76%, 0, 0, 4, 69.67
AFLfast,xmlcatalog,5,1622492117, 0, 127, 190, 164, 19, 0.76%, 0, 0, 4, 70.69
AFLfast,xmlcatalog,5,1622492138, 0, 127, 191, 165, 19, 0.76%, 0, 0, 4, 69.58
AFLfast,xmlcatalog,5,1622492164, 0, 130, 191, 164, 18, 0.76%, 0, 0, 4, 70.11
AFLfast,xmlcatalog,5,1622492169, 0, 130, 192, 165, 18, 0.76%, 0, 0, 4, 71.24
AFLfast,xmlcatalog,5,1622492210, 0, 132, 193, 165, 18, 0.76%, 0, 0, 4, 70.51
AFLfast,xmlcatalog,5,1622492273, 0, 133, 193, 164, 17, 0.76%, 0, 0, 4, 72.45
AFLfast,xmlcatalog,5,1622492304, 0, 133, 198, 169, 17, 0.76%, 0, 0, 4, 71.39
AFLfast,xmlcatalog,5,1622492319, 0, 133, 199, 170, 17, 0.76%, 0, 0, 4, 69.28
AFLfast,xmlcatalog,5,1622492345, 0, 133, 200, 171, 17, 0.76%, 0, 0, 4, 71.86
AFLfast,xmlcatalog,5,1622492371, 0, 140, 200, 170, 16, 0.76%, 0, 0, 4, 70.00
AFLfast,xmlcatalog,5,1622492381, 0, 140, 201, 171, 16, 0.76%, 0, 0, 4, 70.72
AFLfast,xmlcatalog,5,1622492448, 0, 140, 202, 172, 16, 0.76%, 0, 0, 4, 70.55
AFLfast,xmlcatalog,5,1622492453, 0, 140, 203, 173, 16, 0.76%, 0, 0, 4, 72.17
AFLfast,xmlcatalog,5,1622492459, 0, 140, 204, 174, 16, 0.76%, 0, 0, 4, 71.36
AFLfast,xmlcatalog,5,1622492464, 0, 140, 206, 176, 16, 0.76%, 0, 0, 4, 71.06
AFLfast,xmlcatalog,5,1622492479, 0, 140, 207, 177, 16, 0.76%, 0, 0, 4, 69.59
AFLfast,xmlcatalog,5,1622492484, 0, 140, 208, 178, 16, 0.76%, 0, 0, 4, 70.35
AFLfast,xmlcatalog,5,1622492510, 0, 140, 210, 180, 16, 0.76%, 0, 0, 4, 70.83
AFLfast,xmlcatalog,5,1622492515, 0, 141, 210, 179, 15, 0.76%, 0, 0, 4, 71.03
AFLfast,xmlcatalog,5,1622492535, 0, 143, 211, 179, 14, 0.76%, 0, 0, 4, 71.50
AFLfast,xmlcatalog,5,1622492593, 0, 143, 212, 180, 14, 0.76%, 0, 0, 4, 69.36
AFLfast,xmlcatalog,5,1622492598, 0, 143, 213, 181, 14, 0.76%, 0, 0, 4, 68.85
AFLfast,xmlcatalog,5,1622492608, 0, 143, 214, 182, 14, 0.76%, 0, 0, 4, 69.28
AFLfast,xmlcatalog,5,1622492655, 0, 148, 214, 181, 13, 0.76%, 0, 0, 4, 70.27
AFLfast,xmlcatalog,5,1622492706, 0, 150, 215, 181, 12, 0.76%, 0, 0, 4, 69.67
AFLfast,xmlcatalog,5,1622492763, 0, 153, 216, 181, 12, 0.76%, 0, 0, 4, 71.62
AFLfast,xmlcatalog,5,1622492789, 0, 153, 218, 183, 12, 0.76%, 0, 0, 4, 70.62
AFLfast,xmlcatalog,5,1622492794, 0, 154, 218, 182, 14, 0.76%, 0, 0, 4, 70.48
AFLfast,xmlcatalog,5,1622492825, 0, 155, 218, 181, 13, 0.76%, 0, 0, 4, 69.59
AFLfast,xmlcatalog,5,1622492836, 0, 159, 218, 180, 12, 0.76%, 0, 0, 4, 71.57
AFLfast,xmlcatalog,5,1622492862, 0, 160, 218, 179, 11, 0.76%, 0, 0, 4, 69.75
AFLfast,xmlcatalog,5,1622492918, 0, 160, 219, 180, 11, 0.76%, 0, 0, 4, 69.96
AFLfast,xmlcatalog,5,1622492965, 0, 160, 220, 181, 11, 0.76%, 0, 0, 4, 70.70
AFLfast,xmlcatalog,5,1622492970, 0, 160, 221, 182, 11, 0.76%, 0, 0, 4, 70.63
AFLfast,xmlcatalog,5,1622492996, 0, 162, 221, 181, 10, 0.76%, 0, 0, 4, 71.77
AFLfast,xmlcatalog,5,1622493047, 0, 173, 221, 180, 9, 0.76%, 0, 0, 4, 70.77
AFLfast,xmlcatalog,5,1622493084, 0, 173, 222, 181, 9, 0.76%, 0, 0, 4, 70.38
AFLfast,xmlcatalog,5,1622493089, 0, 173, 223, 182, 9, 0.76%, 0, 0, 4, 71.17
AFLfast,xmlcatalog,5,1622493094, 0, 173, 225, 184, 9, 0.76%, 0, 0, 4, 71.07
AFLfast,xmlcatalog,5,1622493104, 0, 173, 226, 185, 9, 0.76%, 0, 0, 4, 71.56
AFLfast,xmlcatalog,5,1622493146, 0, 177, 226, 184, 9, 0.76%, 0, 0, 4, 70.63
AFLfast,xmlcatalog,5,1622493208, 0, 177, 227, 185, 9, 0.76%, 0, 0, 4, 70.84
AFLfast,xmlcatalog,5,1622493224, 0, 185, 228, 185, 8, 0.76%, 0, 0, 5, 68.90
AFLfast,xmlcatalog,5,1622493250, 0, 185, 231, 188, 8, 0.76%, 0, 0, 5, 70.14
AFLfast,xmlcatalog,5,1622493275, 0, 185, 233, 190, 8, 0.76%, 0, 0, 5, 67.69
AFLfast,xmlcatalog,5,1622493348, 0, 187, 234, 190, 8, 0.76%, 0, 0, 5, 71.19
AFLfast,xmlcatalog,5,1622493415, 0, 187, 235, 191, 8, 0.76%, 0, 0, 5, 71.60
AFLfast,xmlcatalog,5,1622493420, 0, 187, 236, 192, 8, 0.76%, 0, 0, 5, 70.45
AFLfast,xmlcatalog,5,1622493436, 0, 187, 237, 193, 8, 0.76%, 0, 0, 5, 70.66
AFLfast,xmlcatalog,5,1622493456, 0, 187, 238, 194, 8, 0.76%, 0, 0, 5, 71.31
AFLfast,xmlcatalog,5,1622493472, 0, 191, 238, 193, 8, 0.76%, 0, 0, 5, 71.86
AFLfast,xmlcatalog,5,1622493477, 0, 191, 239, 194, 8, 0.76%, 0, 0, 5, 72.13
AFLfast,xmlcatalog,5,1622493519, 0, 191, 240, 195, 8, 0.76%, 0, 0, 5, 70.85
AFLfast,xmlcatalog,5,1622493524, 0, 191, 241, 196, 8, 0.76%, 0, 0, 5, 70.23
AFLfast,xmlcatalog,5,1622493544, 0, 214, 241, 195, 8, 0.76%, 0, 0, 5, 71.06
AFLfast,xmlcatalog,5,1622493611, 0, 214, 243, 197, 8, 0.76%, 0, 0, 5, 63.69
AFLfast,xmlcatalog,5,1622493616, 0, 214, 244, 198, 8, 0.76%, 0, 0, 5, 62.47
AFLfast,xmlcatalog,5,1622493647, 0, 214, 245, 199, 8, 0.76%, 0, 0, 5, 68.98
AFLfast,xmlcatalog,5,1622493667, 0, 217, 245, 198, 8, 0.76%, 0, 0, 5, 70.12
AFLfast,xmlcatalog,5,1622493719, 0, 217, 246, 199, 8, 0.76%, 0, 0, 5, 69.98
AFLfast,xmlcatalog,5,1622493729, 0, 217, 247, 200, 8, 0.76%, 0, 0, 5, 71.40
AFLfast,xmlcatalog,5,1622493739, 0, 217, 248, 201, 8, 0.76%, 0, 0, 5, 70.53
AFLfast,xmlcatalog,5,1622493759, 0, 217, 249, 202, 8, 0.76%, 0, 0, 5, 70.30
AFLfast,xmlcatalog,5,1622493775, 0, 217, 250, 203, 8, 0.76%, 0, 0, 5, 69.82
AFLfast,xmlcatalog,5,1622493780, 0, 223, 251, 203, 7, 0.76%, 0, 0, 5, 70.49
AFLfast,xmlcatalog,5,1622493811, 0, 223, 252, 204, 7, 0.76%, 0, 0, 5, 71.37
AFLfast,xmlcatalog,5,1622493842, 0, 223, 253, 205, 7, 0.76%, 0, 0, 5, 69.22
AFLfast,xmlcatalog,5,1622493857, 0, 223, 255, 207, 7, 0.76%, 0, 0, 5, 70.58
AFLfast,xmlcatalog,5,1622493909, 0, 227, 255, 206, 7, 0.76%, 0, 0, 5, 69.77
AFLfast,xmlcatalog,5,1622493940, 0, 227, 256, 207, 7, 0.76%, 0, 0, 6, 67.05
AFLfast,xmlcatalog,5,1622493971, 0, 227, 257, 208, 7, 0.76%, 0, 0, 6, 66.07
AFLfast,xmlcatalog,5,1622493987, 0, 227, 258, 209, 7, 0.76%, 0, 0, 6, 70.25
AFLfast,xmlcatalog,5,1622493992, 0, 227, 259, 210, 7, 0.76%, 0, 0, 6, 68.11
AFLfast,xmlcatalog,5,1622494012, 0, 232, 259, 209, 9, 0.76%, 0, 0, 6, 64.08
AFLfast,xmlcatalog,5,1622494069, 0, 232, 260, 210, 9, 0.76%, 0, 0, 6, 69.29
AFLfast,xmlcatalog,5,1622494085, 0, 235, 260, 209, 8, 0.76%, 0, 0, 6, 70.95
AFLfast,xmlcatalog,5,1622494147, 0, 235, 261, 210, 8, 0.76%, 0, 0, 6, 69.07
AFLfast,xmlcatalog,5,1622494163, 0, 235, 262, 211, 8, 0.76%, 0, 0, 6, 69.23
AFLfast,xmlcatalog,5,1622494173, 0, 235, 263, 212, 8, 0.76%, 0, 0, 6, 70.09
AFLfast,xmlcatalog,5,1622494178, 0, 235, 264, 213, 8, 0.76%, 0, 0, 6, 70.09
AFLfast,xmlcatalog,5,1622494209, 0, 238, 264, 212, 7, 0.76%, 0, 0, 6, 64.22
AFLfast,xmlcatalog,5,1622494266, 0, 241, 265, 212, 6, 0.76%, 0, 0, 6, 69.13
AFLfast,xmlcatalog,5,1622494365, 0, 241, 267, 214, 6, 0.76%, 0, 0, 6, 71.91
AFLfast,xmlcatalog,5,1622494370, 0, 241, 268, 215, 6, 0.76%, 0, 0, 6, 71.81
AFLfast,xmlcatalog,5,1622494401, 0, 241, 269, 216, 6, 0.76%, 0, 0, 6, 70.90
AFLfast,xmlcatalog,5,1622494406, 0, 241, 270, 217, 6, 0.76%, 0, 0, 6, 69.78
AFLfast,xmlcatalog,5,1622494432, 0, 253, 270, 216, 7, 0.76%, 0, 0, 6, 71.48
AFLfast,xmlcatalog,5,1622494437, 0, 253, 271, 217, 7, 0.76%, 0, 0, 6, 72.67
AFLfast,xmlcatalog,5,1622494581, 0, 253, 272, 218, 7, 0.77%, 0, 0, 6, 71.34
AFLfast,xmlcatalog,5,1622494586, 0, 253, 273, 219, 7, 0.77%, 0, 0, 6, 72.40
AFLfast,xmlcatalog,5,1622494592, 0, 253, 275, 221, 7, 0.77%, 0, 0, 6, 70.43
AFLfast,xmlcatalog,5,1622494597, 0, 253, 276, 222, 7, 0.77%, 0, 0, 6, 71.09
AFLfast,xmlcatalog,5,1622494622, 0, 253, 277, 223, 7, 0.77%, 0, 0, 6, 74.29
AFLfast,xmlcatalog,5,1622494643, 0, 253, 278, 224, 7, 0.77%, 0, 0, 6, 70.22
AFLfast,xmlcatalog,5,1622494653, 0, 258, 278, 223, 12, 0.77%, 0, 0, 6, 70.94
AFLfast,xmlcatalog,5,1622494679, 0, 265, 278, 222, 11, 0.77%, 0, 0, 6, 70.14
AFLfast,xmlcatalog,5,1622494715, 0, 265, 279, 223, 11, 0.78%, 0, 0, 7, 71.50
AFLfast,xmlcatalog,5,1622494808, 0, 265, 280, 224, 11, 0.78%, 0, 0, 7, 72.00
AFLfast,xmlcatalog,5,1622494922, 0, 265, 281, 225, 11, 0.78%, 0, 0, 7, 71.38
AFLfast,xmlcatalog,5,1622494943, 0, 269, 281, 224, 13, 0.78%, 0, 0, 7, 65.33
AFLfast,xmlcatalog,5,1622495047, 0, 269, 282, 225, 13, 0.78%, 0, 0, 7, 73.62
AFLfast,xmlcatalog,5,1622495145, 0, 269, 284, 227, 13, 0.78%, 0, 0, 7, 72.84
AFLfast,xmlcatalog,5,1622495150, 0, 269, 285, 228, 13, 0.78%, 0, 0, 7, 72.24
AFLfast,xmlcatalog,5,1622495155, 0, 269, 286, 229, 13, 0.78%, 0, 0, 7, 72.87
AFLfast,xmlcatalog,5,1622495160, 0, 269, 287, 230, 13, 0.78%, 0, 0, 7, 71.57
AFLfast,xmlcatalog,5,1622495212, 0, 271, 287, 229, 15, 0.78%, 0, 0, 7, 73.74
AFLfast,xmlcatalog,5,1622495243, 0, 271, 289, 231, 15, 0.78%, 0, 0, 7, 77.16
AFLfast,xmlcatalog,5,1622495429, 0, 271, 290, 232, 15, 0.78%, 0, 0, 7, 71.99
AFLfast,xmlcatalog,5,1622495434, 0, 271, 291, 233, 15, 0.78%, 0, 0, 7, 73.57
AFLfast,xmlcatalog,5,1622495440, 0, 271, 292, 234, 15, 0.78%, 0, 0, 7, 72.82
AFLfast,xmlcatalog,5,1622495471, 0, 273, 292, 233, 17, 0.78%, 0, 0, 7, 72.46
AFLfast,xmlcatalog,5,1622495487, 0, 273, 293, 234, 17, 0.79%, 0, 0, 7, 71.33
AFLfast,xmlcatalog,5,1622495585, 0, 273, 294, 235, 17, 0.79%, 0, 0, 7, 73.19
AFLfast,xmlcatalog,5,1622495595, 0, 273, 295, 236, 17, 0.79%, 0, 0, 7, 74.22
AFLfast,xmlcatalog,5,1622495698, 0, 275, 295, 235, 19, 0.79%, 0, 0, 7, 71.80
AFLfast,xmlcatalog,5,1622495920, 0, 275, 296, 236, 19, 0.79%, 0, 0, 7, 71.55
AFLfast,xmlcatalog,5,1622495930, 0, 276, 296, 235, 18, 0.79%, 0, 0, 7, 72.73
AFLfast,xmlcatalog,5,1622496146, 0, 276, 297, 236, 18, 0.79%, 0, 0, 7, 72.77
AFLfast,xmlcatalog,5,1622496157, 0, 277, 297, 235, 17, 0.79%, 0, 0, 7, 72.27
AFLfast,xmlcatalog,5,1622496394, 0, 278, 297, 234, 16, 0.79%, 0, 0, 7, 70.49
AFLfast,xmlcatalog,5,1622496632, 0, 280, 297, 233, 15, 0.79%, 0, 0, 7, 70.73
AFLfast,xmlcatalog,5,1622496867, 0, 282, 297, 232, 14, 0.79%, 0, 0, 7, 70.59
AFLfast,xmlcatalog,5,1622497106, 0, 284, 297, 231, 13, 0.79%, 0, 0, 7, 71.60
AFLfast,xmlcatalog,5,1622497328, 0, 286, 297, 230, 12, 0.79%, 0, 0, 7, 73.33
AFLfast,xmlcatalog,5,1622497564, 0, 287, 297, 229, 11, 0.79%, 0, 0, 7, 68.73
AFLfast,xmlcatalog,5,1622497790, 0, 288, 297, 228, 10, 0.79%, 0, 0, 7, 69.72
AFLfast,xmlcatalog,5,1622498028, 0, 290, 297, 227, 9, 0.79%, 0, 0, 7, 75.21
AFLfast,xmlcatalog,5,1622498085, 0, 290, 299, 229, 9, 0.79%, 0, 0, 8, 74.55
AFLfast,xmlcatalog,5,1622498127, 0, 290, 300, 230, 9, 0.79%, 0, 0, 8, 74.36
AFLfast,xmlcatalog,5,1622498143, 0, 290, 301, 231, 9, 0.79%, 0, 0, 8, 74.40
AFLfast,xmlcatalog,5,1622498168, 0, 290, 302, 232, 9, 0.79%, 0, 0, 8, 73.19
AFLfast,xmlcatalog,5,1622498189, 0, 291, 302, 231, 8, 0.79%, 0, 0, 8, 72.96
AFLfast,xmlcatalog,5,1622498422, 0, 292, 302, 230, 7, 0.79%, 0, 0, 8, 72.06
AFLfast,xmlcatalog,5,1622498644, 0, 293, 302, 229, 6, 0.79%, 0, 0, 8, 71.50
AFLfast,xmlcatalog,5,1622498876, 0, 293, 303, 230, 6, 0.79%, 0, 0, 8, 72.51
AFLfast,xmlcatalog,5,1622498902, 0, 293, 305, 232, 6, 0.79%, 0, 0, 8, 71.45
AFLfast,xmlcatalog,5,1622498937, 0, 294, 305, 231, 7, 0.79%, 0, 0, 8, 72.54
AFLfast,xmlcatalog,5,1622499159, 0, 295, 307, 232, 6, 0.79%, 0, 0, 8, 71.89
AFLfast,xmlcatalog,5,1622499164, 0, 295, 309, 234, 6, 0.79%, 0, 0, 8, 71.80
AFLfast,xmlcatalog,5,1622499196, 0, 295, 310, 235, 6, 0.79%, 0, 0, 8, 71.87
AFLfast,xmlcatalog,5,1622499279, 0, 295, 311, 236, 6, 0.79%, 0, 0, 8, 71.98
AFLfast,xmlcatalog,5,1622499383, 0, 295, 314, 239, 6, 0.79%, 0, 0, 8, 71.43
AFLfast,xmlcatalog,5,1622499388, 0, 295, 315, 240, 6, 0.79%, 0, 0, 8, 71.72
AFLfast,xmlcatalog,5,1622499393, 0, 295, 316, 241, 6, 0.79%, 0, 0, 8, 71.57
AFLfast,xmlcatalog,5,1622499445, 0, 295, 317, 242, 6, 0.79%, 0, 0, 8, 71.78
AFLfast,xmlcatalog,5,1622499451, 0, 301, 317, 241, 6, 0.79%, 0, 0, 8, 3.08
AFLfast,xmlcatalog,5,1622499538, 0, 301, 318, 242, 6, 0.79%, 0, 0, 9, 72.06
AFLfast,xmlcatalog,5,1622499611, 0, 301, 319, 243, 6, 0.79%, 0, 0, 9, 72.39
AFLfast,xmlcatalog,5,1622499616, 0, 301, 320, 244, 6, 0.79%, 0, 0, 9, 72.14
AFLfast,xmlcatalog,5,1622499653, 0, 303, 320, 243, 7, 0.79%, 0, 0, 9, 70.15
AFLfast,xmlcatalog,5,1622499688, 0, 303, 321, 244, 7, 0.79%, 0, 0, 9, 73.63
AFLfast,xmlcatalog,5,1622499914, 0, 304, 321, 243, 6, 0.79%, 0, 0, 9, 67.77
AFLfast,xmlcatalog,5,1622500248, 0, 307, 321, 242, 5, 0.79%, 0, 0, 9, 70.56
AFLfast,xmlcatalog,5,1622500494, 0, 318, 321, 241, 4, 0.79%, 0, 0, 9, 72.95
AFLfast,xmlcatalog,5,1622500499, 0, 318, 322, 242, 4, 0.79%, 0, 0, 10, 72.09
AFLfast,xmlcatalog,5,1622500727, 1, 41, 322, 241, 3, 0.79%, 0, 0, 10, 68.37
AFLfast,xmlcatalog,5,1622500747, 1, 62, 322, 240, 2, 0.79%, 0, 0, 10, 56.02
AFLfast,xmlcatalog,5,1622500752, 1, 62, 323, 241, 2, 0.79%, 0, 0, 10, 66.19
AFLfast,xmlcatalog,5,1622500768, 1, 62, 324, 242, 2, 0.79%, 0, 0, 10, 67.97
AFLfast,xmlcatalog,5,1622500788, 1, 78, 324, 241, 2, 0.79%, 0, 0, 10, 68.78
AFLfast,xmlcatalog,5,1622500829, 1, 146, 324, 240, 2, 0.79%, 0, 0, 10, 68.28
AFLfast,xmlcatalog,5,1622500911, 1, 146, 325, 241, 2, 0.79%, 0, 0, 10, 64.60
AFLfast,xmlcatalog,5,1622500917, 1, 146, 327, 243, 2, 0.79%, 0, 0, 10, 64.01
AFLfast,xmlcatalog,5,1622500937, 1, 146, 328, 244, 2, 0.79%, 0, 0, 10, 66.77
AFLfast,xmlcatalog,5,1622500947, 1, 146, 330, 246, 2, 0.79%, 0, 0, 10, 68.01
AFLfast,xmlcatalog,5,1622500979, 1, 146, 331, 247, 2, 0.79%, 0, 0, 10, 71.13
AFLfast,xmlcatalog,5,1622500989, 1, 189, 331, 246, 1, 0.79%, 0, 0, 10, 74.14
AFLfast,xmlcatalog,5,1622501010, 1, 263, 331, 245, 1, 0.79%, 0, 0, 10, 73.07
AFLfast,xmlcatalog,5,1622501108, 1, 263, 332, 246, 1, 0.79%, 0, 0, 10, 72.75
AFLfast,xmlcatalog,5,1622501113, 1, 263, 333, 247, 1, 0.79%, 0, 0, 10, 73.30
AFLfast,xmlcatalog,5,1622501118, 1, 263, 334, 248, 1, 0.79%, 0, 0, 10, 72.91
AFLfast,xmlcatalog,5,1622501154, 1, 323, 334, 247, 1, 0.79%, 0, 0, 10, 72.42
AFLfast,xmlcatalog,5,1622501310, 1, 323, 336, 249, 1, 0.79%, 0, 0, 10, 71.01
AFLfast,xmlcatalog,5,1622501325, 1, 323, 337, 250, 1, 0.79%, 0, 0, 10, 72.43
AFLfast,xmlcatalog,5,1622501371, 1, 327, 337, 249, 0, 0.79%, 0, 0, 10, 72.41
AFLfast,xmlcatalog,5,1622501774, 1, 331, 337, 248, 0, 0.79%, 0, 0, 10, 71.71
AFLfast,xmlcatalog,5,1622501950, 1, 331, 339, 250, 0, 0.79%, 0, 0, 10, 71.42
AFLfast,xmlcatalog,5,1622501955, 1, 331, 341, 252, 0, 0.79%, 0, 0, 10, 71.25
AFLfast,xmlcatalog,5,1622501965, 1, 331, 342, 253, 0, 0.79%, 0, 0, 10, 65.86
AFLfast,xmlcatalog,5,1622501976, 1, 331, 343, 254, 0, 0.79%, 0, 0, 10, 66.08
AFLfast,xmlcatalog,5,1622502001, 1, 331, 344, 255, 0, 0.79%, 0, 0, 10, 71.54
AFLfast,xmlcatalog,5,1622502043, 1, 337, 344, 254, 0, 0.79%, 0, 0, 10, 70.96
AFLfast,xmlcatalog,5,1622502215, 1, 337, 345, 255, 0, 0.79%, 0, 0, 10, 71.44
AFLfast,xmlcatalog,5,1622502235, 2, 0, 345, 254, 0, 0.79%, 0, 0, 10, 73.40
AFLfast,xmlcatalog,5,1622502251, 2, 4, 345, 253, 0, 0.79%, 0, 0, 10, 73.40
AFLfast,xmlcatalog,5,1622502256, 2, 5, 345, 252, 0, 0.79%, 0, 0, 10, 72.25
AFLfast,xmlcatalog,5,1622502271, 2, 8, 345, 251, 0, 0.79%, 0, 0, 10, 67.82
AFLfast,xmlcatalog,5,1622502286, 2, 13, 345, 250, 0, 0.79%, 0, 0, 10, 75.27
AFLfast,xmlcatalog,5,1622502297, 2, 14, 345, 249, 0, 0.79%, 0, 0, 10, 73.44
AFLfast,xmlcatalog,5,1622502307, 2, 16, 345, 248, 0, 0.79%, 0, 0, 10, 72.70
AFLfast,xmlcatalog,5,1622502312, 2, 23, 345, 247, 0, 0.79%, 0, 0, 10, 72.06
AFLfast,xmlcatalog,5,1622502323, 2, 24, 345, 246, 0, 0.79%, 0, 0, 10, 71.34
AFLfast,xmlcatalog,5,1622502333, 2, 25, 345, 245, 0, 0.79%, 0, 0, 10, 71.69
AFLfast,xmlcatalog,5,1622502338, 2, 26, 345, 244, 0, 0.79%, 0, 0, 10, 71.36
AFLfast,xmlcatalog,5,1622502349, 2, 32, 345, 243, 0, 0.79%, 0, 0, 10, 72.25
AFLfast,xmlcatalog,5,1622502364, 2, 35, 345, 242, 0, 0.79%, 0, 0, 10, 76.26
AFLfast,xmlcatalog,5,1622502375, 2, 37, 345, 241, 0, 0.79%, 0, 0, 10, 72.69
AFLfast,xmlcatalog,5,1622502380, 2, 41, 345, 240, 0, 0.79%, 0, 0, 10, 72.30
AFLfast,xmlcatalog,5,1622502385, 2, 43, 345, 240, 0, 0.79%, 0, 0, 10, 71.99
AFLfast,xmlcatalog,5,1622502390, 2, 46, 345, 240, 0, 0.79%, 0, 0, 10, 71.73
AFLfast,xmlcatalog,5,1622502400, 2, 53, 345, 239, 0, 0.79%, 0, 0, 10, 71.87
AFLfast,xmlcatalog,5,1622502411, 2, 54, 345, 238, 0, 0.79%, 0, 0, 10, 71.76
AFLfast,xmlcatalog,5,1622502421, 2, 58, 345, 237, 0, 0.79%, 0, 0, 10, 72.65
AFLfast,xmlcatalog,5,1622502431, 2, 61, 345, 236, 0, 0.79%, 0, 0, 10, 73.34
AFLfast,xmlcatalog,5,1622502446, 2, 64, 345, 235, 0, 0.79%, 0, 0, 10, 73.04
AFLfast,xmlcatalog,5,1622502483, 2, 66, 345, 234, 0, 0.79%, 0, 0, 10, 72.72
AFLfast,xmlcatalog,5,1622502498, 2, 68, 345, 233, 0, 0.79%, 0, 0, 10, 72.82
AFLfast,xmlcatalog,5,1622502550, 2, 74, 345, 232, 0, 0.79%, 0, 0, 10, 71.29
AFLfast,xmlcatalog,5,1622502570, 2, 75, 345, 231, 0, 0.79%, 0, 0, 10, 70.93
AFLfast,xmlcatalog,5,1622502627, 2, 79, 345, 230, 0, 0.79%, 0, 0, 10, 73.48
AFLfast,xmlcatalog,5,1622502632, 2, 80, 345, 230, 0, 0.79%, 0, 0, 10, 74.62
AFLfast,xmlcatalog,5,1622502658, 2, 83, 345, 229, 0, 0.79%, 0, 0, 10, 72.10
AFLfast,xmlcatalog,5,1622502730, 2, 86, 345, 228, 0, 0.79%, 0, 0, 10, 72.69
AFLfast,xmlcatalog,5,1622502735, 2, 87, 345, 228, 0, 0.79%, 0, 0, 10, 73.77
AFLfast,xmlcatalog,5,1622502781, 2, 91, 345, 227, 0, 0.79%, 0, 0, 10, 71.88
AFLfast,xmlcatalog,5,1622502833, 2, 93, 345, 226, 0, 0.79%, 0, 0, 10, 74.04
AFLfast,xmlcatalog,5,1622502885, 2, 101, 345, 225, 0, 0.79%, 0, 0, 10, 72.06
AFLfast,xmlcatalog,5,1622502921, 2, 103, 345, 224, 0, 0.79%, 0, 0, 10, 72.61
AFLfast,xmlcatalog,5,1622502972, 2, 104, 345, 223, 0, 0.79%, 0, 0, 10, 71.02
AFLfast,xmlcatalog,5,1622503066, 2, 105, 345, 222, 0, 0.79%, 0, 0, 10, 70.13
AFLfast,xmlcatalog,5,1622503128, 2, 106, 345, 221, 0, 0.79%, 0, 0, 10, 71.04
AFLfast,xmlcatalog,5,1622503159, 2, 107, 345, 220, 0, 0.79%, 0, 0, 10, 71.71
AFLfast,xmlcatalog,5,1622503309, 2, 113, 345, 219, 0, 0.79%, 0, 0, 10, 72.06
AFLfast,xmlcatalog,5,1622503314, 2, 114, 345, 219, 0, 0.79%, 0, 0, 10, 73.37
AFLfast,xmlcatalog,5,1622503371, 2, 117, 345, 218, 0, 0.79%, 0, 0, 10, 70.18
AFLfast,xmlcatalog,5,1622503376, 2, 118, 345, 218, 0, 0.79%, 0, 0, 10, 71.22
AFLfast,xmlcatalog,5,1622503391, 2, 119, 345, 217, 0, 0.79%, 0, 0, 10, 73.46
AFLfast,xmlcatalog,5,1622503443, 2, 129, 345, 216, 0, 0.79%, 0, 0, 10, 70.66
AFLfast,xmlcatalog,5,1622503494, 2, 133, 347, 217, 0, 0.79%, 0, 0, 10, 72.01
AFLfast,xmlcatalog,5,1622503499, 2, 137, 347, 217, 0, 0.79%, 0, 0, 10, 72.19
AFLfast,xmlcatalog,5,1622503550, 2, 138, 347, 216, 0, 0.79%, 0, 0, 10, 72.27
AFLfast,xmlcatalog,5,1622503664, 2, 140, 347, 215, 0, 0.79%, 0, 0, 10, 70.59
AFLfast,xmlcatalog,5,1622503669, 2, 144, 347, 215, 0, 0.79%, 0, 0, 10, 71.61
AFLfast,xmlcatalog,5,1622503679, 2, 152, 347, 214, 0, 0.79%, 0, 0, 10, 71.62
AFLfast,xmlcatalog,5,1622503746, 2, 161, 347, 213, 0, 0.79%, 0, 0, 10, 71.72
AFLfast,xmlcatalog,5,1622503849, 2, 164, 347, 212, 0, 0.79%, 0, 0, 10, 65.25
AFLfast,xmlcatalog,5,1622503891, 2, 165, 347, 211, 0, 0.79%, 0, 0, 10, 70.02
AFLfast,xmlcatalog,5,1622503952, 2, 169, 347, 210, 0, 0.79%, 0, 0, 10, 71.74
AFLfast,xmlcatalog,5,1622504066, 2, 171, 347, 209, 0, 0.79%, 0, 0, 10, 75.61
AFLfast,xmlcatalog,5,1622504133, 2, 178, 347, 208, 0, 0.79%, 0, 0, 10, 74.51
AFLfast,xmlcatalog,5,1622504158, 2, 182, 347, 207, 0, 0.79%, 0, 0, 10, 72.03
AFLfast,xmlcatalog,5,1622504185, 2, 183, 347, 206, 0, 0.79%, 0, 0, 10, 72.84
AFLfast,xmlcatalog,5,1622504216, 2, 186, 347, 205, 0, 0.79%, 0, 0, 10, 76.37
AFLfast,xmlcatalog,5,1622504309, 2, 194, 347, 204, 0, 0.79%, 0, 0, 10, 71.60
AFLfast,xmlcatalog,5,1622504401, 2, 195, 347, 203, 0, 0.79%, 0, 0, 10, 86.36
AFLfast,xmlcatalog,5,1622504433, 2, 195, 348, 204, 0, 0.79%, 0, 0, 10, 73.77
AFLfast,xmlcatalog,5,1622504438, 2, 202, 348, 203, 0, 0.79%, 0, 0, 10, 74.45
AFLfast,xmlcatalog,5,1622504639, 2, 206, 348, 202, 0, 0.79%, 0, 0, 10, 72.39
AFLfast,xmlcatalog,5,1622504759, 2, 212, 348, 201, 0, 0.79%, 0, 0, 10, 65.60
AFLfast,xmlcatalog,5,1622504876, 2, 212, 349, 202, 0, 0.79%, 0, 0, 10, 74.72
AFLfast,xmlcatalog,5,1622504881, 2, 213, 349, 201, 0, 0.79%, 0, 0, 10, 73.56
AFLfast,xmlcatalog,5,1622504970, 2, 214, 349, 200, 0, 0.79%, 0, 0, 10, 70.22
AFLfast,xmlcatalog,5,1622504975, 2, 217, 349, 200, 0, 0.79%, 0, 0, 10, 71.05
AFLfast,xmlcatalog,5,1622504980, 2, 220, 349, 200, 0, 0.79%, 0, 0, 10, 72.16
AFLfast,xmlcatalog,5,1622505077, 2, 220, 350, 201, 0, 0.79%, 0, 0, 10, 72.62
AFLfast,xmlcatalog,5,1622505155, 2, 222, 350, 200, 0, 0.79%, 0, 0, 10, 73.79
AFLfast,xmlcatalog,5,1622505212, 2, 224, 350, 199, 0, 0.79%, 0, 0, 10, 72.42
AFLfast,xmlcatalog,5,1622505278, 2, 235, 350, 198, 0, 0.79%, 0, 0, 10, 69.18
AFLfast,xmlcatalog,5,1622505283, 2, 246, 350, 198, 0, 0.79%, 0, 0, 10, 71.41
AFLfast,xmlcatalog,5,1622505372, 2, 246, 351, 199, 0, 0.79%, 0, 0, 10, 73.11
AFLfast,xmlcatalog,5,1622505377, 2, 246, 352, 200, 0, 0.79%, 0, 0, 10, 74.10
AFLfast,xmlcatalog,5,1622505387, 2, 249, 352, 199, 0, 0.79%, 0, 0, 10, 73.91
AFLfast,xmlcatalog,5,1622505465, 2, 249, 353, 200, 0, 0.79%, 0, 0, 10, 73.03
AFLfast,xmlcatalog,5,1622505491, 2, 254, 353, 199, 0, 0.79%, 0, 0, 10, 73.10
AFLfast,xmlcatalog,5,1622505631, 2, 259, 353, 198, 0, 0.79%, 0, 0, 10, 73.48
AFLfast,xmlcatalog,5,1622505724, 2, 259, 354, 199, 0, 0.79%, 0, 0, 10, 70.62
AFLfast,xmlcatalog,5,1622505729, 2, 264, 354, 198, 0, 0.79%, 0, 0, 10, 69.43
AFLfast,xmlcatalog,5,1622505828, 2, 264, 355, 199, 0, 0.79%, 0, 0, 10, 72.88
AFLfast,xmlcatalog,5,1622505838, 2, 272, 355, 198, 0, 0.79%, 0, 0, 10, 71.87
AFLfast,xmlcatalog,5,1622505998, 2, 277, 355, 197, 0, 0.79%, 0, 0, 10, 70.80
AFLfast,xmlcatalog,5,1622506003, 2, 278, 355, 197, 0, 0.79%, 0, 0, 10, 71.51
AFLfast,xmlcatalog,5,1622506008, 2, 280, 355, 197, 0, 0.79%, 0, 0, 10, 71.64
AFLfast,xmlcatalog,5,1622506013, 2, 282, 355, 197, 0, 0.79%, 0, 0, 10, 71.72
AFLfast,xmlcatalog,5,1622506018, 2, 288, 355, 197, 0, 0.79%, 0, 0, 10, 72.67
AFLfast,xmlcatalog,5,1622506023, 2, 290, 355, 197, 0, 0.79%, 0, 0, 10, 72.01
AFLfast,xmlcatalog,5,1622506029, 2, 291, 355, 197, 0, 0.79%, 0, 0, 10, 72.10
AFLfast,xmlcatalog,5,1622506034, 2, 293, 355, 197, 0, 0.79%, 0, 0, 10, 71.63
AFLfast,xmlcatalog,5,1622506039, 2, 296, 355, 197, 0, 0.79%, 0, 0, 10, 73.06
AFLfast,xmlcatalog,5,1622506230, 2, 299, 355, 196, 0, 0.79%, 0, 0, 10, 71.66
AFLfast,xmlcatalog,5,1622506358, 2, 303, 355, 195, 0, 0.79%, 0, 0, 10, 68.66
AFLfast,xmlcatalog,5,1622506363, 2, 304, 355, 195, 0, 0.79%, 0, 0, 10, 64.17
AFLfast,xmlcatalog,5,1622506368, 2, 304, 356, 196, 0, 0.79%, 0, 0, 10, 70.48
AFLfast,xmlcatalog,5,1622506374, 2, 304, 357, 197, 0, 0.79%, 0, 0, 10, 68.67
AFLfast,xmlcatalog,5,1622506379, 2, 306, 357, 197, 0, 0.79%, 0, 0, 10, 67.39
AFLfast,xmlcatalog,5,1622506606, 2, 306, 358, 198, 0, 0.79%, 0, 0, 10, 72.22
AFLfast,xmlcatalog,5,1622506622, 2, 306, 359, 199, 0, 0.79%, 0, 0, 10, 70.73
AFLfast,xmlcatalog,5,1622506632, 2, 306, 360, 200, 0, 0.79%, 0, 0, 10, 71.80
AFLfast,xmlcatalog,5,1622506647, 2, 306, 361, 201, 0, 0.79%, 0, 0, 10, 71.49
AFLfast,xmlcatalog,5,1622506652, 2, 358, 361, 200, 1, 0.79%, 0, 0, 10, 71.25
AFLfast,xmlcatalog,5,1622506833, 2, 358, 362, 201, 1, 0.79%, 0, 0, 10, 72.07
AFLfast,xmlcatalog,5,1622506911, 2, 360, 363, 201, 0, 0.79%, 0, 0, 10, 69.92
AFLfast,xmlcatalog,5,1622507598, 2, 360, 364, 202, 0, 0.79%, 0, 0, 10, 68.34
AFLfast,xmlcatalog,5,1622507603, 2, 360, 365, 203, 0, 0.79%, 0, 0, 10, 67.69
AFLfast,xmlcatalog,5,1622507644, 2, 364, 365, 202, 0, 0.79%, 0, 0, 10, 69.67
AFLfast,xmlcatalog,5,1622508197, 2, 364, 368, 205, 0, 0.79%, 0, 0, 11, 68.85
AFLfast,xmlcatalog,5,1622508233, 2, 364, 369, 206, 0, 0.79%, 0, 0, 11, 67.71
AFLfast,xmlcatalog,5,1622508285, 2, 367, 369, 205, 0, 0.79%, 0, 0, 11, 69.01
AFLfast,xmlcatalog,5,1622509206, 2, 367, 370, 206, 0, 0.79%, 0, 0, 12, 69.47
AFLfast,xmlcatalog,5,1622509211, 2, 367, 372, 208, 0, 0.79%, 0, 0, 12, 69.77
AFLfast,xmlcatalog,5,1622509247, 2, 367, 373, 209, 0, 0.79%, 0, 0, 12, 69.17
AFLfast,xmlcatalog,5,1622509253, 2, 367, 374, 210, 0, 0.79%, 0, 0, 12, 70.65
AFLfast,xmlcatalog,5,1622509279, 2, 370, 374, 209, 0, 0.79%, 0, 0, 12, 68.43
AFLfast,xmlcatalog,5,1622510606, 2, 370, 375, 210, 0, 0.79%, 0, 0, 13, 65.66
AFLfast,xmlcatalog,5,1622510621, 2, 370, 376, 211, 0, 0.79%, 0, 0, 13, 68.09
AFLfast,xmlcatalog,5,1622510642, 2, 370, 377, 212, 0, 0.79%, 0, 0, 13, 69.76
AFLfast,xmlcatalog,5,1622510663, 2, 371, 377, 211, 0, 0.79%, 0, 0, 13, 65.75
AFLfast,xmlcatalog,5,1622512026, 2, 374, 377, 210, 0, 0.79%, 0, 0, 13, 67.53
AFLfast,xmlcatalog,5,1622513948, 2, 374, 378, 211, 0, 0.79%, 0, 0, 14, 66.44
AFLfast,xmlcatalog,5,1622513963, 2, 374, 379, 212, 0, 0.79%, 0, 0, 14, 67.54
AFLfast,xmlcatalog,5,1622513968, 2, 374, 380, 213, 0, 0.79%, 0, 0, 14, 68.64
AFLfast,xmlcatalog,5,1622513974, 2, 374, 381, 214, 0, 0.79%, 0, 0, 14, 68.65
AFLfast,xmlcatalog,5,1622514000, 2, 376, 381, 213, 0, 0.79%, 0, 0, 14, 67.30
AFLfast,xmlcatalog,5,1622515792, 2, 377, 381, 212, 0, 0.79%, 0, 0, 14, 67.49
AFLfast,xmlcatalog,5,1622519757, 2, 377, 382, 213, 0, 0.79%, 0, 0, 15, 8.91
AFLfast,xmlcatalog,5,1622519763, 2, 377, 384, 215, 0, 0.79%, 0, 0, 15, 46.75
AFLfast,xmlcatalog,5,1622519773, 2, 377, 385, 216, 0, 0.79%, 0, 0, 15, 62.19
AFLfast,xmlcatalog,5,1622519783, 2, 377, 386, 217, 0, 0.79%, 0, 0, 15, 66.27
AFLfast,xmlcatalog,5,1622519829, 2, 377, 387, 218, 0, 0.79%, 0, 0, 15, 66.37
AFLfast,xmlcatalog,5,1622519855, 2, 378, 387, 217, 0, 0.79%, 0, 0, 15, 68.81
AFLfast,xmlcatalog,5,1622519871, 2, 378, 388, 218, 0, 0.79%, 0, 0, 15, 61.80
AFLfast,xmlcatalog,5,1622523964, 2, 378, 389, 219, 0, 0.79%, 0, 0, 15, 61.69
AFLfast,xmlcatalog,5,1622524011, 2, 380, 389, 218, 0, 0.79%, 0, 0, 15, 68.29
AFLfast,xmlcatalog,5,1622524569, 2, 380, 390, 219, 0, 0.79%, 0, 0, 15, 71.19
AFLfast,xmlcatalog,5,1622524574, 2, 380, 391, 220, 0, 0.79%, 0, 0, 15, 71.10
AFLfast,xmlcatalog,5,1622524662, 2, 381, 391, 219, 0, 0.79%, 0, 0, 15, 60.40
AFLfast,xmlcatalog,5,1622529280, 2, 381, 392, 220, 0, 0.79%, 0, 0, 16, 103.87
AFLfast,xmlcatalog,5,1622529301, 2, 383, 392, 219, 0, 0.79%, 0, 0, 16, 102.34
AFLfast,xmlcatalog,5,1622530663, 2, 383, 393, 220, 0, 0.79%, 0, 0, 16, 107.23
AFLfast,xmlcatalog,5,1622530684, 2, 384, 393, 219, 0, 0.79%, 0, 0, 16, 81.41
AFLfast,xmlcatalog,5,1622531022, 2, 384, 394, 220, 0, 0.79%, 0, 0, 16, 54.93
AFLfast,xmlcatalog,5,1622538935, 2, 384, 395, 221, 0, 0.79%, 0, 0, 16, 67.02
AFLfast,xmlcatalog,5,1622538961, 2, 386, 395, 220, 0, 0.79%, 0, 0, 16, 70.59
AFLfast,xmlcatalog,5,1622539572, 2, 389, 395, 219, 0, 0.79%, 0, 0, 16, 71.78
AFLfast,xmlcatalog,5,1622540439, 2, 389, 396, 220, 0, 0.79%, 0, 0, 16, 72.71
AFLfast,xmlcatalog,5,1622540476, 2, 395, 396, 219, 0, 0.79%, 0, 0, 16, 70.56
AFLfast,xmlcatalog,5,1622542255, 3, 3, 396, 218, 0, 0.79%, 0, 0, 16, 73.52
AFLfast,xmlcatalog,5,1622542270, 3, 5, 396, 217, 0, 0.79%, 0, 0, 16, 76.30
AFLfast,xmlcatalog,5,1622542275, 3, 9, 396, 217, 0, 0.79%, 0, 0, 16, 78.66
AFLfast,xmlcatalog,5,1622542280, 3, 10, 396, 216, 0, 0.79%, 0, 0, 16, 78.38
AFLfast,xmlcatalog,5,1622542291, 3, 18, 396, 215, 0, 0.79%, 0, 0, 16, 80.11
AFLfast,xmlcatalog,5,1622542296, 3, 21, 396, 214, 0, 0.79%, 0, 0, 16, 80.02
AFLfast,xmlcatalog,5,1622542306, 3, 33, 396, 213, 0, 0.79%, 0, 0, 16, 80.32
AFLfast,xmlcatalog,5,1622542316, 3, 43, 396, 212, 0, 0.79%, 0, 0, 16, 77.41
AFLfast,xmlcatalog,5,1622542321, 3, 52, 396, 212, 0, 0.79%, 0, 0, 16, 77.00
AFLfast,xmlcatalog,5,1622542332, 3, 57, 396, 211, 0, 0.79%, 0, 0, 16, 79.51
AFLfast,xmlcatalog,5,1622542342, 3, 67, 396, 210, 0, 0.79%, 0, 0, 16, 77.82
AFLfast,xmlcatalog,5,1622542347, 3, 71, 396, 210, 0, 0.79%, 0, 0, 16, 78.01
AFLfast,xmlcatalog,5,1622542430, 3, 79, 396, 209, 0, 0.79%, 0, 0, 16, 75.86
AFLfast,xmlcatalog,5,1622542435, 3, 94, 396, 209, 0, 0.79%, 0, 0, 16, 76.15
AFLfast,xmlcatalog,5,1622542471, 3, 98, 396, 208, 0, 0.79%, 0, 0, 16, 78.13
AFLfast,xmlcatalog,5,1622542507, 3, 102, 396, 207, 0, 0.79%, 0, 0, 16, 79.03
AFLfast,xmlcatalog,5,1622542595, 3, 110, 396, 206, 0, 0.79%, 0, 0, 16, 78.87
AFLfast,xmlcatalog,5,1622542600, 3, 124, 396, 206, 0, 0.79%, 0, 0, 16, 78.95
AFLfast,xmlcatalog,5,1622542631, 3, 127, 396, 205, 0, 0.79%, 0, 0, 16, 77.40
AFLfast,xmlcatalog,5,1622542636, 3, 140, 396, 205, 0, 0.79%, 0, 0, 16, 76.29
AFLfast,xmlcatalog,5,1622542641, 3, 145, 396, 205, 0, 0.79%, 0, 0, 16, 78.35
AFLfast,xmlcatalog,5,1622542667, 3, 146, 396, 204, 0, 0.79%, 0, 0, 16, 77.82
AFLfast,xmlcatalog,5,1622542672, 3, 172, 396, 204, 0, 0.79%, 0, 0, 16, 77.52
AFLfast,xmlcatalog,5,1622542734, 3, 177, 396, 203, 0, 0.79%, 0, 0, 16, 76.90
AFLfast,xmlcatalog,5,1622542739, 3, 188, 396, 203, 0, 0.79%, 0, 0, 16, 76.83
AFLfast,xmlcatalog,5,1622542780, 3, 190, 396, 202, 0, 0.79%, 0, 0, 16, 78.86
AFLfast,xmlcatalog,5,1622542832, 3, 197, 396, 201, 0, 0.79%, 0, 0, 16, 79.08
AFLfast,xmlcatalog,5,1622542915, 3, 198, 396, 200, 0, 0.79%, 0, 0, 16, 75.70
AFLfast,xmlcatalog,5,1622543003, 3, 205, 396, 199, 0, 0.79%, 0, 0, 16, 77.29
AFLfast,xmlcatalog,5,1622543153, 3, 208, 396, 198, 0, 0.79%, 0, 0, 16, 77.59
AFLfast,xmlcatalog,5,1622543346, 3, 208, 397, 199, 0, 0.79%, 0, 0, 16, 76.83
AFLfast,xmlcatalog,5,1622543377, 3, 210, 397, 198, 0, 0.79%, 0, 0, 16, 78.27
AFLfast,xmlcatalog,5,1622543428, 3, 214, 397, 197, 0, 0.79%, 0, 0, 16, 77.17
AFLfast,xmlcatalog,5,1622543433, 3, 217, 397, 197, 0, 0.79%, 0, 0, 16, 76.97
AFLfast,xmlcatalog,5,1622543438, 3, 228, 397, 197, 0, 0.79%, 0, 0, 16, 77.95
AFLfast,xmlcatalog,5,1622543475, 3, 229, 397, 196, 0, 0.79%, 0, 0, 16, 77.25
AFLfast,xmlcatalog,5,1622543526, 3, 231, 397, 195, 0, 0.79%, 0, 0, 16, 76.47
AFLfast,xmlcatalog,5,1622543563, 3, 235, 397, 194, 0, 0.79%, 0, 0, 16, 76.79
AFLfast,xmlcatalog,5,1622543568, 3, 240, 397, 194, 0, 0.79%, 0, 0, 16, 76.61
AFLfast,xmlcatalog,5,1622543614, 3, 245, 397, 193, 0, 0.79%, 0, 0, 16, 77.22
AFLfast,xmlcatalog,5,1622543697, 3, 248, 397, 192, 0, 0.79%, 0, 0, 16, 75.71
AFLfast,xmlcatalog,5,1622543796, 3, 252, 397, 191, 0, 0.79%, 0, 0, 16, 76.35
AFLfast,xmlcatalog,5,1622543904, 3, 252, 398, 192, 0, 0.79%, 0, 0, 16, 75.53
AFLfast,xmlcatalog,5,1622543925, 3, 267, 398, 191, 0, 0.79%, 0, 0, 16, 72.45
AFLfast,xmlcatalog,5,1622544007, 3, 270, 398, 190, 0, 0.79%, 0, 0, 16, 77.34
AFLfast,xmlcatalog,5,1622544152, 3, 271, 398, 189, 0, 0.79%, 0, 0, 16, 76.21
AFLfast,xmlcatalog,5,1622544157, 3, 277, 398, 189, 0, 0.79%, 0, 0, 16, 76.78
AFLfast,xmlcatalog,5,1622544163, 3, 278, 398, 189, 0, 0.79%, 0, 0, 16, 76.29
AFLfast,xmlcatalog,5,1622544168, 3, 282, 398, 189, 0, 0.79%, 0, 0, 16, 76.32
AFLfast,xmlcatalog,5,1622544173, 3, 286, 398, 189, 0, 0.79%, 0, 0, 16, 75.91
AFLfast,xmlcatalog,5,1622544178, 3, 288, 398, 189, 0, 0.79%, 0, 0, 16, 76.35
AFLfast,xmlcatalog,5,1622544183, 3, 291, 398, 189, 0, 0.79%, 0, 0, 16, 76.47
AFLfast,xmlcatalog,5,1622544188, 3, 292, 398, 189, 0, 0.79%, 0, 0, 16, 76.56
AFLfast,xmlcatalog,5,1622544193, 3, 294, 398, 189, 0, 0.79%, 0, 0, 16, 76.44
AFLfast,xmlcatalog,5,1622544199, 3, 300, 398, 189, 0, 0.79%, 0, 0, 16, 77.54
AFLfast,xmlcatalog,5,1622544302, 3, 303, 398, 188, 0, 0.79%, 0, 0, 16, 75.42
AFLfast,xmlcatalog,5,1622544308, 3, 304, 398, 188, 0, 0.79%, 0, 0, 16, 75.01
AFLfast,xmlcatalog,5,1622544313, 3, 305, 398, 188, 0, 0.79%, 0, 0, 16, 75.01
AFLfast,xmlcatalog,5,1622544364, 3, 307, 398, 187, 0, 0.79%, 0, 0, 16, 74.59
AFLfast,xmlcatalog,5,1622544369, 3, 310, 398, 187, 0, 0.79%, 0, 0, 16, 74.99
AFLfast,xmlcatalog,5,1622544592, 3, 314, 398, 186, 0, 0.79%, 0, 0, 16, 77.07
AFLfast,xmlcatalog,5,1622544809, 3, 318, 398, 185, 0, 0.79%, 0, 0, 16, 76.20
AFLfast,xmlcatalog,5,1622544814, 3, 321, 398, 185, 0, 0.79%, 0, 0, 16, 75.84
AFLfast,xmlcatalog,5,1622545020, 3, 322, 398, 184, 0, 0.79%, 0, 0, 16, 75.59
AFLfast,xmlcatalog,5,1622545202, 3, 323, 398, 183, 0, 0.79%, 0, 0, 16, 74.81
AFLfast,xmlcatalog,5,1622545207, 3, 324, 398, 183, 0, 0.79%, 0, 0, 16, 75.90
AFLfast,xmlcatalog,5,1622545377, 3, 324, 399, 184, 0, 0.79%, 0, 0, 16, 75.64
AFLfast,xmlcatalog,5,1622545382, 3, 324, 401, 186, 0, 0.79%, 0, 0, 16, 74.36
AFLfast,xmlcatalog,5,1622545398, 3, 324, 402, 187, 0, 0.79%, 0, 0, 16, 74.73
AFLfast,xmlcatalog,5,1622545403, 3, 324, 403, 188, 0, 0.79%, 0, 0, 16, 75.86
AFLfast,xmlcatalog,5,1622545439, 3, 325, 403, 187, 0, 0.79%, 0, 0, 16, 76.86
AFLfast,xmlcatalog,5,1622545552, 3, 325, 404, 188, 0, 0.79%, 0, 0, 16, 72.31
AFLfast,xmlcatalog,5,1622545608, 3, 329, 404, 187, 0, 0.79%, 0, 0, 16, 75.55
AFLfast,xmlcatalog,5,1622545845, 3, 329, 405, 188, 0, 0.79%, 0, 0, 16, 74.10
AFLfast,xmlcatalog,5,1622545856, 3, 333, 405, 187, 0, 0.79%, 0, 0, 16, 74.55
AFLfast,xmlcatalog,5,1622546244, 3, 342, 405, 186, 0, 0.79%, 0, 0, 16, 75.29
AFLfast,xmlcatalog,5,1622546625, 3, 342, 406, 187, 0, 0.79%, 0, 0, 16, 73.46
AFLfast,xmlcatalog,5,1622546640, 3, 342, 407, 188, 0, 0.79%, 0, 0, 16, 73.74
AFLfast,xmlcatalog,5,1622546646, 3, 342, 408, 189, 0, 0.79%, 0, 0, 16, 73.89
AFLfast,xmlcatalog,5,1622546672, 3, 345, 408, 188, 0, 0.79%, 0, 0, 16, 75.00
AFLfast,xmlcatalog,5,1622547767, 3, 345, 409, 189, 0, 0.79%, 0, 0, 16, 75.65
AFLfast,xmlcatalog,5,1622547788, 3, 346, 409, 188, 0, 0.79%, 0, 0, 16, 75.62
AFLfast,xmlcatalog,5,1622547865, 3, 355, 409, 187, 0, 0.79%, 0, 0, 16, 69.66
AFLfast,xmlcatalog,5,1622548330, 3, 355, 410, 188, 0, 0.79%, 0, 0, 16, 74.88
AFLfast,xmlcatalog,5,1622548398, 3, 357, 410, 187, 0, 0.79%, 0, 0, 16, 74.71
AFLfast,xmlcatalog,5,1622548626, 3, 358, 410, 186, 0, 0.79%, 0, 0, 16, 76.96
AFLfast,xmlcatalog,5,1622548636, 3, 359, 410, 186, 0, 0.79%, 0, 0, 16, 75.07
AFLfast,xmlcatalog,5,1622548859, 3, 359, 411, 187, 0, 0.79%, 0, 0, 16, 76.22
AFLfast,xmlcatalog,5,1622548879, 3, 365, 411, 186, 0, 0.79%, 0, 0, 16, 75.76
AFLfast,xmlcatalog,5,1622549732, 3, 375, 411, 185, 0, 0.79%, 0, 0, 16, 73.80
AFLfast,xmlcatalog,5,1622551421, 3, 381, 411, 184, 0, 0.79%, 0, 0, 16, 72.06
AFLfast,xmlcatalog,5,1622551426, 3, 385, 411, 184, 0, 0.79%, 0, 0, 16, 68.27
AFLfast,xmlcatalog,5,1622560619, 3, 398, 411, 183, 0, 0.79%, 0, 0, 16, 70.43
AFLfast,xmlcatalog,5,1622560944, 3, 398, 413, 185, 0, 0.79%, 0, 0, 16, 75.23
AFLfast,xmlcatalog,5,1622561001, 3, 399, 413, 184, 0, 0.79%, 0, 0, 16, 73.40
AFLfast,xmlcatalog,5,1622561196, 3, 400, 413, 183, 0, 0.79%, 0, 0, 16, 75.67
AFLfast,xmlcatalog,5,1622561523, 3, 401, 413, 182, 0, 0.79%, 0, 0, 16, 75.79
AFLfast,xmlcatalog,5,1622561873, 3, 403, 413, 181, 0, 0.79%, 0, 0, 16, 74.95
AFLfast,xmlcatalog,5,1622562228, 3, 403, 414, 182, 0, 0.79%, 0, 0, 16, 73.65
AFLfast,xmlcatalog,5,1622562259, 3, 403, 415, 183, 0, 0.79%, 0, 0, 16, 73.68
AFLfast,xmlcatalog,5,1622562295, 3, 405, 415, 182, 0, 0.79%, 0, 0, 16, 66.80
AFLfast,xmlcatalog,5,1622563031, 3, 405, 416, 183, 0, 0.79%, 0, 0, 16, 72.61
AFLfast,xmlcatalog,5,1622563041, 3, 405, 417, 184, 0, 0.79%, 0, 0, 16, 73.70
AFLfast,xmlcatalog,5,1622563120, 3, 406, 417, 183, 0, 0.79%, 0, 0, 16, 71.85
AFLfast,xmlcatalog,5,1622564123, 3, 406, 418, 184, 0, 0.79%, 0, 0, 16, 72.45
AFLfast,xmlcatalog,5,1622564128, 3, 406, 419, 185, 0, 0.79%, 0, 0, 16, 73.28
AFLfast,xmlcatalog,5,1622564144, 3, 406, 420, 186, 0, 0.79%, 0, 0, 16, 73.37
AFLfast,xmlcatalog,5,1622564185, 3, 414, 420, 185, 0, 0.79%, 0, 0, 16, 74.59
AFLfast,xmlcatalog,5,1622564854, 3, 414, 421, 186, 0, 0.79%, 0, 0, 16, 73.30
AFLfast,xmlcatalog,5,1622564859, 3, 414, 422, 187, 0, 0.79%, 0, 0, 16, 73.49
AFLfast,xmlcatalog,5,1622564895, 3, 418, 422, 186, 0, 0.79%, 0, 0, 16, 69.96
AFLfast,xmlcatalog,5,1622566944, 3, 418, 423, 187, 0, 0.79%, 0, 0, 16, 69.68
AFLfast,xmlcatalog,5,1622566970, 3, 419, 423, 186, 0, 0.79%, 0, 0, 16, 65.84
AFLfast,xmlcatalog,5,1622570270, 3, 419, 424, 187, 0, 0.79%, 0, 0, 16, 63.35
AFLfast,xmlcatalog,5,1622570306, 3, 421, 424, 186, 0, 0.79%, 0, 0, 16, 69.50
AFLfast,xmlcatalog,5,1622571611, 3, 421, 425, 187, 0, 0.79%, 0, 0, 16, 68.08
AFLfast,xmlcatalog,5,1622571663, 3, 421, 426, 188, 0, 0.79%, 0, 0, 16, 71.88
AFLfast,xmlcatalog,5,1622571678, 4, 29, 426, 187, 0, 0.79%, 0, 0, 16, 75.53
AFLfast,xmlcatalog,5,1622571694, 4, 42, 426, 186, 0, 0.79%, 0, 0, 16, 67.58
AFLfast,xmlcatalog,5,1622571699, 4, 44, 426, 186, 0, 0.79%, 0, 0, 16, 67.75
AFLfast,xmlcatalog,5,1622571704, 4, 56, 426, 186, 0, 0.79%, 0, 0, 16, 64.37
AFLfast,xmlcatalog,5,1622571720, 4, 59, 426, 185, 0, 0.79%, 0, 0, 16, 74.69
AFLfast,xmlcatalog,5,1622571725, 4, 60, 426, 185, 0, 0.79%, 0, 0, 16, 76.55
AFLfast,xmlcatalog,5,1622571735, 4, 67, 426, 184, 0, 0.79%, 0, 0, 16, 75.97
AFLfast,xmlcatalog,5,1622571741, 4, 76, 426, 184, 0, 0.79%, 0, 0, 16, 75.32
AFLfast,xmlcatalog,5,1622571777, 4, 86, 426, 183, 0, 0.79%, 0, 0, 16, 76.73
AFLfast,xmlcatalog,5,1622571782, 4, 113, 426, 183, 0, 0.79%, 0, 0, 16, 76.46
AFLfast,xmlcatalog,5,1622571787, 4, 122, 426, 183, 0, 0.79%, 0, 0, 16, 77.04
AFLfast,xmlcatalog,5,1622571803, 4, 131, 426, 182, 0, 0.79%, 0, 0, 16, 76.70
AFLfast,xmlcatalog,5,1622571850, 4, 136, 426, 181, 0, 0.79%, 0, 0, 16, 76.86
AFLfast,xmlcatalog,5,1622571865, 4, 139, 426, 180, 0, 0.79%, 0, 0, 16, 76.04
AFLfast,xmlcatalog,5,1622571953, 4, 142, 426, 179, 0, 0.79%, 0, 0, 16, 77.28
AFLfast,xmlcatalog,5,1622572005, 4, 158, 426, 178, 0, 0.79%, 0, 0, 16, 75.65
AFLfast,xmlcatalog,5,1622572041, 4, 167, 426, 177, 0, 0.79%, 0, 0, 16, 77.08
AFLfast,xmlcatalog,5,1622572051, 4, 170, 426, 176, 0, 0.79%, 0, 0, 16, 76.26
AFLfast,xmlcatalog,5,1622572118, 4, 173, 426, 175, 0, 0.79%, 0, 0, 16, 76.96
AFLfast,xmlcatalog,5,1622572124, 4, 176, 426, 175, 0, 0.79%, 0, 0, 16, 76.84
AFLfast,xmlcatalog,5,1622572181, 4, 177, 426, 174, 0, 0.79%, 0, 0, 16, 77.17
AFLfast,xmlcatalog,5,1622572186, 4, 198, 426, 174, 0, 0.79%, 0, 0, 16, 76.61
AFLfast,xmlcatalog,5,1622572191, 4, 199, 426, 174, 0, 0.79%, 0, 0, 16, 76.38
AFLfast,xmlcatalog,5,1622572269, 4, 203, 426, 173, 0, 0.79%, 0, 0, 16, 76.23
AFLfast,xmlcatalog,5,1622572341, 4, 214, 426, 172, 0, 0.79%, 0, 0, 16, 76.36
AFLfast,xmlcatalog,5,1622572347, 4, 225, 426, 172, 0, 0.79%, 0, 0, 16, 76.20
AFLfast,xmlcatalog,5,1622572455, 4, 226, 426, 171, 0, 0.79%, 0, 0, 16, 75.85
AFLfast,xmlcatalog,5,1622572537, 4, 234, 426, 170, 0, 0.79%, 0, 0, 16, 75.37
AFLfast,xmlcatalog,5,1622572702, 4, 239, 426, 169, 0, 0.79%, 0, 0, 16, 76.97
AFLfast,xmlcatalog,5,1622572707, 4, 239, 427, 170, 0, 0.79%, 0, 0, 16, 77.23
AFLfast,xmlcatalog,5,1622572805, 4, 239, 428, 171, 0, 0.79%, 0, 0, 16, 78.42
AFLfast,xmlcatalog,5,1622572811, 4, 306, 428, 170, 1, 0.79%, 0, 0, 16, 76.23
AFLfast,xmlcatalog,5,1622572821, 4, 366, 428, 170, 1, 0.79%, 0, 0, 16, 75.24
AFLfast,xmlcatalog,5,1622573901, 4, 427, 428, 169, 1, 0.79%, 0, 0, 16, 74.66
AFLfast,xmlcatalog,5,1622574114, 4, 427, 429, 170, 1, 0.79%, 0, 0, 16, 75.74
AFLfast,xmlcatalog,5,1622574192, 5, 1, 429, 169, 0, 0.79%, 0, 0, 16, 76.08
AFLfast,xmlcatalog,5,1622574202, 5, 11, 429, 168, 0, 0.79%, 0, 0, 16, 77.61
AFLfast,xmlcatalog,5,1622574212, 5, 12, 429, 167, 0, 0.79%, 0, 0, 16, 78.40
AFLfast,xmlcatalog,5,1622574228, 5, 15, 429, 166, 0, 0.79%, 0, 0, 16, 77.16
AFLfast,xmlcatalog,5,1622574243, 5, 43, 429, 165, 0, 0.79%, 0, 0, 16, 76.44
AFLfast,xmlcatalog,5,1622574248, 5, 49, 429, 165, 0, 0.79%, 0, 0, 16, 76.59
AFLfast,xmlcatalog,5,1622574259, 5, 62, 429, 164, 0, 0.79%, 0, 0, 16, 76.71
AFLfast,xmlcatalog,5,1622574264, 5, 73, 429, 164, 0, 0.79%, 0, 0, 16, 76.43
AFLfast,xmlcatalog,5,1622574279, 5, 84, 429, 163, 0, 0.79%, 0, 0, 16, 77.13
AFLfast,xmlcatalog,5,1622574362, 5, 89, 429, 162, 0, 0.79%, 0, 0, 16, 75.60
AFLfast,xmlcatalog,5,1622574367, 5, 109, 429, 162, 0, 0.79%, 0, 0, 16, 76.25
AFLfast,xmlcatalog,5,1622574403, 5, 116, 429, 161, 0, 0.79%, 0, 0, 16, 75.81
AFLfast,xmlcatalog,5,1622574512, 5, 127, 429, 160, 0, 0.79%, 0, 0, 16, 75.65
AFLfast,xmlcatalog,5,1622574517, 5, 135, 429, 160, 0, 0.79%, 0, 0, 16, 76.21
AFLfast,xmlcatalog,5,1622574543, 5, 146, 429, 159, 0, 0.79%, 0, 0, 16, 78.40
AFLfast,xmlcatalog,5,1622574548, 5, 156, 429, 159, 0, 0.79%, 0, 0, 16, 78.56
AFLfast,xmlcatalog,5,1622574616, 5, 166, 429, 158, 0, 0.79%, 0, 0, 16, 77.19
AFLfast,xmlcatalog,5,1622574677, 5, 174, 429, 157, 0, 0.79%, 0, 0, 16, 80.01
AFLfast,xmlcatalog,5,1622574781, 5, 184, 429, 156, 0, 0.79%, 0, 0, 16, 76.70
AFLfast,xmlcatalog,5,1622574807, 5, 192, 429, 155, 0, 0.79%, 0, 0, 16, 77.02
AFLfast,xmlcatalog,5,1622574864, 5, 193, 429, 154, 0, 0.79%, 0, 0, 16, 75.97
AFLfast,xmlcatalog,5,1622574927, 5, 206, 429, 153, 0, 0.79%, 0, 0, 16, 77.21
AFLfast,xmlcatalog,5,1622574932, 5, 209, 429, 153, 0, 0.79%, 0, 0, 16, 77.36
AFLfast,xmlcatalog,5,1622575046, 5, 217, 429, 152, 0, 0.79%, 0, 0, 16, 75.37
AFLfast,xmlcatalog,5,1622575051, 5, 233, 429, 152, 0, 0.79%, 0, 0, 16, 76.10
AFLfast,xmlcatalog,5,1622575112, 5, 257, 429, 151, 0, 0.79%, 0, 0, 16, 76.82
AFLfast,xmlcatalog,5,1622575200, 5, 277, 429, 150, 0, 0.79%, 0, 0, 16, 76.74
AFLfast,xmlcatalog,5,1622575205, 5, 278, 429, 150, 0, 0.79%, 0, 0, 16, 75.19
AFLfast,xmlcatalog,5,1622575210, 5, 280, 429, 150, 0, 0.79%, 0, 0, 16, 74.89
AFLfast,xmlcatalog,5,1622575216, 5, 282, 429, 150, 0, 0.79%, 0, 0, 16, 75.53
AFLfast,xmlcatalog,5,1622575221, 5, 285, 429, 150, 0, 0.79%, 0, 0, 16, 76.94
AFLfast,xmlcatalog,5,1622575421, 5, 288, 429, 149, 0, 0.79%, 0, 0, 16, 77.43
AFLfast,xmlcatalog,5,1622575426, 5, 289, 429, 149, 0, 0.79%, 0, 0, 16, 78.14
AFLfast,xmlcatalog,5,1622575555, 5, 290, 429, 148, 0, 0.79%, 0, 0, 16, 76.56
AFLfast,xmlcatalog,5,1622575560, 5, 291, 429, 148, 0, 0.79%, 0, 0, 16, 75.68
AFLfast,xmlcatalog,5,1622575565, 5, 293, 429, 148, 0, 0.79%, 0, 0, 16, 76.53
AFLfast,xmlcatalog,5,1622575571, 5, 303, 429, 148, 0, 0.79%, 0, 0, 16, 76.46
AFLfast,xmlcatalog,5,1622575576, 5, 304, 429, 148, 0, 0.79%, 0, 0, 16, 76.93
AFLfast,xmlcatalog,5,1622575581, 5, 307, 429, 148, 0, 0.79%, 0, 0, 16, 76.41
AFLfast,xmlcatalog,5,1622575586, 5, 313, 429, 148, 0, 0.79%, 0, 0, 16, 75.69
AFLfast,xmlcatalog,5,1622575808, 5, 315, 429, 147, 0, 0.79%, 0, 0, 16, 75.76
AFLfast,xmlcatalog,5,1622576025, 5, 318, 429, 146, 0, 0.79%, 0, 0, 16, 76.32
AFLfast,xmlcatalog,5,1622576030, 5, 321, 429, 146, 0, 0.79%, 0, 0, 16, 76.56
AFLfast,xmlcatalog,5,1622576036, 5, 326, 429, 146, 0, 0.79%, 0, 0, 16, 77.26
AFLfast,xmlcatalog,5,1622576295, 5, 331, 429, 145, 0, 0.79%, 0, 0, 16, 74.94
AFLfast,xmlcatalog,5,1622576300, 5, 335, 429, 145, 0, 0.79%, 0, 0, 16, 76.32
AFLfast,xmlcatalog,5,1622576512, 5, 336, 429, 144, 0, 0.79%, 0, 0, 16, 76.42
AFLfast,xmlcatalog,5,1622576819, 5, 340, 429, 143, 0, 0.79%, 0, 0, 16, 77.68
